Unnamed: 0	description	S210421121682	S210421121683	S210421121684	S210421121688	S210421121689	S210421121690	S210421121694	S210421121695	S210421121696	S210421121697	S210421121698	S210421121699	S210421121700	S210421121701	S210421121702
K00001	E1.1.1.1, adh; alcohol dehydrogenase [EC:1.1.1.1]	24045.10832226222	36654.79702803562	98683.29374954604	26551.532106120623	8532.92248397924	8661.380253873755	18894.03593277614	51662.88108998303	24320.862944223278	10177.653496517423	1121.434811978397	5702.152777602269	2752.8818092079937	4327.893262865209	1094.0364110501755
K00002	AKR1A1, adh; alcohol dehydrogenase (NADP+) [EC:1.1.1.2]	406.7002693092202	1134.5369660491756	605.0243751101648	1264.9770587991245	472.9959756550904	556.5483848694209	1377.279177511045	956.7879085097914	1064.698252987666	689.7853673155553	106.09040545467109	343.6380240056808	332.65010147443263	136.13955665259627	39.515720668094026
K00003	E1.1.1.3; homoserine dehydrogenase [EC:1.1.1.3]	38909.9288936038	46757.42524758894	47033.49121565662	42024.69053986714	203006.9246635678	95378.5556196435	21326.30730433667	54444.24302005205	17050.359153982943	10447.410552055391	13629.923079962316	7654.487878375322	6640.100715528745	102728.07238918684	1173.0498629062745
K00004	BDH, butB; (R,R)-butanediol dehydrogenase / meso-butanediol dehydrogenase / diacetyl reductase [EC:1.1.1.4 1.1.1.- 1.1.1.303]	3358.935211759653	9411.679729827729	5484.568496334896	13450.051702864655	5220.412780230482	5468.02750723484	14496.790169198714	9039.695892849326	7916.090615907452	5456.296971212563	1079.2963742195798	2751.8550589128035	3025.9092137429025	1919.450133630981	339.9973027088735
K00005	gldA; glycerol dehydrogenase [EC:1.1.1.6]	16590.459399575866	22886.23127275946	9558.93820915229	19633.623955560543	106427.06219303678	50030.23352886767	9344.473690191016	27237.38516960475	9393.71690010495	6229.140561531018	7245.815145502829	2513.1677800867405	3442.252875031003	53361.47343984328	794.9123431465036
K00006	GPD1; glycerol-3-phosphate dehydrogenase (NAD+) [EC:1.1.1.8]	0.0	0.0	0.0	0.0	0.0	0.0	0.0	0.0	0.0	0.0	0.0	0.0	0.0	0.0	1.004900595947534
K00007	dalD; D-arabinitol 4-dehydrogenase [EC:1.1.1.11]	4.000289037365627	13.331311546180686	14.25034385556864	37.50562644485497	221.17318998604867	72.00376949936769	383.253733301436	61.00096646817576	171.5009268342563	76.00122997881033	30.330582558643485	658.0005802400046	50.67101129637722	327.00377497480366	0.0002864041503155
K00008	SORD, gutB; L-iditol 2-dehydrogenase [EC:1.1.1.14]	58218.292506771206	59292.34619902779	46280.50802720805	51681.00396290872	29755.493036301807	31439.59823034219	52732.638937081065	64152.606662909646	44468.112015805455	27765.247572306063	4016.074515389477	12100.401970480469	10136.688547920809	8880.87401270518	2224.3554522330764
K00009	mtlD; mannitol-1-phosphate 5-dehydrogenase [EC:1.1.1.17]	5005.20945398692	16398.93418718075	17704.66590214676	9518.119381578868	50083.79638096284	22017.156745348148	7853.218294196909	15592.003021928704	4847.518727813733	4629.873345093189	3767.446874017825	1319.6729279210365	1034.9144362384982	27361.66242014764	346.33210038879974
K00010	iolG; myo-inositol 2-dehydrogenase / D-chiro-inositol 1-dehydrogenase [EC:1.1.1.18 1.1.1.369]	10252.8025107637	18177.33633918792	23117.888633730498	27510.100826476835	12322.611992326609	14676.724057196949	23900.78795555836	20199.112354664547	13210.133204095406	7524.061977397946	1370.4346315011887	8656.454413021875	5369.226064026119	3474.7329427643726	600.9395435665637
K00011	AKR1B; aldehyde reductase [EC:1.1.1.21]	0.0	1.033845189909776e-21	0.0	0.0	0.0	0.0	0.0	9.814857234239836	0.0	0.0	0.0	0.0	0.0	0.0	1.622277750315767e-05
K00012	UGDH, ugd; UDPglucose 6-dehydrogenase [EC:1.1.1.22]	40940.96764514429	48849.52654650672	154410.5474628343	31169.421228028423	60497.76717590416	31192.2872508075	16740.205057995998	67130.46263461262	28467.124718506355	10659.295892412592	4457.182509710065	6176.413716800802	5938.108794261647	32110.895623470253	1248.1224976671624
K00013	hisD; histidinol dehydrogenase [EC:1.1.1.23]	47478.73032432184	44364.10198115047	72513.42567890983	39191.35166808989	78745.89053716639	43247.74638741976	18947.505160422523	59648.44122056817	27130.72410078909	11951.002071258066	5510.7525263092575	6604.426729416648	6425.106297575958	37568.21144495597	1596.8417811655513
K00014	aroE; shikimate dehydrogenase [EC:1.1.1.25]	69304.17021811249	63923.10364880512	103092.95050653288	48083.9006299416	161649.10494794717	82640.71180205226	22068.75307713623	79354.02106671376	34646.68882896112	14052.863399609349	10669.429277751453	9147.508551061186	7268.836662330388	77776.2226214666	1725.4032353671455
K00015	gyaR, GOR1; glyoxylate reductase [EC:1.1.1.26]	447.0223887508236	281.5091344256976	429.6846076707101	372.3114250324124	484.8644042047772	255.67929982495463	1216.11154521128	369.4086582683774	229.4966115065764	131.7586513579709	70.07314772819879	777.7496065074502	135.4709245948589	639.1555187505821	62.91134323628101
K00016	LDH, ldh; L-lactate dehydrogenase [EC:1.1.1.27]	24644.162473185286	44977.47908824984	57212.67617513667	31540.32550736417	138826.33405840883	68859.48143018135	23867.139563544475	55115.54306039475	13999.552944190858	12905.231086772015	10019.111754837337	5825.776341032726	5758.748891385392	70169.36171723732	937.9200918835533
K00018	hprA; glycerate dehydrogenase [EC:1.1.1.29]	44791.00010357004	32621.28126379559	77770.17655400952	26831.406486744723	79396.1459663749	42869.62491098469	10367.67751455686	53809.19400066492	20006.35944035452	8390.984323174323	4688.198027232091	4639.355624864602	4564.289879569419	35477.68542586063	1194.0055296743892
K00019	E1.1.1.30, bdh; 3-hydroxybutyrate dehydrogenase [EC:1.1.1.30]	1084.1243258158386	553.2817124430254	962.171107348566	1731.3353257777844	1618.790758085656	1018.0749628334588	1557.2707856947718	1159.2063074631176	402.5804571822826	402.3112214428449	143.98351660305096	1324.8832671958153	221.1800161066099	949.6132423704944	112.32000433478798
K00020	mmsB, HIBADH; 3-hydroxyisobutyrate dehydrogenase [EC:1.1.1.31]	3259.0764224087043	4783.343813799758	7522.673927778344	14985.15752127306	64584.74606293346	27839.464228137906	6373.687798349628	6197.974985019096	4401.233149065559	2741.2817975264898	4721.089162988209	4716.971847470448	2154.8289348283765	36549.52987837599	302.687984127016
K00021	HMGCR; hydroxymethylglutaryl-CoA reductase (NADPH) [EC:1.1.1.34]	0.2033289314458681	0.8551588871652812	0.1171150674013879	30.103100853161248	1.017688065162153	1.8880412693986068	12.293398528512974	39.65478785426405	137.81543067923732	484.9643376483962	0.3816039953021288	2.4693384703989043	0.9838104835486676	3.234808376389372	0.8584685851237317
K00022	HADH; 3-hydroxyacyl-CoA dehydrogenase [EC:1.1.1.35]	0.0211985922897382	0.0940219950978155	0.022609312632252	0.4429869481101587	0.2216795903779684	0.268887496993154	0.2849659387144607	0.0613186524725884	0.0575118074028154	0.0819110469298708	0.039563148177105	0.0409738685196188	0.064061818410938	0.2920317066176955	0.0
K00023	phbB; acetoacetyl-CoA reductase [EC:1.1.1.36]	389.0819195126064	135.88061997859114	168.31384380491676	202.5569227291247	653.1405157519833	502.76439639695496	981.1658522904936	314.28797302988465	297.2942749243686	237.90271988695235	66.88969179920579	1212.423538365401	127.09653469982028	791.3602896441122	164.35411823254958
K00024	mdh; malate dehydrogenase [EC:1.1.1.37]	30081.148836008368	19749.330881640577	109839.6273910598	23574.40314544736	4440.139344715144	3857.035246063483	2716.495083577438	44888.3962135336	27044.781868112903	6879.687154769439	227.21093847636743	2995.002432212796	727.2427955127081	1923.0856699990852	1122.7566946207903
K00027	ME2, sfcA, maeA; malate dehydrogenase (oxaloacetate-decarboxylating) [EC:1.1.1.38]	42002.178190470455	46632.78732648717	50485.990497570994	28940.658440280135	89489.58212747115	51005.74288135869	22260.50306232299	55997.40692477045	17355.629208764745	10843.778204487908	5965.495596366287	5631.7757006940665	6016.882377957243	38287.79457477504	1124.847964110245
K00028	E1.1.1.39; malate dehydrogenase (decarboxylating) [EC:1.1.1.39]	4.726710613492801e-12	2.096435254079308e-11	5.041262953784616e-12	9.87740638931318e-11	4.9428530834167454e-11	5.995461248095627e-11	6.353966851174357e-11	1.3672394915938138e-11	1.2823571807814523e-11	1.82639398689292e-11	8.821508043363502e-12	9.136060383655351e-12	1.428404645289613e-11	6.511514294345198e-11	0.0
K00029	E1.1.1.40, maeB; malate dehydrogenase (oxaloacetate-decarboxylating)(NADP+) [EC:1.1.1.40]	20689.921710053728	13598.503163176889	82172.40251922072	16648.690423538705	2693.631999999824	2830.15483224994	2079.506148225189	32438.332695724544	21478.727037412405	4905.112507088967	116.47883520993034	3187.52476047559	603.7691231220728	2229.368511227763	800.855754721942
K00030	IDH3; isocitrate dehydrogenase (NAD+) [EC:1.1.1.41]	4209.990769317433	5284.548799346227	3739.6894117519873	8293.839251602076	12614.814981187606	11689.418199704112	7601.995692211278	9001.440545736707	4675.588830030629	3036.8309436756817	594.0043391349305	1988.4546333938415	1491.9945012626124	1500.7119777056612	187.23761600218
K00031	IDH1, IDH2, icd; isocitrate dehydrogenase [EC:1.1.1.42]	31140.44682769737	30708.14657888827	37671.12736443005	22501.081800856256	72659.17202449462	36909.23746375665	11831.81808163903	34443.902986510446	12270.188738197705	6167.418863851468	4936.374706803669	4716.043407514346	4783.945705032506	36579.37122596133	880.8725653286099
K00032	E1.1.1.43; phosphogluconate 2-dehydrogenase [EC:1.1.1.43]	2.0079122892810525e-11	0.0001138405159734	5.19000297049039	10.380000000419594	27.870007852743097	83.88000000025468	93.61841949915872	5.460000000058081	6.560000000054474	19.157915500795912	3.747387106733088e-11	103.0100000000388	3.2800000000606784	35.8291017663322	0.0
K00033	PGD, gnd, gntZ; 6-phosphogluconate dehydrogenase [EC:1.1.1.44 1.1.1.343]	13302.591874064892	16284.772894325406	50621.08245386135	13244.105740685032	8306.42805824915	7299.955194170056	9624.040678740394	27139.45485843406	10564.387730783454	5906.591625682993	909.260712726677	3281.3557935587687	1951.5664911531328	2923.5221817426764	521.17518789834
K00034	gdh; glucose 1-dehydrogenase [EC:1.1.1.47]	4105.05460231602	5831.60604303004	3732.075191496296	6071.328480379401	2467.6907264325973	2941.021048330251	8620.133523700591	7891.217220802928	5127.315490225743	2862.2251673622827	591.4279177435577	2041.9194804565816	1807.344765835963	1203.0131070553243	304.1461740391178
K00035	gal; D-galactose 1-dehydrogenase [EC:1.1.1.48]	0.0	0.0	0.0	6.0	20.45	7.174951830443158	23.00000000004836	8.0	0.0	2.7886047988697074e-11	1.8	18.15746150019512	8.0	43.191104028234015	0.0
K00036	G6PD, zwf; glucose-6-phosphate 1-dehydrogenase [EC:1.1.1.49 1.1.1.363]	11750.174895034555	14620.646944536702	51278.66135423255	12141.818637550314	8037.0609952703635	6869.8771617478	9280.153146535717	24313.564600476657	10528.179397578811	5484.310237449085	851.3630350148187	3747.1424263172185	1185.402588306606	3028.6056901661327	563.0375457696437
K00038	E1.1.1.53; 3alpha(or 20beta)-hydroxysteroid dehydrogenase [EC:1.1.1.53]	6.857199484338839	5.845900215655204	157.85535309972397	314.46193434121864	275.8162156522236	116.8615464565738	98.64264785067606	8.550897724328108	1.7079006134357422	42.95594228916403	69.40160596768861	28.08436716833941	9.74843762754858	17.542194651539006	0.4949677599588333
K00039	rbtD; ribitol 2-dehydrogenase [EC:1.1.1.56]	3.0922961171139424e-05	0.0001667328393704	6.856421035306446e-05	0.0002326285708407	51.00049081175122	4.200495520831599	258.000263551532	59.00021985126608	152.0002265695541	59.00023262857084	16.8001008371079	631.4000813415151	49.96251624131679	306.5946446630594	0.000779151391608
K00040	uxuB; fructuronate reductase [EC:1.1.1.57]	7991.9868079121825	8646.859157500574	7039.67035167122	7789.238243381894	4164.540181093001	4808.18481684208	8133.509101861073	8788.49648114367	5793.40133575572	3624.897125354174	481.5606037945553	3080.5859896364555	2023.4874118256828	1828.4725552789528	270.11791873325126
K00041	uxaB; tagaturonate reductase [EC:1.1.1.58]	13716.617711796229	10089.873057652718	37269.63048128564	7954.042084347057	3051.870127239088	3134.9756080233237	5506.683383026153	17688.500301190277	10033.594746275105	3867.7658974953706	423.2771204315783	2484.4814841934717	1611.7762727675445	1165.60361324708	393.61293799226246
K00042	garR, glxR; 2-hydroxy-3-oxopropionate reductase [EC:1.1.1.60]	7422.44663505836	7947.443851762949	6002.83596396149	12130.950716870442	62318.29499275377	26983.98530435864	10108.948839217916	9738.245735606177	5925.066724799173	3787.4699555791367	4696.530316249697	4762.294734225972	2388.4237536028368	34818.41567522023	543.5833045445893
K00045	E1.1.1.67, mtlK; mannitol 2-dehydrogenase [EC:1.1.1.67]	427.1497803678922	64.57283462350993	268.57627980333785	10.826717223321358	51.02620165225667	89.57145379487854	102.26144754441847	508.7873433472474	6.874662176030807	21.844908652042395	13.410989278436904	121.06745022975014	11.726792579173614	79.67185248771979	0.1718946311187219
K00046	idnO; gluconate 5-dehydrogenase [EC:1.1.1.69]	25255.023414586984	18994.393933814197	43850.75516354091	15819.565749013918	6717.47393063603	6894.993290625544	11941.563262087517	34120.9138588396	15043.306352119718	7679.71042915782	953.8605739424715	6730.475559541685	6843.858283037651	3504.7623710503703	839.2267335727532
K00048	fucO; lactaldehyde reductase [EC:1.1.1.77]	19574.652956511312	21233.91099691805	43109.085326782006	9917.973501171336	17901.501904448127	15658.36073159086	7353.331023211704	34511.728126210844	8932.626180369109	4943.919063706943	527.0400430862252	1814.070580543336	1341.175993182496	1998.6055454744985	579.9596079452833
K00049	GRHPR; glyoxylate/hydroxypyruvate reductase [EC:1.1.1.79 1.1.1.81]	4.187898151380105e-05	0.0001677740428751	4.244528043620912e-05	0.00077547813765	0.0003952105628868	0.0004718780614648	0.0009107289900753	0.0001076456674032	0.0001031098496837	0.0001433330870877	8.447830263423524e-05	0.0001216898282193	0.0001216890054049	0.0005103269426745	0.0
K00050	ttuD; hydroxypyruvate reductase [EC:1.1.1.81]	5677.912649160476	3756.614452129792	3202.6555028317075	2578.5043886876074	1480.4700148800985	1430.932334599101	2737.179502940665	8578.882092006563	2656.6469849258606	1035.7723279990396	215.64624895009248	2599.88345001246	998.199480048175	1183.992199970562	212.32198936852024
K00051	E1.1.1.82; malate dehydrogenase (NADP+) [EC:1.1.1.82]	0.6914316684030329	2.8880226464197696	4.1469809513607645	0.0068156137566196	1.9952912170556525	0.6545245072053207	21.0643943246217	1.017792940038716	1.6274038848859609	2.644628798124268	0.0006087022159939	0.0006304069750488	3.1098775254360684	0.0044930789168481	0.0
K00052	leuB, IMDH; 3-isopropylmalate dehydrogenase [EC:1.1.1.85]	49025.61108596349	45913.02888929794	77725.91951003732	38797.68059612956	79942.55907895204	44235.444305442245	18443.253411474867	61665.17289351175	28222.22620876617	12098.423973427243	5595.139145155486	6898.803540096173	6385.82633043095	37932.80594701997	1567.170686451879
K00053	ilvC; ketol-acid reductoisomerase [EC:1.1.1.86]	47336.28355351152	43649.99577528687	74112.82456142272	37455.84796390512	78329.32292963896	42658.31386691858	17709.88502052845	58315.78573458551	27311.61438145218	11475.398235739562	5428.767297193114	5892.879521577638	5828.911877526472	36922.09706365135	1438.6244372940791
K00054	mvaA; hydroxymethylglutaryl-CoA reductase [EC:1.1.1.88]	1493.8293959477596	6149.618542425259	17074.295904621096	1656.942232889208	4732.945231135145	3340.6979294705197	2836.4140339925007	10033.99919896688	909.8101016030424	2043.7323006435736	522.1667147629039	1003.9218205363788	210.27327904077708	1685.2559683167542	38.30290309974449
K00055	E1.1.1.90; aryl-alcohol dehydrogenase [EC:1.1.1.90]	1797.8920648328449	2768.277950770492	3002.974110046345	2282.0518078042587	1234.032819098372	1265.5067599150022	1877.289544922582	6715.095502508986	1064.7364285189478	1189.9755580321148	186.8832204039588	338.7768065310284	2266.6940326097683	214.38794870037145	61.54339532887194
K00057	gpsA; glycerol-3-phosphate dehydrogenase (NAD(P)+) [EC:1.1.1.94]	53696.20756558821	52415.91160356577	112816.53142066588	37476.78623791502	91015.92924781587	53151.385638495725	18414.234295882496	78141.49200571765	30623.3855762575	13534.840244034827	5779.064444928965	6416.56766870295	6058.125741056485	39206.29594970125	1514.1792585632434
K00058	serA, PHGDH; D-3-phosphoglycerate dehydrogenase / 2-oxoglutarate reductase [EC:1.1.1.95 1.1.1.399]	82423.21614994749	71055.10471554633	110994.98398568206	60526.00351852969	104638.05069618695	67821.89455786141	38660.748455665205	106705.62106822128	45863.16192478922	23402.363037311647	7114.003484371784	14994.550446242516	11737.286152392482	42528.22963108565	2512.886978695994
K00059	fabG; 3-oxoacyl-[acyl-carrier protein] reductase [EC:1.1.1.100]	134902.79875961214	148193.35057353205	227100.8627962488	107254.04195322451	194056.33252496395	116946.56165042166	68315.26531671236	189496.3231098557	75668.59517124048	36904.98817054532	13835.013745326178	25928.636943658403	25597.8050056704	83927.92681189366	4059.0888118309113
K00060	tdh; threonine 3-dehydrogenase [EC:1.1.1.103]	11249.665139990817	6321.001258184569	7762.060304735253	7571.357672587068	3709.390535969973	4128.045879920404	4904.120549914626	10491.579318755135	6594.1778223302335	3401.448742487877	368.55922879010336	1240.0145852249077	1208.9422603294388	1428.6762482883234	315.9383749343406
K00061	RDH5; 11-cis-retinol dehydrogenase [EC:1.1.1.315]	0.0	3.17701191540868e-18	0.0	0.0	0.0	0.0	0.0	0.0	0.0	0.0	0.0	0.0	0.0	0.0	0.0
K00062	E1.1.1.116; D-arabinose 1-dehydrogenase [EC:1.1.1.116]	0.0	0.0	0.0	0.0	0.0	0.0	0.0	0.0	0.0	0.0	0.0	0.0	0.0	0.0	2.81853156495756e-07
K00064	E1.1.1.122; D-threo-aldose 1-dehydrogenase [EC:1.1.1.122]	202.15560960121448	1009.4536846273946	456.88199561190913	1006.772954719667	506.5231264815927	569.2540418679353	1774.249419735881	544.9931250559507	1032.0230817434438	725.9342316185415	149.94776352985792	264.41852403902163	163.9986754848565	292.9262362316168	91.08890267623674
K00065	kduD; 2-dehydro-3-deoxy-D-gluconate 5-dehydrogenase [EC:1.1.1.127]	9439.545010473972	13050.071861032377	7344.127559784034	14581.84937386031	6331.722472195254	6324.679631842573	15642.324148656173	16026.418326251376	8744.274420754507	6097.148743083813	1186.513309430925	3904.745025658659	4703.911818558467	2672.3083693248827	513.7554281901955
K00066	algD; GDP-mannose 6-dehydrogenase [EC:1.1.1.132]	274.9020307398029	58.080753914896206	1230.2316720412728	2815.521567296362	1976.505508438012	1007.4454766039609	234.46321344317167	356.92544267520685	48.62967959632848	309.56186621912883	103.11254377476187	365.64524166020686	122.89347426762588	77.36294723627356	4.899786746723622
K00067	rfbD, rmlD; dTDP-4-dehydrorhamnose reductase [EC:1.1.1.133]	48057.52266228081	39837.74184986144	121886.77522417504	34832.89682757355	89283.11126476085	45653.805673915806	17137.66188643878	58347.21994870711	28606.29714276691	10802.120997057851	5890.457211952803	6749.680943978657	5197.240081742146	43753.90285032746	1363.8761256063403
K00068	srlD; sorbitol-6-phosphate 2-dehydrogenase [EC:1.1.1.140]	2481.574584812008	10234.218581073485	3694.3249736738567	8066.406946320429	6026.729919488189	5644.985502940106	9384.381498395727	7196.039088176673	5853.340216368157	4857.19854144985	973.6455719087216	1181.2762712622246	1100.3388707748786	1891.369526326643	297.88505711367435
K00069	HPGD; 15-hydroxyprostaglandin dehydrogenase (NAD) [EC:1.1.1.141]	31.244471961133	0.0669199816119718	0.0565782563180026	0.0263645108518046	10.00020274262341	4.16156584221884	57.42964152887416	3.6743527791298334	14.022555723149342	4.584837621162597	0.2956591999774994	49.52461957699591	0.1877406712589678	41.68792281100556	6.642556796551126
K00073	allD; ureidoglycolate dehydrogenase (NAD+) [EC:1.1.1.350]	686.6102432760633	598.7490429257512	309.4139747541864	393.80129285374494	462.3553910176535	409.1753738194347	501.1914292128845	1341.7276664961116	270.3559863882018	198.5898956962436	142.67540898082996	407.4380424855174	296.4381925086976	224.94118947269072	62.88982378248967
K00074	paaH, hbd, fadB, mmgB; 3-hydroxybutyryl-CoA dehydrogenase [EC:1.1.1.157]	40811.50957654073	38940.50573921284	27010.202114336025	29775.688619405573	70879.13642581737	36307.2808002635	17636.907870820512	53930.74093817113	16716.045908677876	9364.492587665378	5450.450638459973	6885.494963380455	11077.638037311644	37291.308937381255	1136.6974047223707
K00075	murB; UDP-N-acetylmuramate dehydrogenase [EC:1.3.1.98]	53943.39464036351	52825.45076996097	111332.73378807392	38397.71241793645	90618.14363737848	52681.84362991371	21710.656370360197	78595.46828146258	29429.44973050952	14058.743412449508	6077.225992564532	6904.517001312239	6355.952255020985	38942.95642745546	1551.6685934710758
K00076	hdhA; 7-alpha-hydroxysteroid dehydrogenase [EC:1.1.1.159]	8618.976553044764	4197.117191414964	2735.782649232297	1746.171461982129	3196.1362032953025	3215.166432107688	1211.8219056656924	5412.002223028012	1697.8357591871754	937.9542683973484	168.81636993028349	646.2488701425623	928.4368699227344	392.4100185050418	138.86940314643618
K00077	panE, apbA; 2-dehydropantoate 2-reductase [EC:1.1.1.169]	26585.805858343752	30454.508257064223	37081.36961275222	26455.275621457877	16673.169996876033	14723.656857236789	13258.546885916672	53269.033654238425	13922.207917083648	8598.11117273174	2040.7049345468024	7212.618535109132	14797.935584699097	6761.75049889757	820.1180647619096
K00078	DHDH; dihydrodiol dehydrogenase / D-xylose 1-dehydrogenase (NADP) [EC:1.3.1.20 1.1.1.179]	66.50207012575504	5.1046981226001495	26.249635526344385	15.123045284903029	3.269379836586237	6.617355605976103	36.94318508412664	32.76779401974924	9.234392990070818	6.181761303047322	9.890243650702836	180.3605920719164	53.8177009932697	0.0072112363909818	0.0
K00079	CBR1; carbonyl reductase 1 [EC:1.1.1.184 1.1.1.189 1.1.1.197]	0.0	2.1466210656814284e-11	0.0	0.0	0.0	0.0	0.0	0.0	0.0	0.0	0.0	0.0	0.0	0.0	0.0
K00081	CBR2; carbonyl reductase 2 [EC:1.1.1.184]	0.0006039358422063	0.0016963210101919	0.0001144881063144	0.0021798224724102	0.0010518235995716	0.0031749743775155	0.0269864502872476	0.0023876008271688	0.0016366412951877	0.0012258076827026	0.0014665396770232	0.0030623499858628	0.0027573718777956	0.0086283102388454	0.0003227311660255
K00082	ribD2; 5-amino-6-(5-phosphoribosylamino)uracil reductase [EC:1.1.1.193]	955.0751504101172	386.5881612434389	3111.694764664769	1578.0393544625913	957.0133018490874	400.632940053395	248.8602105928366	1539.1832267218615	226.932403686754	114.13655654388008	60.32123312538893	130.15094468230956	54.48935755803485	67.03972963861122	1.856550102173634
K00086	dhaT; 1,3-propanediol dehydrogenase [EC:1.1.1.202]	4704.041655550881	3257.714008303551	1702.1940207605417	3426.3800519108054	7658.0429192350175	6906.683923727228	820.9160043554639	13568.214059357142	1183.376669501309	927.122874545699	163.4991904663345	276.5018590878128	2987.9643299164763	187.68812318630688	92.85505920023331
K00087	ygeS, xdhA; xanthine dehydrogenase molybdenum-binding subunit [EC:1.17.1.4]	8419.658447965412	7523.274018890506	3828.954288705563	12341.967104627443	59895.55496255967	25423.627244832263	5783.282675263966	11557.05649012378	2702.385313172512	1430.3490238910963	4354.737736298954	3405.805693429677	2041.886301940867	33146.41986673034	395.154080913946
K00088	IMPDH, guaB; IMP dehydrogenase [EC:1.1.1.205]	55546.29784091905	54635.363516772806	117794.94887744731	44750.13850699517	93584.05011198894	54839.373946511776	22190.621226383977	80882.41292699345	32355.47299871016	14957.470989246607	6176.953095405119	7677.385999817742	6793.790152929186	39487.408213398405	1603.1016444529089
K00090	ghrB; glyoxylate/hydroxypyruvate/2-ketogluconate reductase [EC:1.1.1.79 1.1.1.81 1.1.1.215]	41.426343427354766	97.27287862701836	69.0239522470221	169.34168477291678	484.78154489844127	341.8516056031106	927.8482580639468	221.1581496835248	420.2734677567222	256.8670681069533	80.63411018824787	1488.0251058550475	178.16221663287777	868.7456448495055	17.63132207396203
K00091	E1.1.1.219; dihydroflavonol-4-reductase [EC:1.1.1.219]	5084.346314016818	3740.339677074628	1708.7503113964676	3458.157621817648	9214.761906132935	8315.087614389418	2575.3419362923896	12245.024289426989	1118.403858614104	1319.2116075137342	270.52484639506935	483.2385411060757	2844.914227850508	813.2658624057333	110.09533163199364
K00093	mdh; methanol dehydrogenase [EC:1.1.1.244]	0.0001947118091679	0.0008636041731856	0.0002076694577875	0.004068892354993	0.0020361556799696	0.002469766401778	0.0026174489664204	0.0005632197457026	0.0005282533818693	0.000752363549455	0.0003633926278054	0.000376350276425	0.00058841607928	0.0026823489575517	0.0
K00094	E1.1.1.251, gatD; galactitol-1-phosphate 5-dehydrogenase [EC:1.1.1.251]	35.18974016246694	113.11082569187585	71.6943223643423	138.0083786357561	293.9691799174702	297.59680692081287	208.0660729195636	134.62493175312414	137.7807912588126	141.33790068721535	58.68938705232026	47.48507260923169	140.7840181293493	189.1051597878089	28.144711765832778
K00096	araM, egsA; glycerol-1-phosphate dehydrogenase [NAD(P)+] [EC:1.1.1.261]	7001.616867353843	18537.86227986564	16129.551294716564	8726.363213719062	3646.119423817212	4467.79296041212	11319.250772245416	11777.648562645312	8682.869420046689	6299.421112459831	722.7157023994341	2097.385777454718	1342.2526525909998	2208.195648676169	340.0221397821074
K00097	pdxA; 4-hydroxythreonine-4-phosphate dehydrogenase [EC:1.1.1.262]	23978.3426967751	16957.360038983672	83526.42864371676	22786.306373574276	8460.054563576465	8772.916323064253	9132.171832468672	37011.21351925904	23227.06989325452	8343.812942548313	815.916418655077	4920.516454928364	2955.408382044654	3887.456787900968	1009.4783656971144
K00098	idnD; L-idonate 5-dehydrogenase [EC:1.1.1.264]	112.5440411217748	395.6178652190001	303.510187147657	750.2948774965786	433.5801837769236	540.3405688368689	722.6801596468583	441.47918088028473	301.52349266966746	151.1779573872817	53.19765415645891	443.2001385106396	223.3896613529246	279.79468782484184	25.93885904446189
K00099	dxr; 1-deoxy-D-xylulose-5-phosphate reductoisomerase [EC:1.1.1.267]	53204.7097986204	47911.784386882864	97157.2337833746	40908.51156618108	86686.23771373139	50105.10236091539	19381.063860420305	70429.1419415369	31399.285190328814	12735.46210554528	5619.864955164492	6396.246224041194	6395.399969007685	37881.785704952585	1587.862089269105
K00100	bdhAB; butanol dehydrogenase [EC:1.1.1.-]	46756.60860189046	51012.38316234684	103699.03678997669	49175.164464104426	101442.88366585568	62887.9339965586	23240.44953893545	84215.94520829318	32171.271582639143	15417.268914586311	5591.005851179125	9511.937261104493	5785.410732758663	39863.84965217491	1984.5769316186056
K00101	lldD; L-lactate dehydrogenase (cytochrome) [EC:1.1.2.3]	23.97406518005987	109.69028283329088	559.8770276645369	1430.2552060313033	1523.0619984760551	827.1712571759936	1269.5861236455376	248.298694735506	498.0610578277349	411.6079868333129	138.58779384653732	2298.495236600148	245.8630171855682	1255.1742368682103	66.64785985752103
K00102	LDHD, dld; D-lactate dehydrogenase (cytochrome) [EC:1.1.2.4]	240.69729551549523	109.15132313199456	206.7174208030127	153.80305093310878	522.1598298090015	267.452577130669	1343.7859543231373	423.52364439941886	730.5662101283896	349.6556258877156	90.21555947567764	2683.458722484129	222.32708996354677	1333.5681329742836	28.96956654173657
K00103	GULO; L-gulonolactone oxidase [EC:1.1.3.8]	0.0043981907951182	0.9468615355966388	517.2677599582253	1251.9928680810335	930.3282517353704	380.51042257463257	46.5999905394722	0.0163450475877115	0.0119219067758186	106.52073007068158	49.58012771409843	93.79921731698792	38.19856327465844	5.422333973368884	0.0019292718451795
K00104	glcD; glycolate oxidase [EC:1.1.3.15]	4707.66295984643	9665.085046409496	9353.097010379566	10171.42549498592	8152.297188280508	7308.823600626403	4547.0128669860405	9935.991465662168	5415.056386140811	3591.725963392243	780.8362164386899	2050.227794712079	2639.8096441954704	2779.166591567271	320.2847243846646
K00105	E1.1.3.21; alpha-glycerophosphate oxidase [EC:1.1.3.21]	215.01952996985935	445.56109498985086	604.6185120026752	3.010776755379437e-07	22.25252450086378	1.8275035623799684e-07	21.558065139495508	590.0914668775773	3.9088107138813013e-08	5.567113820335926e-08	16.317014220097892	39.36000002784804	4.3539845722729425e-08	6.500000198480402	0.0
K00106	XDH; xanthine dehydrogenase/oxidase [EC:1.17.1.4 1.17.3.2]	0.1322162028104342	0.3868777586030944	0.025064223094541	0.4772160053459022	0.2302696952936362	0.6950788922908585	5.907988456742287	0.5227037263462513	0.358300472152723	0.2683590306922717	0.3210611025477203	0.6704226815355132	0.6036555771993052	1.8889463694151931	0.4005110032171266
K00107	ALO; D-arabinono-1,4-lactone oxidase [EC:1.1.3.37]	0.0	0.0	0.0	0.0	0.0	0.0	0.0	0.0	0.0	0.0	0.0	0.0	0.0	0.0	0.0001003855936353
K00108	betA, CHDH; choline dehydrogenase [EC:1.1.99.1]	175.25061568221136	151.91389990623108	839.9477166346394	1898.167322368608	2238.1234168704245	1167.4191120010714	1693.9688051715384	313.53912639948464	663.4291344786218	586.4006318139054	212.7026183725876	2125.264000762641	356.5260907384581	1179.4118352482064	46.155563566288784
K00109	L2HGDH; 2-hydroxyglutarate dehydrogenase [EC:1.1.99.2]	0.0211985922897382	0.0940219950978155	0.022609312632252	0.4429869481101587	0.2216795903779684	0.268887496993154	0.2849659387144607	2.8442329173271093	0.0575118074028154	0.0819110469298708	0.039563148177105	0.0409738685196188	0.064061818410938	0.2920317066176955	1.1589551675935855e-05
K00111	glpA, glpD; glycerol-3-phosphate dehydrogenase [EC:1.1.5.3]	33736.002068414295	35313.65670251071	59126.2676492334	30530.40668863627	63881.419470158566	35300.31778174274	19887.639249399268	48237.9532683333	21763.455124827087	10597.478993381616	4854.2886532591965	8726.074416211826	4681.316911264813	31753.231150115625	1520.763015316738
K00112	glpB; glycerol-3-phosphate dehydrogenase subunit B [EC:1.1.5.3]	8487.690321412621	6260.419656272093	23336.687368501152	6342.12671216534	933.7899016344206	924.3293377801574	516.0009388283197	12490.695245049104	7359.52653372173	2171.820036373736	48.52245335250696	583.8797488216818	151.8220599528512	294.135124602887	379.29604725164666
K00113	glpC; glycerol-3-phosphate dehydrogenase subunit C [EC:1.1.5.3]	8528.867896185055	6273.231222612332	23607.44722699924	6348.898865845446	936.0896745438948	925.6630612817672	518.1769414248498	12554.615410685568	7404.695758525935	2181.219638509997	48.7118978491792	574.7713434284793	152.128881843744	296.14571301764204	379.29609547907376
K00114	exaA; alcohol dehydrogenase (cytochrome c) [EC:1.1.2.8]	4.299265439603466	13.963600757151466	14.61201466799672	51.37247408494076	243.31107368597227	73.91788756849832	402.3507555629173	124.50073489372636	172.08741028757132	77.58777991446294	30.47958889826432	659.6416296566648	51.03456347933215	329.11265010711395	0.1285664771107203
K00115	GLD; glucose 1-dehydrogenase (FAD, quinone) [EC:1.1.5.9]	0.0	0.0	0.0	0.0	0.0	0.0	0.0	0.0	0.0	0.0	0.0	0.0	0.0	0.0	8.983185251150176e-07
K00116	mqo; malate dehydrogenase (quinone) [EC:1.1.5.4]	10.85795201163256	67.00373871367803	45.215147807107854	129.52381910583497	285.06739440364044	366.95953706475007	528.9510834731425	103.53685416615706	95.62310767521404	133.9893658346756	153.4494731491307	375.4251551043762	132.5771537104617	426.19468246138433	66.80378497687003
K00117	gcd; quinoprotein glucose dehydrogenase [EC:1.1.5.2]	10.149753021763049	53.952359392174	27.087050714198234	85.56637939832737	230.6843051831272	256.49776114120755	401.4268873520016	182.56445322693548	158.48231955398938	128.9947132027417	42.14774640491054	465.417636252436	110.35487473733346	455.781411873588	40.103203564924016
K00118	gfo; glucose-fructose oxidoreductase [EC:1.1.99.28]	0.0377621363256534	0.1060654128691661	0.0071585674771615	0.1362971819459347	0.0657670954127413	0.1985207813402692	13.187374624048848	3.668775881106928	0.1023338364540415	0.0766457520622488	0.0916979376624094	1.0445545036692443	0.1724094605305243	2.5738713718687314	1.0123599667240983
K00121	frmA, ADH5, adhC; S-(hydroxymethyl)glutathione dehydrogenase / alcohol dehydrogenase [EC:1.1.1.284 1.1.1.1]	2241.4060820353625	2697.0371025326367	2044.2076651256568	4653.306282989217	2922.9635087255747	2044.855742794556	1673.6737736830803	6319.542458130611	1335.9606738950183	1376.3874159032878	366.6791520434873	1679.9227134986354	2639.7063026319915	1247.982350061411	175.81286714558595
K00122	FDH; formate dehydrogenase [EC:1.17.1.9]	4.034864971974565	14.236287798180603	15.125449071610449	50.22857326181772	176.41802559690228	72.4422347917713	158.5859895828145	10.251957955631235	20.428577735857907	34.82994841021872	15.395068851441522	47.23733415603623	6.775361406699549	73.42718217896795	30.443322535680608
K00123	fdoG, fdhF, fdwA; formate dehydrogenase major subunit [EC:1.17.1.9]	5610.868099464114	6382.834843706579	6843.524895881226	5173.087846939763	12484.199668440368	11901.19855368096	4534.940138849177	12262.139086709618	3250.376203472013	2345.737542083974	1163.5422467112066	2195.814623697101	3793.502578104868	2644.073285703953	328.06600263511314
K00124	fdoH, fdsB; formate dehydrogenase iron-sulfur subunit	845.4324252765953	882.4501212941811	3174.18028368267	713.1610568923367	924.169229445175	744.154312701947	1038.3579391619282	2164.8260731910686	664.6913011596776	339.2217790262222	137.1655107784548	1180.602930053468	241.5755806024984	788.7224077975651	124.83915750562024
K00125	fdhB; formate dehydrogenase (coenzyme F420) beta subunit [EC:1.17.98.3 1.8.98.6]	0.3247625863497874	1.4404176411522789	0.3463748321437127	6.786563231233822	3.396132919022211	4.119358387909994	4.365680230724704	9.639402196914824	0.881081303065147	1.254877828111304	0.6061077146314215	0.6277199604253467	0.98142751882057	4.90392784582283	0.0
K00126	fdsD; formate dehydrogenase subunit delta [EC:1.17.1.9]	4.0	18.505892369473308	15.250151651928633	53.49	210.7504008968965	100.33	182.9210545422586	18.0	25.36	35.28402056054367	17.13	188.22	12.633300511134497	146.98102076645995	22.245046037657342
K00127	fdoI, fdsG; formate dehydrogenase subunit gamma	772.4616045024043	802.7509718941674	3411.426107005408	755.2176564151791	866.6249258461102	697.163730114705	1032.6621600628073	2283.168724373864	735.849529810459	297.929223881619	106.07367459609604	1090.4972592937738	235.75922944546252	779.6186464227437	118.7389887256453
K00128	ALDH; aldehyde dehydrogenase (NAD+) [EC:1.2.1.3]	27951.59905575456	21495.90086969836	24834.195014944795	26316.373146689024	89510.29119942953	43904.82142244957	13224.058852236043	34220.27716055336	14446.92749602739	8271.792710178372	6206.641107086875	9418.30484951277	4798.819641454487	43675.9663807957	928.839966379156
K00129	E1.2.1.5; aldehyde dehydrogenase (NAD(P)+) [EC:1.2.1.5]	0.1026173090113787	0.3797047202907598	0.079044333638526	0.3209134093943958	0.3169129188683274	0.4450096306630569	3.9860462939172447	0.3338620677876204	0.2399237529660645	0.1755795458686087	0.2021742928680379	0.4214259324750594	0.3799415122421263	1.1905403838572342	0.2808888809156983
K00130	betB, gbsA; betaine-aldehyde dehydrogenase [EC:1.2.1.8]	2046.652256731816	2497.704746276609	4085.029341761036	8962.419801213844	6650.642541275642	3324.5161394401675	2034.9131151020235	5599.068892275567	839.6082717480227	1237.787186663126	495.3346583119377	1130.6935546778973	2521.663163613235	790.5832041595065	54.27475898427796
K00131	gapN; glyceraldehyde-3-phosphate dehydrogenase (NADP+) [EC:1.2.1.9]	969.0659741920782	1761.4337782391049	736.8074342393055	1508.431584396229	778.8826355775709	761.0216091489442	2016.4133615993885	1795.5293392265912	1813.684140789956	1297.1356623540328	166.18662199761553	371.9892543731906	191.35680181596268	506.33985429258286	78.57863395532694
K00132	E1.2.1.10; acetaldehyde dehydrogenase (acetylating) [EC:1.2.1.10]	883.2435053395322	316.39034127324487	549.7709925231195	508.4735639211122	431.14913353726223	294.242217592648	411.37150749890606	893.6202153831837	268.66136465371284	141.19535743601588	34.242291387045285	242.1290611380272	197.16636776698545	290.9929459814752	41.249780194558426
K00133	asd; aspartate-semialdehyde dehydrogenase [EC:1.2.1.11]	53805.30972052724	53256.8061468577	113460.25582172404	43732.59718028174	92024.7504336544	53962.7774664329	22065.589452175365	79969.9477359902	31517.01920348177	14188.869299742531	6187.192607691351	6669.826861792333	6754.631661298792	39294.25777216987	1589.299153692996
K00134	GAPDH, gapA; glyceraldehyde 3-phosphate dehydrogenase [EC:1.2.1.12]	56859.06085429316	56499.14102590205	115795.6200876302	44146.340636158406	96795.2757459394	58504.20193539755	22732.074775697067	85288.55063915312	32860.76000810577	16198.730605142891	6604.931069594371	7070.506933323035	8285.510532945747	40776.80475859942	1647.4987464161288
K00135	gabD; succinate-semialdehyde dehydrogenase / glutarate-semialdehyde dehydrogenase [EC:1.2.1.16 1.2.1.79 1.2.1.20]	1807.037843779912	3861.543816138067	7727.385250450351	10408.45594224384	8286.914015755923	5295.977304124129	6712.173822228158	5384.8805327203445	2895.702537434681	3133.249064052343	947.3033634917566	3614.9441826543184	1432.2385017763202	2149.3421914642613	157.22453880282757
K00137	prr; aminobutyraldehyde dehydrogenase [EC:1.2.1.19]	10.295728619881691	54.729100435352194	150.30832179484992	389.1160702144288	392.8703016759023	273.70560495965583	140.34020032823423	72.83718346334807	77.76206862303033	105.76783739567304	45.330063245106125	73.77006581418786	85.60133256507079	85.4345499280108	15.573963478478689
K00138	aldB; aldehyde dehydrogenase [EC:1.2.1.-]	30.235028878008613	76.9561943023598	88.60255675691377	146.79313583014118	446.6982243319098	345.981775053948	793.1521849147585	165.3559352109638	258.00963181959054	179.35538391349445	131.8595389450227	865.8928764140151	141.80572843874566	752.4551155138323	17.183259051950838
K00139	ALDH5A1; succinate-semialdehyde dehydrogenase [EC:1.2.1.24]	0.0	0.0004225452687096	0.0	0.0	0.0	0.0	0.0	0.0	0.0	0.0	0.0	0.0	0.0	0.0	0.0
K00140	mmsA, iolA, ALDH6A1; malonate-semialdehyde dehydrogenase (acetylating) / methylmalonate-semialdehyde dehydrogenase [EC:1.2.1.18 1.2.1.27]	1426.9769223711887	1502.074918075869	1660.3967801596064	2672.5796714835365	2575.4192556798644	1696.0553625840043	4050.006682308353	2174.1978024867917	2015.198580731518	2288.128389746176	350.63174234675216	3399.794438633213	445.4506820084458	2052.367461447215	149.11386148458303
K00141	xylC; benzaldehyde dehydrogenase (NAD) [EC:1.2.1.28]	4.00061805307715	14.139281384668791	23.265909891820503	46.60367763314216	272.1665784674757	159.83135731403982	472.30874260041656	65.79021091403463	188.30567097313053	117.09895428825962	30.33150082061173	908.8675599361344	53.54880888713616	365.4381343715848	0.0003302751335003
K00143	LYS2; L-2-aminoadipate reductase [EC:1.2.1.95]	0.0	0.0	0.0	0.0	0.0	0.0	0.0	0.0	0.0	0.0	0.0	0.0514063570590703	0.0	0.122591243177263	0.0
K00145	argC; N-acetyl-gamma-glutamyl-phosphate reductase [EC:1.2.1.38]	48887.5028513733	46148.38296400919	77976.42019830678	37279.62301562814	77892.3738618179	42275.54641929524	18506.36420045148	59877.31164319857	27774.05082558287	11666.176006177871	5331.37464243448	7177.332231592002	5700.822023891415	37746.3811621381	1463.3813851675377
K00146	feaB; phenylacetaldehyde dehydrogenase [EC:1.2.1.39]	1027.5915919895629	1419.7167102222522	670.595500468799	1308.791907450788	911.3614921093784	825.8812120926766	1011.6866302795614	3476.312133275672	535.8595361283842	422.03572074694	133.1796902449578	437.14731972444895	1530.5926684789229	396.3615711561016	39.38359715381735
K00147	proA; glutamate-5-semialdehyde dehydrogenase [EC:1.2.1.41]	49126.96068892756	50165.191073647016	82979.96433847652	38870.74874457838	95840.51332195276	52110.666437729815	20010.7343281671	70459.13945437744	26403.45059100526	12317.314627763271	6091.534654265364	6387.606497939123	5911.152826212556	44057.55067234408	1539.2268672614337
K00148	fdhA; glutathione-independent formaldehyde dehydrogenase [EC:1.2.1.46]	4.2063091401134765	14.825908380892765	20.720972600581845	52.15472645166797	202.98853386144063	162.68118181235525	229.06864364757467	34.45892854748108	26.619710529061948	38.60342134004678	17.516223899012612	162.81539398955994	16.540024150463008	122.58518331858832	0.0019272173812338
K00150	gap2; glyceraldehyde-3-phosphate dehydrogenase (NAD(P)) [EC:1.2.1.59]	737.7069921973931	3382.0043900919754	1553.441669824602	3380.5256744021003	1347.077523000908	1517.447793787027	5944.83583677591	1830.8227243997703	3509.079348423055	2348.610793473479	376.4459470071746	717.1082681146058	333.8151691487538	526.4102441045234	102.85995729269985
K00151	hpaE, hpcC; 5-carboxymethyl-2-hydroxymuconic-semialdehyde dehydrogenase [EC:1.2.1.60]	504.36331834225086	675.0940261342596	825.7873361291568	1847.1876463178864	1381.3439771429075	671.133734208018	913.485113698383	1782.0714229950722	528.7014466802616	387.4881632931202	136.70072359748156	1551.3273446596238	844.0164524625533	668.280974629436	11.1998063643883
K00152	nahF; salicylaldehyde dehydrogenase [EC:1.2.1.65]	0.0	0.0	0.0	0.0	0.0	0.0	1.0327268007645127e-13	0.0	0.0	5.955569581610894e-14	0.0	0.0	0.0	8.342078147108162e-14	0.0
K00153	E1.1.1.306; S-(hydroxymethyl)mycothiol dehydrogenase [EC:1.1.1.306]	1.4044864771072253e-07	2.466704052208704	520.4160924415721	1251.9600029349554	938.6392296722096	380.4800017814808	59.75968568382003	4.0625913747054796e-07	3.810373569491748e-07	106.5100005426915	60.970000262120735	93.78000027146727	38.18000042443364	5.360001934819904	0.0
K00154	E1.2.1.68; coniferyl-aldehyde dehydrogenase [EC:1.2.1.68]	4.149747411764231	14.076915635365737	27.59338784971492	67.17049246716435	309.8308029312286	182.9221947165747	659.3152995086798	90.62657471551935	198.93580932743697	129.60185760016302	30.693632203184077	943.3498607447008	54.63369729549689	666.6930670103095	0.0800477705289837
K00156	poxB; pyruvate dehydrogenase (quinone) [EC:1.2.5.1]	1914.9293080261327	1089.5649186573896	13074.17809849128	4701.821215033495	1773.6815211463772	1147.0320999113608	565.9775987768337	3435.244695552868	3769.018879137682	702.9316767863654	148.8394768963608	408.3270507544683	223.0507505666602	806.7956306235477	79.51471525222458
K00158	E1.2.3.3, poxL; pyruvate oxidase [EC:1.2.3.3]	258.4054743923625	720.9151358533114	2570.763166040031	38.08248383353374	699.8203768062991	1172.5058625760869	999.4313591289828	762.002248699385	146.1759100955907	518.6432883568634	149.0423915130667	48.80927755344194	34.473620391209835	74.42161029747626	0.0020903219710508
K00161	PDHA, pdhA; pyruvate dehydrogenase E1 component alpha subunit [EC:1.2.4.1]	10140.857893438611	20025.24331798203	25160.808024461992	18829.685100252525	10244.347630848682	8714.451008390726	21062.762300319548	23908.19991535805	15206.210080094745	10622.304611311683	1803.3108302147607	3015.6812385704707	2553.9481079100283	3732.598474924943	471.1569240853485
K00162	PDHB, pdhB; pyruvate dehydrogenase E1 component beta subunit [EC:1.2.4.1]	9933.898266040287	19918.233486673016	25005.819603951117	18782.10790250579	10321.69903959476	8753.197622624632	20952.699775037072	23694.43103427312	15208.320703435646	10622.469715738953	1794.3545802353883	3001.968221164365	2546.5795518636314	3705.431570921805	469.6999824572722
K00163	aceE; pyruvate dehydrogenase E1 component [EC:1.2.4.1]	21.006362279374585	100.16617397344396	569.3997735474024	1420.1720099406227	1485.366065225015	823.4826017702935	1218.625936795433	228.22826944197837	417.78570167825205	385.6821623589853	139.53465418849797	1806.995560580124	217.5953128352034	1053.8790348836678	70.13071274063593
K00164	OGDH, sucA; 2-oxoglutarate dehydrogenase E1 component [EC:1.2.4.2]	237.62908130455324	675.7978998215619	4008.620914655556	3230.4527118277515	620.1709691337379	707.0230070035275	858.7888389964191	1214.4066059463476	2584.116062957953	483.6070391044474	118.92950134013962	989.490145546656	248.33531475268032	1165.0649418285002	84.15564872678081
K00166	BCKDHA, bkdA1; 2-oxoisovalerate dehydrogenase E1 component alpha subunit [EC:1.2.4.4]	42.240094112720485	443.8399707012509	3045.9584490394745	3108.8465072561025	250.4085084796288	535.8668115476897	384.8219328802018	421.18098290330977	2206.985988518575	324.50201761235365	70.47188991658527	198.04561325312727	133.33563082146577	600.2623574230655	65.92865311838649
K00167	BCKDHB, bkdA2; 2-oxoisovalerate dehydrogenase E1 component beta subunit [EC:1.2.4.4]	50.9511526991607	443.07287576759	3043.6520134124166	3071.715401832054	233.5202712368905	511.93582846692976	358.3125100466682	429.7731223035204	2206.45164080848	319.3785225166268	66.20871188122283	193.8939855904372	126.43256698977612	568.8036913137128	65.85707366841538
K00169	porA; pyruvate ferredoxin oxidoreductase alpha subunit [EC:1.2.7.1]	18300.92617571155	17068.773977759767	14572.427810814726	6814.701815528359	4323.625529702012	5106.29232462142	5699.8593233447	14680.984251909596	6074.419501981187	4122.7194343324745	473.0464200943062	1611.3288808228328	2120.372672888316	1507.610576303024	346.84922705121323
K00170	porB; pyruvate ferredoxin oxidoreductase beta subunit [EC:1.2.7.1]	13060.823603470672	19692.614019929915	13842.13994171681	6538.97404693984	3024.8478582517246	3887.251158429212	5282.625671485868	13153.54909381038	5195.743950401364	3760.798016519959	412.0828065823406	1008.7671587586112	1893.561567460632	1296.1866847137069	337.7441323440005
K00171	porD; pyruvate ferredoxin oxidoreductase delta subunit [EC:1.2.7.1]	11503.850814263558	15504.910221235132	12039.63531196161	6049.20331036131	2511.500551980409	3294.150829589375	5143.752269960057	10883.678202258989	4832.817890008348	3531.461323316362	397.4096919714992	892.5963572672272	1777.832780215591	1259.3125668048951	305.1335195343209
K00172	porG; pyruvate ferredoxin oxidoreductase gamma subunit [EC:1.2.7.1]	21344.63028962361	24561.411406053197	15849.47890527318	6960.643056104618	4429.579207574769	5217.55826372051	5626.874961919278	16410.01073015851	6769.629268145764	4512.3017851917775	446.4708814897537	1398.4720244198047	2099.4153057885205	1481.8569139483448	391.62312057471706
K00174	korA, oorA, oforA; 2-oxoglutarate/2-oxoacid ferredoxin oxidoreductase subunit alpha [EC:1.2.7.3 1.2.7.11]	48518.47631498394	37014.26581956072	147483.2708302644	36822.56748873451	32528.62852770245	28255.83673209015	15975.527005672133	77455.95589738296	39694.26154777247	15908.811025664292	1979.9194737595376	5393.88989257303	3925.679139205223	5912.042267624371	1583.6796922698522
K00175	korB, oorB, oforB; 2-oxoglutarate/2-oxoacid ferredoxin oxidoreductase subunit beta [EC:1.2.7.3 1.2.7.11]	47778.70150367213	36611.60252939117	150977.03375397652	36447.69957804453	30738.24540280687	27153.132089682964	15863.251906378286	76955.34896723577	39804.10552578727	15310.891975019866	1795.8657388451704	5313.445874885222	3843.914241383801	5230.242897294107	1555.5155011035033
K00176	korD, oorD; 2-oxoglutarate ferredoxin oxidoreductase subunit delta [EC:1.2.7.3]	29637.123197209214	23721.88179784885	80051.95353532136	21590.06902112121	23576.496395715425	22150.71651500016	10362.572800314902	49246.85993427571	22003.312460786725	8838.148291102998	1079.1924403544683	3161.654896428851	3177.025051330388	3106.447768177203	966.9502374123026
K00177	korC, oorC; 2-oxoglutarate ferredoxin oxidoreductase subunit gamma [EC:1.2.7.3]	29654.024071522064	23691.359712462014	79884.07794908242	21671.689932538684	23612.05547107961	22108.481825988947	10639.590564512466	49310.85789877898	22112.338513990813	8855.274232405538	1079.4821893299377	3349.862767189546	3242.7741910179693	3117.527037653041	966.6846217085596
K00179	iorA; indolepyruvate ferredoxin oxidoreductase, alpha subunit [EC:1.2.7.8]	26829.42893302795	26715.77395648341	52056.92024223521	15945.281795579029	23322.549118492185	21859.258400510527	14428.544102391614	39251.66472220247	14552.37778880952	8782.23931855269	1250.013318374601	2921.073453441096	3667.994392351264	4354.4210939998975	800.8467179444717
K00180	iorB; indolepyruvate ferredoxin oxidoreductase, beta subunit [EC:1.2.7.8]	26967.44930708473	26808.57197776111	52024.5038126494	16169.563861369086	23577.011516042483	21912.60047111269	14745.501655742091	39482.64885401717	14670.022316066385	8789.183808283598	1274.3550347014989	3043.362529011051	3688.785843883301	4373.802363061715	798.9313760721578
K00183	K00183; prokaryotic molybdopterin-containing oxidoreductase family, molybdopterin binding subunit	19.674174096604403	2.466274095458541	0.2839922595617862	5.564294076358786	4.366628947781224	4.3675834830902005	3.579415356405921	2.304310968056177	3.107197371139764	1.0288726454913255	0.4969469009936327	0.5146667522866244	0.8046711042513899	3.6681674306072503	0.0
K00184	K00184; prokaryotic molybdopterin-containing oxidoreductase family, iron-sulfur binding subunit	879.8303335550764	1065.571605027424	5884.663686153903	3518.650859599026	292.8210183968985	485.1368692675072	268.4109316999309	2777.434555517447	2658.24069794169	330.0103542549204	26.063035548349653	226.46876086140944	118.77780655501356	607.3531632916403	28.480200278774973
K00185	K00185; prokaryotic molybdopterin-containing oxidoreductase family, membrane subunit	111.49142540245916	482.6693180343549	3021.733788376613	3222.689305316115	397.4317796707327	734.7457846957215	234.85953793418557	594.4418244010025	2241.7354628395865	381.6089939414952	31.730653473670174	136.22014336563765	188.08119525741063	614.8743666666844	36.525641911303126
K00186	vorA; 2-oxoisovalerate ferredoxin oxidoreductase, alpha subunit [EC:1.2.7.7]	9.938068180668644	24.2584109268428	45.59851992414177	70.53422573336333	124.54136381069245	240.7561373154074	47.26489328619724	50.44041745725986	17.42376819483378	56.61744808648231	6.700264781211465	33.783317391220194	66.0309627462395	11.03460568261469	13.243367726606104
K00187	vorB; 2-oxoisovalerate ferredoxin oxidoreductase, beta subunit [EC:1.2.7.7]	23.10178451525538	35.40565410361304	61.77738570108389	90.01583323835004	170.29643319340676	330.9474897898291	59.61073845139891	67.09613839575775	22.979341793125187	76.1962684191307	8.467446828367734	45.44709338455477	88.84958578150649	10.19148802864354	14.478807589350597
K00188	vorD; 2-oxoisovalerate ferredoxin oxidoreductase, delta subunit [EC:1.2.7.7]	0.1490887864786175	0.1549872982258226	0.0119674101506897	0.5645638144850991	0.1173379581785983	0.3127773114966573	0.2342912129004543	10.156323540203754	0.1936811891631006	0.0433566075371892	0.020941300993491	0.0216880140502471	0.0339087732737648	0.1545762698293823	0.174726333167026
K00189	vorG; 2-oxoisovalerate ferredoxin oxidoreductase, gamma subunit [EC:1.2.7.7]	608.5252332926312	261.7304002882516	118.6664276464465	156.5808284794781	83.22328612954257	139.74667336983202	52.630347042797	586.8295318571459	65.2793964445759	51.07318481607164	18.45850899816713	23.76592847014113	46.22644531543831	4.562858534059316	6.88768905204146
K00192	cdhA; acetyl-CoA decarbonylase/synthase complex subunit alpha [EC:1.2.7.4]	0.0041538392242637	0.0184234993457522	0.004430268216015	0.0868027714174079	0.0434378549832525	0.0526881887560496	0.055838740499025	0.0120153178257504	0.0112693710121419	0.0160503732977854	0.0077523523490269	0.0080287813407783	0.012552837964709	0.0572232694085292	0.0
K00193	cdhC; acetyl-CoA decarbonylase/synthase complex subunit beta [EC:2.3.1.-]	0.0041538392242637	0.0184234993457522	0.004430268216015	0.0868027714174079	0.0434378549832525	0.0526881887560496	0.055838740499025	0.0120153178257504	0.0112693710121419	0.0160503732977854	0.0077523523490269	0.0080287813407783	0.012552837964709	0.0572232694085292	0.0
K00194	cdhD, acsD; acetyl-CoA decarbonylase/synthase complex subunit delta [EC:2.1.1.245]	1044.1482412138675	1161.922998965107	1058.242320230037	936.9637771872384	3100.001916799344	2981.4402705792327	1147.8264146650963	2300.983349859902	452.2151434446448	299.67664557123265	268.6237711876641	585.410037815323	944.1106481579158	420.0627153144755	15.781478539355726
K00195	cdhB; acetyl-CoA decarbonylase/synthase complex subunit epsilon	0.0041538392242637	0.0184234993457522	0.004430268216015	0.0868027714174079	0.0434378549832525	0.0526881887560496	0.055838740499025	0.0120153178257504	0.0112693710121419	0.0160503732977854	0.0077523523490269	0.0080287813407783	0.012552837964709	0.0572232694085292	0.0
K00196	cooF; anaerobic carbon-monoxide dehydrogenase iron sulfur subunit	6649.155285097529	10287.753475864229	6477.770581958221	23334.200272387752	127900.68839577172	57581.35846465269	10772.64344104594	14919.387470726191	5592.575045598945	4004.3157224965344	8723.323436081297	2618.022021337814	3687.428972586358	65453.40578841831	474.5507582254063
K00197	cdhE, acsC; acetyl-CoA decarbonylase/synthase complex subunit gamma [EC:2.1.1.245]	1044.1507706899033	1163.5475266594608	1058.2685001282648	944.9065511018108	3177.1196643225458	3033.3537649561185	1148.386354102014	2334.4144314148443	476.7195176034304	300.2120158516049	268.66958236333744	589.4091441033453	945.2018154583222	420.4008662562096	15.781478539355726
K00198	cooS, acsA; anaerobic carbon-monoxide dehydrogenase catalytic subunit [EC:1.2.7.4]	5986.1252937009685	11686.185547477711	5436.9761102898765	6291.747500430114	9587.138447049503	9485.014045271551	5491.084189457204	11088.904991577732	3608.204006850502	3129.2607402536755	988.990515717246	2364.241129574733	3443.1263312176948	2101.0549093957447	184.5470655965768
K00200	fwdA, fmdA; formylmethanofuran dehydrogenase subunit A [EC:1.2.7.12]	0.0	0.0	0.0	6.0	20.45	0.0	0.0	0.0	0.0	0.0	0.0	0.0	0.0	0.0	0.0
K00201	fwdB, fmdB; formylmethanofuran dehydrogenase subunit B [EC:1.2.7.12]	0.0	0.0	0.0	6.0	20.45	0.0	0.0	0.0	0.0	0.0	0.0	0.0	0.0	0.0	0.0
K00202	fwdC, fmdC; formylmethanofuran dehydrogenase subunit C [EC:1.2.7.12]	0.0	0.0	0.0	6.0	20.45	0.0	0.0	0.0	0.0	0.0	0.0	0.0	0.0	0.0	0.0
K00205	fwdF, fmdF; 4Fe-4S ferredoxin	81.37035480658467	38.284940218411805	18.60670408173176	21.17275853382015	53.05368922883181	36.11603863300714	12.504028808586323	67.17248491458125	17.901905081545138	16.07576395742169	0.0350700541124091	2.4856548490048707	7.908661399900518	0.2792421378080612	2.074555923194376
K00207	DPYD; dihydropyrimidine dehydrogenase (NADP+) [EC:1.3.1.2]	0.0	0.0	0.0	0.0	0.0	0.0	0.0	0.0	0.0	0.0	0.0	0.0	0.0	0.0	0.0675258844931317
K00208	fabI; enoyl-[acyl-carrier protein] reductase I [EC:1.3.1.9 1.3.1.10]	18051.55093927777	15005.439712964406	73952.54159499754	16025.504458798048	3170.6429912937983	2765.090517036865	4368.58842164978	33508.336310363295	18123.807799065067	4904.467120361207	339.68715806388684	2340.8821409391285	1243.2336941718052	1689.5694532356504	619.2988553400068
K00209	fabV, ter; enoyl-[acyl-carrier protein] reductase / trans-2-enoyl-CoA reductase (NAD+) [EC:1.3.1.9 1.3.1.44]	3934.3542690732343	4365.131984576557	2067.4744603315057	4773.056083219146	8640.840236051921	7831.281265448842	3974.710368395775	8671.119235034515	2933.142050346588	2929.891024006992	332.33609616976804	1177.0521395267867	739.6167425340989	747.9724536971721	168.38250360424124
K00210	E1.3.1.12; prephenate dehydrogenase [EC:1.3.1.12]	5037.457350050553	3315.4278073073297	16137.284479822212	3631.7353417463273	608.6346315359582	707.9979994235243	224.24926830438304	6376.113483346709	3510.3233975397584	1119.5464938090552	9.604741072893924	576.9990679545609	121.86185174538612	125.50465769423482	209.87699921466316
K00211	TYR1; prephenate dehydrogenase (NADP+) [EC:1.3.1.13]	0.0	0.0	0.0	0.0	0.0	0.0	0.0	0.0	0.0	0.0	0.0	0.0	0.0	0.0	0.0064847434421817
K00214	BLVRA, bvdR; biliverdin reductase [EC:1.3.1.24]	3.067189592404474	8.615051004023211	0.5814470736805657	11.070594479440926	5.341862781095381	16.124640543423073	142.92629416472215	12.12583174589343	8.31195765556886	6.225470164081781	7.448068022889526	15.552658657622072	14.00377612142784	43.82032248316532	1.6390444222713074
K00215	dapB; 4-hydroxy-tetrahydrodipicolinate reductase [EC:1.17.1.8]	56510.26655971132	56252.15740575349	114146.24960362993	47147.42549440431	97184.12659867822	59051.62765736254	26134.907756070465	83459.6007355198	34572.48167045973	17069.651495378755	6787.115820065523	7632.525882150147	7369.4594287435775	40636.709728713126	1829.8413741109284
K00216	entA; 2,3-dihydro-2,3-dihydroxybenzoate dehydrogenase [EC:1.3.1.28]	48.77096469314894	72.61688368159594	58.69129551415746	100.90637164213464	228.93805236857725	179.74972194919576	175.682943215099	93.63676740453664	186.85376391156825	138.7055238515148	34.36692561123824	71.74774794054407	80.45540321293544	142.82581712609476	16.508511771736984
K00217	E1.3.1.32; maleylacetate reductase [EC:1.3.1.32]	0.0002088602562836	0.0681499071762729	0.9128776392562816	0.004364552431031	5.984817514588951	7.772649228343368	3.863596896983383	8.000604145279807	2.430566638136595	0.0016084794176821	13.200389798018412	55.212908158206496	0.0006311724678899	6.915054274056547	3.2886764422417485e-05
K00218	por; protochlorophyllide reductase [EC:1.3.1.33]	44.485880041898895	13.89170267505098	23.944212871899943	21.789286105971076	8.24948960206037	21.362947648750545	179.13369918681104	44.759828601073366	17.464822396819365	12.347587229658028	15.182461060039634	195.80552241361372	66.40099419990169	43.594968414804285	1.9587720891203744
K00219	fadH; 2,4-dienoyl-CoA reductase (NADPH2) [EC:1.3.1.34]	2412.3389570942645	1170.9657311957017	1064.262181944324	2233.4212498929605	2101.4573798471483	1311.3925883446766	2062.891185588551	3012.712897243714	1097.5446706030368	791.3106156086473	231.76783255163724	2276.628200966844	1150.3381986051254	1508.469477472126	145.3184894503963
K00220	tyrC; cyclohexadieny/prephenate dehydrogenase [EC:1.3.1.43 1.3.1.12]	7.637295624840128	1.318593583916967	38.96708000391445	12.21258618187506	23.55890324390193	16.97096154960131	15.49645059682948	8.859951776610073	0.8065634021265649	1.148745895269339	2.3548458452898644	17.800239427115223	8.89842278546458	45.06441358773931	0.0002379948039948
K00221	E4.99.1.2; alkylmercury lyase [EC:4.99.1.2]	0.0044167916057469	0.1407893522097348	0.0051338986735155	0.0922976294388152	0.0473063196906542	0.0560235475823275	3.89323539768082	0.0127759470956794	0.011982780975231	0.0170664331288079	0.0082431090420688	0.0085370339499218	0.0133474951492205	0.060845671433031	0.0004288559299633
K00226	pyrD; dihydroorotate dehydrogenase (fumarate) [EC:1.3.98.1]	3565.9615728032923	7859.858563583479	32228.47305652829	4346.751270425118	4427.094286200672	3657.473829210043	4883.315813479276	13305.196384644714	2068.941264152785	2289.20920153765	607.1318714098079	816.965512360323	524.3303053442894	1349.51333530565	82.82966945977057
K00227	SC5DL, ERG3; Delta7-sterol 5-desaturase [EC:1.14.19.20]	0.0	0.0	0.0	0.0	0.0	0.0	0.0	0.0	0.0	0.0	0.0	0.0	0.0	0.0	0.002639904433562
K00228	CPOX, hemF; coproporphyrinogen III oxidase [EC:1.3.3.3]	17.641910621851405	82.3848100431363	43.11956828550132	151.73692118169706	452.8548626239835	371.5041952061249	870.9405322726059	167.48710336377502	269.2806789526361	205.3774691176146	73.41189034558244	962.868242472372	152.99499045089132	762.5019552905582	70.76206376943924
K00230	hemG; menaquinone-dependent protoporphyrinogen oxidase [EC:1.3.5.3]	1774.458173979716	1408.3179098465594	1880.3501561299736	1314.977580209022	589.12299481985	632.7225602524409	851.4893671254534	3839.507212032441	626.8012671880938	417.1710847377252	110.11496544404788	354.92149515663806	1008.7890816171232	269.3567904023061	44.88789869681205
K00231	PPOX, hemY; protoporphyrinogen/coproporphyrinogen III oxidase [EC:1.3.3.4 1.3.3.15]	3566.2824890793395	1222.8753826610662	25778.300817562413	2183.564935184951	1534.089955595741	981.4559950700002	781.3167302371618	6755.259824476752	4300.61192481109	736.7607705176608	171.5173392236506	329.39241532596344	244.29130495305725	198.43478276533585	24.18131290005848
K00232	E1.3.3.6, ACOX1, ACOX3; acyl-CoA oxidase [EC:1.3.3.6]	0.0	1.3088442478954958	1.9920371588132664	0.2887055437241677	5.65958091861639	2.333007804198765	9.673628540406993	0.1518624536352558	0.1824574534518824	0.532074860447334	0.0	2.865082664646099	0.0912287267259412	0.9954500394882428	0.097056227088556
K00239	sdhA, frdA; succinate dehydrogenase / fumarate reductase, flavoprotein subunit [EC:1.3.5.1 1.3.5.4]	20979.079796243423	20102.72009807505	86739.54906996485	21082.76022927426	7114.859706779368	6491.61908255345	11263.508752065583	32444.55888723449	23462.26894281822	7566.044067027922	871.5382053985503	4385.090333491126	1733.7504146097665	3832.323556091734	937.0206296841128
K00240	sdhB, frdB; succinate dehydrogenase / fumarate reductase, iron-sulfur subunit [EC:1.3.5.1 1.3.5.4]	18567.49509235003	13240.468002550067	74897.2044990829	16574.24972986276	5097.065536870884	4187.22483355488	3447.8180244101777	28345.508015109648	18283.174982446148	4547.191403701033	388.01181986608674	2882.9829228518506	1013.329178685584	2141.3078775186978	695.440639679603
K00241	sdhC, frdC; succinate dehydrogenase / fumarate reductase, cytochrome b subunit	14297.785364585949	8471.898113987765	66094.2308701573	11389.700932407595	2798.8718879091684	2467.4390698982106	1674.9732425486418	22081.78601438654	14933.603098071317	3210.4676900387726	223.7257440499972	1933.8611568827996	562.6889136727981	1554.0849507280786	444.5807741224386
K00242	sdhD, frdD; succinate dehydrogenase / fumarate reductase, membrane anchor subunit	75.88056103940396	115.39791342311956	664.5807346161439	1526.7009841614768	1578.775100842516	1088.6825479942895	977.5865423957506	235.02948371149856	365.1138147796462	416.7119450535739	135.1455807217973	1396.2109891778478	298.56583537570515	901.229237177208	79.82795154544283
K00243	K00243; uncharacterized protein	29347.10601638472	26626.4675115239	84668.52852661625	15754.744872032128	68350.91070921623	32455.81804267204	6119.147624926887	40630.32891248303	16227.742660350816	6399.190425632483	4787.662511217935	2474.700525034568	2118.0838065456637	34443.30763562909	612.2515007118399
K00244	frdA; fumarate reductase flavoprotein subunit [EC:1.3.5.4]	7368.416515990045	13733.27122639747	33850.79008537364	7181.958018073023	8023.245519002323	7267.680006411565	7893.295470747749	24810.52941214408	5415.586397629574	3793.46820404091	1010.349901205712	3101.305776899908	2448.0793217688333	2374.1548624963725	178.3218893557306
K00245	frdB; fumarate reductase iron-sulfur subunit [EC:1.3.5.4]	254.98439992624947	297.7091050282455	1084.6190529337175	285.85669323887896	288.9214024695515	399.8618502404892	241.3018615015104	922.4702800932084	237.22919465701875	142.48513894242564	47.55470018146489	127.65879171051638	144.1495332449935	98.00751865987812	25.118440217742368
K00246	frdC; fumarate reductase subunit C	208.40667207663185	248.59318240583684	1004.6476423245653	201.01141988008615	170.31821369114328	175.15787351651724	193.73825120740196	867.5795434048467	215.74245301776253	85.57024482428504	40.81102821095455	96.36319362963972	81.41352731655869	88.1085042338008	15.762771555575103
K00247	frdD; fumarate reductase subunit D	20.41286545038578	68.0315750381201	42.41239193467655	80.64049245641246	159.1429343537102	158.62724286858662	147.13555700052694	76.62201162171249	76.3497983420145	81.08799652585782	32.483632196645026	32.33926248905549	77.18369728269516	78.48273236300133	15.500022002948832
K00248	ACADS, bcd; butyryl-CoA dehydrogenase [EC:1.3.8.1]	21360.72777020069	31033.775662003198	14445.46599122172	25241.31658858217	68923.86719683603	34915.969239334925	17721.866068284617	32558.76367768382	11406.627411467583	7212.101477410468	5196.519740699846	5959.355478876952	7301.509661803782	36302.853446876936	896.6597299253903
K00249	ACADM, acd; acyl-CoA dehydrogenase [EC:1.3.8.7]	1809.2346060546456	1204.8982194912664	5139.917564453968	11552.308818084532	9304.343832543387	4165.737950989293	3790.180907445613	2095.8580312643358	1605.4491738348484	1684.66600098185	621.7279097991728	6804.6138406689615	927.3474348283956	3051.2978895384367	221.81896233612164
K00252	GCDH, gcdH; glutaryl-CoA dehydrogenase [EC:1.3.8.6]	23.36975229714984	40.250146946813445	637.076358426415	1343.5629236832997	1275.055439457217	671.136505612936	671.7547977799063	125.2418615108264	190.42317184689415	249.3330632804395	161.38386462985753	1028.54421740594	124.36752155122704	604.0847821693552	61.74267633640252
K00253	IVD, ivd; isovaleryl-CoA dehydrogenase [EC:1.3.8.4]	20.293719792134016	32.24285715606851	78.57181549001572	80.96514553594116	312.9454842283327	277.96440928418417	613.1655149297444	104.9009330851384	197.3978774975585	141.49576486407608	34.228335444066445	929.7954430626291	77.30543252911436	602.2654596270314	53.96678443056903
K00254	DHODH, pyrD; dihydroorotate dehydrogenase [EC:1.3.5.2]	1394.93933466493	1110.4387443676048	7671.855080257572	4904.914248359462	1691.0833431248325	1367.7751672330528	1286.531589696186	2911.03988550109	3060.320910913931	667.1040291695558	153.54014015207636	1178.5522543870657	371.1032489883413	1306.823237077689	92.9952619155684
K00255	ACADL; long-chain-acyl-CoA dehydrogenase [EC:1.3.8.8]	1.8489541710784303e-15	0.5065279548411745	0.003216026207008	3.8637592263051965e-14	0.0085016718027671	9.000000000000023	111.65403617928575	19.415727213106564	5.016214979292344e-15	7.144331557888391e-15	3.450721955649049e-15	3.573765845821826e-15	5.587510941238797e-15	325.1891611605185	0.0002381438360601
K00256	E1.3.99.16; isoquinoline 1-oxidoreductase [EC:1.3.99.16]	0.0	0.0	0.0	0.0	7.14	7.14	3.112855231572751e-13	16.438407821625958	4.86	0.0016058268662655	0.0	76.86	0.0	2.5144773606331184e-13	1.622996128928936
K00257	mbtN, fadE14; acyl-ACP dehydrogenase [EC:1.3.99.-]	12548.09569603972	9554.951045574924	35889.80966311177	14908.76310802239	6649.440061804552	3854.039050770785	5802.879968622006	18387.319627276232	11122.31412233092	5450.752209698764	484.92491154651	9386.86664684793	1012.299095803376	5236.720176642084	651.1533974085844
K00259	ald; alanine dehydrogenase [EC:1.4.1.1]	23074.29253516117	16916.517403119276	68340.698026177	17880.92036698902	7265.506957397155	5101.705547100141	2541.930305489775	34605.93401045438	18225.354865519523	6333.700780278661	622.5129081366273	2517.2725707123222	1519.5545312636102	2251.9294262765	966.60072563315
K00260	gudB, rocG; glutamate dehydrogenase [EC:1.4.1.2]	968.0496477358234	1837.4139264058608	778.1397322196831	1402.8189250659002	5129.00510919148	3861.55381118253	616.5316207071137	2492.9661298596266	530.8114089792705	1200.080485364169	542.6008745848223	209.25955311398556	876.1940660999825	1451.8971971431338	20.14856771612321
K00261	GLUD1_2, gdhA; glutamate dehydrogenase (NAD(P)+) [EC:1.4.1.3]	1837.9640266767856	3494.094196389723	2445.31428404092	3051.753447971975	2014.857661686014	1350.950231374395	3320.4406044822435	3041.8623315856807	1640.3682119551254	1110.4414496185382	307.0644356681344	1417.204748465013	1198.3099718351814	1339.1403402463393	73.88557356395668
K00262	E1.4.1.4, gdhA; glutamate dehydrogenase (NADP+) [EC:1.4.1.4]	70693.1188648038	61069.73231200873	157728.36015286003	51385.28258577675	88430.78347292807	51309.49174493952	19181.87960796897	99022.86426927596	41850.56923629136	14994.227863150729	5475.780022648263	7367.565621491109	5353.4427541283885	37838.1359646822	2057.0186551607067
K00263	E1.4.1.9; leucine dehydrogenase [EC:1.4.1.9]	89.74528357852677	95.42278092376256	188.2599164261536	230.45598234135943	447.34122552560575	441.2743453270942	388.052647431798	219.69420768694928	118.22160046423076	64.48000039925628	75.61585279366658	152.7347584690003	51.07796878253968	195.8338217029697	5.827897147351116
K00264	GLT1; glutamate synthase (NADPH/NADH) [EC:1.4.1.13 1.4.1.14]	177.12946670990604	70.37495900740466	26.852873883981736	36.68183311981347	9.761925417583912	14.714516623626448	17.052935409396003	164.37378821095535	16.300103448918946	9.006495211983946	1.0927096940354395	10.942309704680245	3.722703453364405	0.8201247332707434	0.7091399323580831
K00265	gltB; glutamate synthase (NADPH/NADH) large chain [EC:1.4.1.13 1.4.1.14]	11350.521060769046	7871.728502152169	44671.24064490758	11337.63290031598	2445.011404590038	2080.2381200313557	1924.3905275747288	17614.374486133842	11612.344332077104	2910.6139915597773	206.76990748662632	2212.196264469908	502.5900003416021	1661.9096477041303	461.2982998144213
K00266	gltD; glutamate synthase (NADPH/NADH) small chain [EC:1.4.1.13 1.4.1.14]	100149.86205562804	90628.05776493328	191977.1167614131	68323.65456444965	210314.85495731336	102828.88515268444	27004.521848433465	121748.55736138584	57801.44683492913	22625.54852095471	13802.221115572387	10761.44061290004	8844.611281260393	105342.29321398176	3018.515742782038
K00270	pdh; phenylalanine dehydrogenase [EC:1.4.1.20]	0.3645921682453003	1.6170735578539157	0.3888549863341141	7.618881938402788	3.812641962587201	4.624565358061149	14.821096641320688	1.0546125022501347	0.989139008576956	1.4087787431932837	0.6804420680086086	0.7047048860974224	1.101791899997384	5.022619976688823	0.0
K00271	vdh; valine dehydrogenase (NAD+) [EC:1.4.1.23]	14.886562030805637	5.133144017815357	590.9786510079605	1268.550220620153	937.2875398981688	388.01893065979766	153.14468327506546	38.689157965962025	10.000965190472392	109.42066258285028	55.09053859793136	101.05150567354131	44.72733957451453	25.847797653592	0.7663204779390632
K00273	DAO, aao; D-amino-acid oxidase [EC:1.4.3.3]	0.1731692811503609	1.1053573648152646	3.355434486426124	3.27982762606678	10.067431246728834	2.0509229445327883	16.426150894065707	0.5217015490135549	0.4697488365215753	0.633165911786504	0.3342043819905933	0.3962220353685419	0.5535758516121849	2.3955925177395496	0.290146407635603
K00274	MAO, aofH; monoamine oxidase [EC:1.4.3.4]	893.6981218886242	935.3333628739078	463.7460301387598	1406.8972106827662	804.1001906095725	751.3292797682819	622.0533171635498	2588.383889826649	941.2214985905804	1196.0993570683418	64.04461719113141	236.25914076125716	945.8605535451918	347.9150634870474	14.1013102705485
K00275	pdxH, PNPO; pyridoxamine 5'-phosphate oxidase [EC:1.4.3.5]	1094.8744649431685	614.4861653454111	11263.470344318604	4611.436775694307	1607.882640912156	1087.5134440736338	862.602853449112	1234.0978266022817	2735.046473391948	607.1435485165263	151.74715930701794	1346.1815004415762	270.802131488589	1226.4625574557433	84.70803375440076
K00276	AOC3, AOC2, tynA; primary-amine oxidase [EC:1.4.3.21]	10.427952770365486	54.5076900645411	24.42351024567544	75.75808288316283	161.73329519880846	158.21907063705538	137.26299034886827	75.66127965922632	72.47845977370217	73.84419218118029	33.27585234175044	29.3895790031122	75.45796408176847	80.01945159457496	15.757357228092957
K00278	nadB; L-aspartate oxidase [EC:1.4.3.16]	35096.51984023421	31866.09263835281	85023.73029974803	29121.86183434028	84872.33248063494	41272.97087377796	8260.307692472323	49607.10006673975	23714.08020459127	8101.623756370267	5512.381107282679	4387.406232782663	4125.506022500153	42895.450548959816	1231.0371778486829
K00279	CKX; cytokinin dehydrogenase [EC:1.5.99.12]	0.032938398467443	0.0925166098276321	0.0062441315815767	0.1188865706698601	0.0573660021792657	0.173161723252709	1.4718292750035846	0.1302187118737293	0.0892617052371455	0.0668550184897281	0.0799844368793119	0.1670192378591443	0.1503858643361075	0.4705842920492072	0.0176016175916571
K00281	GLDC, gcvP; glycine dehydrogenase [EC:1.4.4.2]	2072.606853307751	1045.1412444275225	15780.447607294043	4971.3000996707215	1657.1603819983395	1092.548282807368	1014.2630390474678	3158.28246182661	3211.3744079343096	655.3753019919632	143.1988231370425	1701.441033166851	302.8320430649931	1191.1650985795893	85.34631765772109
K00282	gcvPA; glycine dehydrogenase subunit 1 [EC:1.4.4.2]	20486.48872057216	15199.294955125695	50709.44412322334	12658.996501013788	4586.103406341114	4612.633783703586	5132.189044802017	29909.96139487582	15854.82602616613	4991.051738002742	570.7282717589521	1615.4852614801694	1667.7668926350211	1475.7494036369485	767.6574048105407
K00283	gcvPB; glycine dehydrogenase subunit 2 [EC:1.4.4.2]	21089.13679761069	15744.48726865943	52836.04963621472	15179.45390288879	5148.519113332635	5217.886042540189	6068.426193648234	31840.1969000034	16419.75445740723	5681.799742089509	681.1703758696009	1713.097830710684	2055.999465134545	1574.6796751202232	818.7062633964358
K00284	E1.4.7.1; glutamate synthase (ferredoxin) [EC:1.4.7.1]	19649.52116057665	21551.588980722627	14352.241360423954	11445.50242585551	73488.33722922421	31234.603956939056	5127.615803052369	17443.645728615797	5705.751831139729	3388.192927457763	5084.674404589664	2492.71036060986	2440.459140926372	41031.267552076766	484.07330205199423
K00285	dadA; D-amino-acid dehydrogenase [EC:1.4.5.1]	48.03094139106914	171.20474772109654	838.6092978116119	1967.0322596886808	2789.336275590304	1477.3977902834167	2822.832411021951	446.1298047258352	979.7020667275764	730.7288621378297	316.6927059881864	4412.215604568776	411.267564944664	2640.842306104415	139.34681586953843
K00286	proC; pyrroline-5-carboxylate reductase [EC:1.5.1.2]	51925.06883010832	53591.64851664938	92363.16657071748	38499.89962207372	91716.29217927052	54019.45517755488	20760.640960515517	74579.5789413289	28440.657005819143	13838.915130642925	5997.611156023655	6911.464644904911	5919.969917438875	39484.834724069166	1623.581065877811
K00287	DHFR, folA; dihydrofolate reductase [EC:1.5.1.3]	46498.69816068251	38766.53933451435	106028.74623207784	27305.259095651807	77617.82874798318	40272.89275630628	9317.440076624796	65633.84449379296	25094.520965703457	9905.699048349325	5142.891745201853	4252.436315846426	4064.039299381977	37120.97887181884	1156.5492457042174
K00288	MTHFD; methylenetetrahydrofolate dehydrogenase (NADP+) / methenyltetrahydrofolate cyclohydrolase / formyltetrahydrofolate synthetase [EC:1.5.1.5 3.5.4.9 6.3.4.3]	0.0014557888067433	0.0015133852737939	0.0001168566875791	0.0055127263507347	0.001145755426395	0.0030541378720351	0.0022877543865965	0.0003169266899578	0.0018912147178876	0.0004233588953389	0.0002044829279587	0.0002117742644539	0.0003311047983439	0.0015093717557224	0.0678577127642116
K00289	ALDH1L; formyltetrahydrofolate dehydrogenase [EC:1.5.1.6]	4.874742094768808e-18	0.0011639067837911	4.550566619574675e-18	8.915979232830656e-17	4.461735571633303e-17	5.4118870756494785e-17	5.735497179953958e-17	1.3985902819255427e-17	1.1575376715581001e-17	1.648620115066093e-17	8.01912557179014e-18	21.781813413922144	1.2893694611229417e-17	5.877709586341997e-17	1.4430414177093512e-08
K00290	LYS1; saccharopine dehydrogenase (NAD+, L-lysine forming) [EC:1.5.1.7]	29288.41141691987	22701.187291491457	84976.30420493447	23687.401140984333	12423.327052108642	12160.924799179367	6273.336487013061	44132.5048964316	21744.31557787196	6839.850062323249	523.3152173555505	3509.376490168313	3504.2178763862016	2948.126251453141	834.5801158269808
K00293	LYS9; saccharopine dehydrogenase (NADP+, L-glutamate forming) [EC:1.5.1.10]	0.0	0.0570546356215776	9.104061500720112e-09	0.0	2.4066888131241184e-08	0.0	3.851276489736805e-08	0.0	0.0	0.0	0.0	0.0	0.0	0.0	2.4733647573832047
K00294	E1.2.1.88; 1-pyrroline-5-carboxylate dehydrogenase [EC:1.2.1.88]	584.7571958672529	493.0021875379123	3037.867129662156	2005.2771144386147	1606.0275928368758	1023.0556741975876	624.078262231861	1036.4517408868926	287.9821921123969	290.4567376647452	180.78184523164447	297.16858994595293	354.66674878337443	244.3647513014197	29.833633760735687
K00295	MTD1; methylenetetrahydrofolate dehydrogenase (NAD+) [EC:1.5.1.15]	0.0	0.0	0.0	0.0	0.0	0.0	0.0	0.0	0.0	0.0	0.0	0.0	0.0	0.0	0.0012691560707754
K00297	metF, MTHFR; methylenetetrahydrofolate reductase (NADPH) [EC:1.5.1.20]	46020.44608679941	40143.12991498925	84751.74125720517	33277.34062040438	82241.48818402192	44582.27369985678	9883.121650255442	57070.12470693239	24083.515959848075	9073.61072566865	4762.080714792895	4631.545382764201	3855.975004562992	37524.67194874468	1307.329625575722
K00298	ceo; N5-(carboxyethyl)ornithine synthase [EC:1.5.1.24]	334.489108844194	310.12592362706766	23.35768394013145	7.379193796170575	285.5204455401052	172.12927779593707	32.86112019547632	401.8458503643424	23.83515529847625	12.70171322238144	2.690027721383871	6.0042467371509645	258.11872353215006	77.60162664524802	0.3808437797014119
K00299	ssuE; FMN reductase [EC:1.5.1.38]	103.84680787263864	339.0370873612116	1231.6009924149455	2503.7649995100464	2767.916631259887	1418.2946028011725	1861.718556565501	493.99522506664186	485.6578669493504	616.7088747996061	335.12900781439464	1914.165609729318	320.8346849416744	1359.7734632149777	44.67229100531797
K00301	E1.5.3.1; sarcosine oxidase [EC:1.5.3.1]	14.373101280018936	30.29995951912948	45.3770244011794	87.6958405182773	288.712020523062	145.17936029846476	631.5790372508667	106.44311218856744	188.36732747999125	95.22195565284508	57.82128263370727	756.6175554798053	81.1614510586219	452.72297397930646	2.9389738971516604
K00302	soxA; sarcosine oxidase, subunit alpha [EC:1.5.3.1]	745.1633573477543	3860.0157046284767	1885.541005013375	3070.514977757244	1572.9969645943186	1774.0557873862165	3158.915993388112	1805.9633641981584	1573.5190144320288	1007.7708473085386	233.78921446124508	988.8601428218911	570.9380003852019	730.9583088379654	106.99399704112456
K00303	soxB; sarcosine oxidase, subunit beta [EC:1.5.3.1]	2230.728129297926	4891.095429944839	6017.665863976532	2809.6769884253763	2003.7493178481536	2047.9962325902948	3065.225006950396	3573.2819731781983	2296.528248979114	858.9755279554097	206.8097822884347	1798.8015449058769	779.018940774032	1879.7868355426708	117.50216661973128
K00304	soxD; sarcosine oxidase, subunit delta [EC:1.5.3.1]	6.856737690538014	7.208474057796186	52.24347017700401	66.88437165568787	221.24970042903885	141.8504996619666	286.5495763881656	44.73861809079212	36.00098580792396	44.77304409361338	13.236136012449624	217.0674548021428	22.936768060830445	197.29710286246257	0.038374693980328
K00305	soxG; sarcosine oxidase, subunit gamma [EC:1.5.3.1]	8.867843337801133	14.025089224926836	53.00380093018916	66.92445594574485	265.1084362958883	171.88383541838658	290.25333340820407	44.78252317265445	36.0310816552812	44.79558520938287	20.928103897466823	217.12376770222664	26.322472783597306	197.455767017316	0.0443093284898488
K00306	PIPOX; sarcosine oxidase / L-pipecolate oxidase [EC:1.5.3.1 1.5.3.7]	1.920063778550551e-06	5.3941554145305385e-06	3.639864545977002e-07	6.930203310429451e-06	3.344011489008732e-06	1.0094041244220406e-05	8.579670568798011e-05	7.590782903588466e-06	5.203293876200373e-06	3.897150602004353e-06	4.662498094785181e-06	9.735980006782316e-06	8.766377976852154e-06	2.743156607360928e-05	0.0689343245778616
K00311	ETFDH; electron-transferring-flavoprotein dehydrogenase [EC:1.5.5.1]	57.511397371294855	68.41179061212563	232.3398933786841	162.88162119699842	520.3499754671038	357.649430432394	1288.0917524531365	211.24734440601375	244.67435091636312	162.24700688023637	85.20419965852719	1015.0777554596698	120.88007751519848	842.8182238190949	57.41252244039241
K00313	fixC; electron transfer flavoprotein-quinone oxidoreductase [EC:1.5.5.-]	884.280223016804	1763.184805103591	1395.5436017624288	1771.09070736275	1195.6196002356237	1395.9144314391262	2004.0836864586329	2425.197873612878	1254.3753294373855	1013.2106360153206	245.52832378286763	381.8490823791204	1114.787836097839	536.1755557127483	97.30530234758643
K00315	DMGDH; dimethylglycine dehydrogenase [EC:1.5.8.4]	3.754223688469798	0.0311932845701075	19.712120595961384	0.0400842901331766	0.0193417596468448	4.2583839260878165	0.4962480737171506	8.043905081945804	0.030095847414459	0.0225411158123418	1.826967885068472	16.45641059670357	8.050704722863253	39.15889713678672	0.0071246085407778
K00316	spdH; spermidine dehydrogenase [EC:1.5.99.6]	0.3198136545011565	0.8896954507731102	0.7348198745220701	2.369631854186715	3.891081315026128	11.43787751520694	37.160995211227785	16.15054017107146	1.5773795510357562	2.8602816235644832	0.7400943956395585	13.068200996887615	1.8757643762435143	8.277977624400675	0.3910445556820448
K00317	dmd-tmd; dimethylamine/trimethylamine dehydrogenase [EC:1.5.8.1 1.5.8.2]	0.0	0.0136321824886827	0.0	0.0	0.0	0.0	0.004669929603526	0.0	0.0	0.0	0.0	0.0	0.0	1.980883483938254e-06	0.0002379948039948
K00318	PRODH; proline dehydrogenase [EC:1.5.-.-]	97.4164534686663	111.13378259596352	3237.339879237262	2762.1438776567643	2173.806694670182	1161.5986687204563	705.9278115199917	569.1030518243042	375.8118752277227	394.9805128495331	219.24531831478373	925.2462938818976	248.551617152647	460.3957482298297	19.537042415641327
K00320	mer; 5,10-methylenetetrahydromethanopterin reductase [EC:1.5.98.2]	0.0	0.2997850941099842	0.9423291573363752	0.0	2.4910783402141403	0.0	3.9863198737794296	0.0	0.0	0.0	0.0	0.0	0.0	0.0	0.0
K00322	sthA, udhA; NAD(P) transhydrogenase [EC:1.6.1.1]	10.000005524967	53.87150012619946	28.03253533671543	85.0258862829452	187.047965519448	246.71051686895328	242.4635101868787	116.5641351966594	82.07650959343353	93.53493945265193	34.284113922623064	146.07981627480422	85.63447731062705	280.74296699376123	15.934720737906089
K00323	NNT; NAD(P) transhydrogenase [EC:1.6.1.2]	0.000136581696118	0.0014151620261327	0.0010364612365687	0.0009043831384132	0.0002093266099888	0.0001853489748326	0.0020099702588158	0.0146332871269008	0.0003005498614316	0.0003005727461477	2.967393235601999e-05	0.0001567380467323	0.0002602401486257	0.0023825002443806	8.753782329936792e-05
K00324	pntA; NAD(P) transhydrogenase subunit alpha [EC:1.6.1.2]	1455.1727906929275	1681.7438107410364	9905.79175348277	3587.1989502840825	2814.7446802348923	1504.3049693780663	2286.958052127279	6444.809456865536	2026.445731870364	824.9378074652204	241.22955973587244	2115.971794238704	412.6615394448888	2061.286173832296	198.12373563406044
K00325	pntB; NAD(P) transhydrogenase subunit beta [EC:1.6.1.2]	752.5087033941843	894.0964585682366	5012.546112944744	1831.8278203992325	1496.9869724106154	843.2294743394532	1186.9549770580693	3029.10476437102	1049.9238036424222	457.5141636131747	137.98223789555058	1097.0149581994124	244.66318007519664	1051.0872745135557	105.6904655616307
K00330	nuoA; NADH-quinone oxidoreductase subunit A [EC:1.6.5.3]	18308.928518687884	11392.676322615964	71196.36194829857	14437.035186783409	3194.2921459545505	2920.2456357185574	2244.3199833797435	27524.93506648489	17742.91401191007	4152.124197221574	195.4561636812184	2163.0724277449463	789.0789471807084	1827.9346428849467	697.5516274236383
K00331	nuoB; NADH-quinone oxidoreductase subunit B [EC:1.6.5.3]	17158.610333852335	10987.91869716156	64074.270831025904	13965.83995082224	3118.7216282605978	2801.758764222872	1757.7019671359249	26415.123132635166	17454.791439243123	4086.5314740877	166.14237543394188	2190.75108491161	580.2853041346607	1809.7924618726388	613.9123916094039
K00332	nuoC; NADH-quinone oxidoreductase subunit C [EC:1.6.5.3]	351.39692834030177	788.2401405062278	4623.0526015326095	4710.158237331942	1726.252467699311	1488.8706576740235	1234.614702614934	781.130269000253	2497.0622153406825	670.6773570329163	141.05806200746753	1045.026695595839	380.99191898306617	1272.1689820178226	98.09629413671806
K00333	nuoD; NADH-quinone oxidoreductase subunit D [EC:1.6.5.3]	333.9525851981838	793.2675442146274	4528.451387517628	4721.643207007514	1754.1997278406202	1527.736989856899	1186.2179349520816	738.8297908299476	2490.9235418068088	678.9665279043276	138.75396470963972	1048.0308327734997	390.2966859685556	1306.7511157183887	100.7236403713912
K00334	nuoE; NADH-quinone oxidoreductase subunit E [EC:1.6.5.3]	18615.298592478364	25918.22477536632	23752.16793958831	20770.18879765973	13793.714849803591	13642.761141510144	15572.074351459636	29738.175956291238	14595.085058145356	9435.91963158648	1866.1102490431208	4188.375401225629	5804.563115997085	4404.845460685587	739.9783649397746
K00335	nuoF; NADH-quinone oxidoreductase subunit F [EC:1.6.5.3]	18869.350042327977	22763.0636478335	22823.248416293485	18944.076891301032	11037.26773682353	11170.808563447554	12584.195277736882	28160.733260333887	12355.133035305636	7581.696564872438	1473.5271163569296	4358.61412874563	5809.741807811404	4069.367866539807	608.1965895551236
K00336	nuoG; NADH-quinone oxidoreductase subunit G [EC:1.6.5.3]	21145.06438304625	29472.260873574385	23984.22200490109	25553.860509731392	12784.680977848791	13777.005097444253	15302.57324893142	35141.30519921419	13460.660327703394	8693.988573994733	1610.283722432922	5453.485223183984	8273.207560088194	4382.437500742321	803.3103551237414
K00337	nuoH; NADH-quinone oxidoreductase subunit H [EC:1.6.5.3]	17654.930067637324	11698.25407186025	71573.06226396491	18955.49497253372	48904.4275829485	20720.55700711752	2511.3885511726976	26717.6813968134	17517.453442146514	4091.396211258712	3289.7300847003207	2356.732923541763	779.0616795891068	27359.13579425632	672.7440461977428
K00338	nuoI; NADH-quinone oxidoreductase subunit I [EC:1.6.5.3]	17611.846461505967	11067.055059418635	71038.35502435523	14266.594692615872	3234.0351179313056	2958.9030668285645	2112.677413489696	26575.186037367566	17483.207938006908	4091.3033249322352	188.07256568106368	2131.761539528422	619.1724380873695	1812.9009879410648	620.4529457207227
K00339	nuoJ; NADH-quinone oxidoreductase subunit J [EC:1.6.5.3]	17743.780006557092	11074.682760203872	72043.76137026896	14203.965999654649	3133.770819205515	2829.1084409279047	2071.1544294528503	26782.45883760098	17625.69000187568	4098.105905064362	181.69930055273588	2124.3486565158582	592.5900848127341	1786.5692565560971	618.5714153995827
K00340	nuoK; NADH-quinone oxidoreductase subunit K [EC:1.6.5.3]	17508.49815615837	11015.449483601456	70812.64215549162	14137.927257111463	3114.3867442150618	2789.9256050938475	1624.6452906115942	26361.773361092164	17419.48104724986	4049.693468856616	157.2679463635119	2074.2243879102907	575.992959835831	1609.1789798680977	612.6238337224866
K00341	nuoL; NADH-quinone oxidoreductase subunit L [EC:1.6.5.3]	17643.792646349815	11033.863911396553	71137.70390763252	14133.421411850584	3122.084999150132	2787.034951923248	1601.0063454703732	26524.793000860744	17457.993842116048	4055.565359485216	155.9044644614814	2090.485656877774	556.0223512444693	1700.7032760866175	611.2000183863515
K00342	nuoM; NADH-quinone oxidoreductase subunit M [EC:1.6.5.3]	17602.197480896684	11054.956326514142	71052.11796323342	14175.680296408922	3279.24388343287	2871.469347974304	2080.1209045891665	26517.335421467385	17485.16397374591	4082.273764663984	186.1499355454812	2150.346673295191	587.8484884141341	1828.2695349678895	616.2431685886868
K00343	nuoN; NADH-quinone oxidoreductase subunit N [EC:1.6.5.3]	17570.277330196466	11022.279672843872	70967.09154970058	14128.667839682048	3116.3261435232826	2784.187384338028	1576.267818987194	26444.079033306727	17432.899044734324	4047.1847285367976	153.9935949188845	2072.030325736787	552.5116268418803	1688.0112631254142	611.2394358286668
K00344	qor, CRYZ; NADPH2:quinone reductase [EC:1.6.5.5]	199.0506821565476	663.2540901587756	2503.1075517542718	5287.9283961185965	4910.256405537635	2592.518423080954	3880.078402425306	1093.348984081848	1468.031435377976	1131.67526647217	394.8709867407654	5456.371444615642	706.0695871643532	2710.2813512722	181.0477762069151
K00346	nqrA; Na+-transporting NADH:ubiquinone oxidoreductase subunit A [EC:1.6.5.8]	17185.113245770073	10230.918883184167	67877.15308568446	9435.405216677538	1194.9145517529878	994.149534170607	602.4186222034166	25863.26172224824	14971.2464442851	3303.4027316193246	4.684240900089221	939.6833500373888	107.90552666256436	265.7044566745993	502.7281577560136
K00347	nqrB; Na+-transporting NADH:ubiquinone oxidoreductase subunit B [EC:1.6.5.8]	18080.597021754176	11173.824340632307	70186.21961440108	12014.005677010236	1842.727679978136	1652.4682847941772	1682.5031467759468	28524.133995157343	15699.248564298625	3787.594206634318	150.40973699009513	1039.5829618987914	519.5129709740611	401.5855060645247	595.3945894517515
K00348	nqrC; Na+-transporting NADH:ubiquinone oxidoreductase subunit C [EC:1.6.5.8]	17057.232612097745	10567.44824200026	66310.23906938254	11879.770068185902	1820.8869072472403	1638.295709218933	1309.9535746920787	26662.31696504294	14738.208435956023	3485.21296204202	112.9611408125328	977.8541179279988	501.1727460189896	328.220542055116	546.7806202490858
K00349	nqrD; Na+-transporting NADH:ubiquinone oxidoreductase subunit D [EC:1.6.5.8]	17169.019736902213	10984.554569493876	66580.76475007882	12259.378789092509	1908.499327546632	1709.8844616688398	1397.6962798675931	27028.07234070145	14828.52019498717	3582.7279667726425	124.97790657925808	981.6846963324042	544.854550066504	330.8676084307486	554.638581801155
K00350	nqrE; Na+-transporting NADH:ubiquinone oxidoreductase subunit E [EC:1.6.5.8]	17239.288613520977	10609.067996718448	66518.11196717463	11909.711677550156	1827.2708017738692	1639.2818660530725	1367.7586591472607	26865.625805734737	14762.036939196272	3490.144270426793	112.23709463737754	988.4944857599954	559.8769881374537	325.79053289881807	546.3718098342526
K00351	nqrF; Na+-transporting NADH:ubiquinone oxidoreductase subunit F [EC:1.6.5.8]	17171.903660892276	10587.622591149106	66375.77576543934	11879.318676515702	1824.708424798599	1635.6770496553438	1306.9372436760495	26793.886517651004	14736.203503077944	3483.1477322392684	135.68584196464266	988.7510680237996	512.2000179575709	325.76199324409936	546.0496498547542
K00354	E1.6.99.1; NADPH2 dehydrogenase [EC:1.6.99.1]	916.2186835080624	5325.316957091043	14523.869591766956	1086.2226932140725	1029.7301802582904	786.712079663718	2086.144174882411	7562.442175235521	547.344126498551	576.092964597199	81.23945391694613	495.29291099144166	213.42823357080184	521.0415200789301	33.70072066204723
K00355	NQO1; NAD(P)H dehydrogenase (quinone) [EC:1.6.5.2]	759.4465010447063	4367.683377623531	1335.4390945552452	287.7957864949767	1120.3765998047452	757.7375343561453	1064.0061523923555	728.4379888744107	477.74684764768335	435.3793321615361	120.16402222180209	1535.2388915791091	178.7827423074605	1033.8368888080454	17.032323587925845
K00356	E1.6.99.3; NADH dehydrogenase [EC:1.6.99.3]	53.74492823027101	303.1995423653109	155.84331485269212	546.1190260250368	2761.9799316578237	1647.2804053829962	827.8679254233199	114.86516561764356	165.77452889538912	871.265816498861	294.9377053651513	253.03513637105644	101.63172469321206	1321.0380272534442	63.68597105813993
K00357	QDPR; dihydropteridine reductase [EC:1.5.1.34]	0.0	0.0	0.0	0.0	0.0	0.0	0.0	0.0	0.0	0.0	0.0	0.0	0.0	0.0	3.002047600908489e-05
K00360	nasB; assimilatory nitrate reductase electron transfer subunit [EC:1.7.99.-]	0.0017465314170859	1.7647003945100166	3.2862433818455363	0.0004942137160508	8.687318122175885	0.0007235646993632	14.046357841496825	0.0001779662942343	0.0009425397871099	7.055715181129068e-05	0.0055422546136655	0.0180938036462748	0.0035192769294405	2.8599989716231303e-06	0.0
K00362	nirB; nitrite reductase (NADH) large subunit [EC:1.7.1.15]	612.8860865762397	1338.103844630517	773.8603292813375	3546.545304049929	1268.5300662846057	1265.2413347561362	3160.405714385756	2055.0874824243783	1235.6716729148336	961.3150331145024	272.2186695172947	1643.5253791198904	695.699760228305	1156.8253604244217	184.6087093113967
K00363	nirD; nitrite reductase (NADH) small subunit [EC:1.7.1.15]	16.906391567129344	82.32063999224746	46.53001473270845	146.37421834486895	445.1495680205451	359.7676802587154	823.9707625329173	177.20541105658677	267.4688035238014	209.94719883689345	71.54962346408351	949.891215459844	167.26536876359114	571.1237689073522	69.33079792274599
K00364	E1.7.1.7, guaC; GMP reductase [EC:1.7.1.7]	1106.503501783367	5845.011871767234	17518.85639244009	322.1733810210605	1458.247235346179	1606.4157239331869	2790.145307388496	9951.326717716393	867.7196241980928	1587.2188481356493	277.23942551555683	943.2972383106044	180.3733968419072	687.6026610027776	16.568430233217068
K00365	uaZ; urate oxidase [EC:1.7.3.3]	0.0147859645522337	1.724501035887969	3.185767802395911	6.308982276857588	28.98461530742692	0.1875483496611329	19.732122289151437	5.543158812464111	0.0401143403283716	0.0571327482404445	0.0275951958755591	0.0285791697495046	0.0446829564543438	0.2036913773877234	0.0021889348167716
K00366	nirA; ferredoxin-nitrite reductase [EC:1.7.7.1]	8755.741568194197	7535.947512775599	4034.693750063389	10073.064462361466	62970.19988011966	28641.61465497202	4622.389857022834	7461.772955615079	2850.051391920339	1853.3186379498936	4323.4708112089575	1590.6912334148064	1710.8972829751574	33162.656237302515	290.5704846021137
K00367	narB; ferredoxin-nitrate reductase [EC:1.7.7.2]	63.24395242760851	57.29977962708234	54.87374512876697	65.52911145970981	148.01239805506103	203.68597877292387	186.06346747651017	59.19924142532734	267.7210325114124	165.03261406114672	11.708385296663694	38.75868769696099	70.09638975698557	50.4634929920071	6.885432450669435
K00368	nirK; nitrite reductase (NO-forming) [EC:1.7.2.1]	4.441686585512154	19.50346807561455	518.7535580809946	1311.5600069713946	963.6392151979048	431.6422119820552	125.9343771900497	4.6364961435649406	2.364002442700956	115.51784596299755	66.06988820965077	147.11083440155429	49.19973177506358	124.90301771373818	1.582149925990398
K00370	narG, narZ, nxrA; nitrate reductase / nitrite oxidoreductase, alpha subunit [EC:1.7.5.1 1.7.99.-]	234.97803729428315	334.7366797009465	1496.9862682612647	1293.9986862277178	1274.4934367778096	810.4970894992773	740.2019416591836	1628.5764045976111	386.8619624888265	356.8910896422423	167.38793439260348	312.034563170844	249.32491676129155	324.575344423883	67.3099296409659
K00371	narH, narY, nxrB; nitrate reductase / nitrite oxidoreductase, beta subunit [EC:1.7.5.1 1.7.99.-]	234.8825632365639	334.2318996038713	1496.6549728666314	1293.2883517285595	1272.660842075782	808.9657700469589	759.5199358847242	1627.895417619172	386.1599960251528	361.134240277955	167.07590606649197	311.7831074220728	248.60852980343523	330.8547895167768	67.15961804517423
K00372	nasA; assimilatory nitrate reductase catalytic subunit [EC:1.7.99.-]	684.7947630827673	1955.829456726068	1561.1275357962695	14435.427536527945	127329.83812693278	49879.46817564607	2197.322086686292	881.1915958547193	421.5022648955808	294.43127097528924	8649.1657156201	2170.5432922194163	758.0817682099641	71063.31488437635	196.814160810256
K00373	narJ, narW; nitrate reductase molybdenum cofactor assembly chaperone NarJ/NarW	421.6563446818433	506.0121765807562	2456.856378564719	1397.442187549446	1272.3924007569617	809.0608797726717	766.7651068443058	2302.8493896414893	523.1551786396536	356.19254749430195	167.0903982999705	349.79811531172265	248.6319957880908	324.0073894925669	66.34778935239763
K00374	narI, narV; nitrate reductase gamma subunit [EC:1.7.5.1 1.7.99.-]	230.56192949033843	321.6189772680456	1496.7711877382112	1277.1360746960086	1264.2153769388065	784.8646549012565	530.4652658363286	1722.3463440487262	373.6521309213381	346.8392435569633	162.68049207891733	311.85284233364627	227.44596275101483	257.8661877673262	64.66969250759678
K00375	K00375; GntR family transcriptional regulator / MocR family aminotransferase	39156.30614576024	34608.395675222666	24550.922740494123	17112.123359220706	34052.822987523505	29923.54392088455	14866.238920328806	47700.15407048064	12994.074511489878	7623.871805778282	1455.4976408533228	8522.61299038335	5208.142896756359	6021.890884277905	911.3861369680824
K00376	nosZ; nitrous-oxide reductase [EC:1.7.2.4]	36.592627066297	22.89408233057561	164.0702936588172	48.12398135544224	77.70922383927271	145.88281462282418	84.4707061029531	60.44845756527574	34.4310209160918	39.946550868188574	3.4349667479575	66.2502713148648	35.33276381523862	67.07461343320325	8.036893019685309
K00380	cysJ; sulfite reductase (NADPH) flavoprotein alpha-component [EC:1.8.1.2]	53.81792894531572	693.1478456022556	4333.560184243431	4463.209727808806	618.0249294817222	825.7955210861576	1070.9220283152445	743.4780460045795	3584.079381822146	661.8218212036006	85.6878907356431	1662.207554196617	328.1426647414041	1531.3646584754215	107.68918713859316
K00381	cysI; sulfite reductase (NADPH) hemoprotein beta-component [EC:1.8.1.2]	32.62430222768264	279.1742280344074	1411.9692784893143	1507.7217915221745	599.3938851031143	559.5599225733728	810.0422152962594	339.318450034046	1259.2810386238164	358.47481809455843	89.68922955220427	945.7646109078768	198.9217025239548	1053.2259818269613	72.60503541885188
K00382	DLD, lpd, pdhD; dihydrolipoamide dehydrogenase [EC:1.8.1.4]	38387.04978401389	39767.90229094801	94827.65541049422	38662.80144314779	19115.662215900986	16468.293783955654	31352.530478766246	64194.18957747028	34875.886581054016	17391.89853138882	2928.331332117028	8714.753200612893	5103.995390622671	7432.963761526826	1631.4614396707357
K00383	GSR, gor; glutathione reductase (NADPH) [EC:1.8.1.7]	616.5120612336243	2644.5689508646265	2960.0410014600147	2321.53403700961	4352.749327207658	3737.9877302861382	4920.974448729988	2772.9759952521863	2454.4659513296647	2725.493376825621	667.7854113541276	1432.6654288747054	363.0813311373384	1885.6231877949403	73.94252440754448
K00384	trxB, TRR; thioredoxin reductase (NADPH) [EC:1.8.1.9]	84153.50751050262	91754.39721135118	161698.14427440963	70109.60950196174	196019.3835990856	113179.31191660874	42886.58995256854	135736.9551203056	42882.50056826091	23594.58023696393	13046.794306082413	15755.867233536075	13837.032496570457	85018.77570025937	2647.042065752941
K00385	asrC; anaerobic sulfite reductase subunit C	7842.946596397552	7414.455961242666	3811.5235594131423	19535.7340936614	171568.14664225804	72532.18215786318	3178.6049830961574	12320.70221035376	2355.3570393751784	1120.1798077493645	11210.829346509989	1594.4690949039525	1752.5140594234956	90559.84481099628	370.123231523912
K00387	SUOX; sulfite oxidase [EC:1.8.3.1]	2.0028918478798043e-08	0.2874686081196053	0.0003106627490826	4.1854427641239714e-07	0.0811097825957483	2.9749520844942605	0.0013143705053085	5.793527583422353e-08	5.4338480890400446e-08	7.739144463217779e-08	3.7380174059361065e-08	3.8713055146482495e-08	6.052708222410389e-08	2.7591828575813e-07	0.0
K00389	yidH; putative membrane protein	127.31864272460588	90.59724264280663	907.3928742523494	1416.5364779548252	1178.0999325312432	600.2652299601764	801.9695762562012	313.6579039713804	248.23434805423287	272.88544836401786	125.78505408921046	821.874481522815	190.8016160591913	516.2368442270263	19.76044354589713
K00390	cysH; phosphoadenosine phosphosulfate reductase [EC:1.8.4.8 1.8.4.10]	7053.149030480104	4904.472245093563	11645.640188220796	6875.443902527899	3767.835697618442	3568.75176636617	5637.477065639741	7552.880177916232	4620.965627101448	3223.918460262085	444.7173368040288	2454.7534107410056	1862.0978597499163	2020.695888089036	323.4826126746815
K00392	sir; sulfite reductase (ferredoxin) [EC:1.8.7.1]	18.7258641315587	42.83641638689368	572.178729258515	1303.42013525641	1034.7303702738443	466.6297771457441	296.1473248216476	48.498133455535424	25.283143596371964	146.90263979955617	82.44289572810825	123.10504417067284	64.58908258847401	129.10608850876736	3.6568057191554657
K00394	aprA; adenylylsulfate reductase, subunit A [EC:1.8.99.2]	3174.734365160186	6076.9421751420205	1877.6712656346483	779.7677796247813	1111.0801525741458	957.96016489077	723.5295057940981	2836.646683224757	1329.4491415984564	944.8102008149508	90.70798160229164	353.37650061700816	248.8124771422852	740.5780398671604	75.1329908235162
K00395	aprB; adenylylsulfate reductase, subunit B [EC:1.8.99.2]	3177.1276811668777	6077.09191059783	1877.5261559401824	776.7473101950433	1110.0069642863052	956.3906642853126	721.5837714377077	2839.470125321815	1329.4616883670717	944.41312714653	90.4862811411857	353.13898536558185	248.4058166812087	738.5840233304368	75.13299082856226
K00399	mcrA; methyl-coenzyme M reductase alpha subunit [EC:2.8.4.1]	0.0049352597684367	0.0218893294145307	0.0052636906026998	0.103132115239982	0.0516093874971844	0.0625998947481219	0.0663431285195812	0.0142756403098165	0.013389365926087	0.019069770717711	0.009210725450184	0.0095391562844471	0.0149142787773435	0.0679881151106388	0.0
K00404	ccoN; cytochrome c oxidase cbb3-type subunit I [EC:1.9.3.1]	66.76347114002445	60.59293686286542	148.4437730929891	163.20124643805957	236.6638095693021	390.4813088091768	974.4320400263556	159.64758336751288	207.37388287993772	169.96671230479882	43.34295056405179	1075.4387963619158	125.99235299719938	695.754020069373	59.70871574328871
K00405	ccoO; cytochrome c oxidase cbb3-type subunit II	65.8837326480933	53.10402463909696	146.9263204839964	147.07129724044842	217.560477246642	345.9010145014447	888.866739649561	154.93484090119338	203.1417454259884	162.92360592585183	41.17266292405085	995.3757611877348	121.1288639233172	637.9906907437035	59.67278992780537
K00406	ccoP; cytochrome c oxidase cbb3-type subunit III	13.40540776670683	28.451341439271012	71.62639961745043	81.88617745341011	211.82046267327647	286.96507282435755	648.2391164819604	143.34826673586866	251.56096960178928	171.58082914746225	27.811388764450257	1268.2403868783022	108.6797907307581	662.1842376265571	58.38354270502917
K00407	ccoQ; cytochrome c oxidase cbb3-type subunit IV	11.163302622866013	26.94715028231189	64.70878851073715	72.62762867240754	183.63697738348145	284.2308086260719	537.212090688337	87.55327962813888	175.1331076143812	134.80662498393198	20.02042082012432	959.88271548405	86.17196901778152	445.0476381210306	55.49840358506954
K00410	fbcH; ubiquinol-cytochrome c reductase cytochrome b/c1 subunit	7.34	0.0	38.65	0.0	0.0	0.0	0.0	0.0	0.0	0.0	0.0	0.0	0.0	0.0	0.0
K00411	UQCRFS1, RIP1, petA; ubiquinol-cytochrome c reductase iron-sulfur subunit [EC:1.10.2.2]	20.11145532567229	35.45668424665709	103.45102757441536	97.55228730155068	336.57711760942647	325.30905814749644	594.4689385857805	96.24980503700289	192.8185540159844	154.34908863752307	35.39740064616849	942.7968668139828	98.3574991942065	522.8389187861522	55.61189161459132
K00412	CYTB, petB; ubiquinol-cytochrome c reductase cytochrome b subunit	22.01740298545428	48.69302584844761	102.3046363958654	131.48748721693605	389.1940449570845	420.9461325859969	659.255203610006	134.202724559761	202.16619115565177	177.66515086687838	40.51165642388118	953.6205880129248	127.16832652775966	527.8625181323135	63.03341763191871
K00413	CYC1, CYT1, petC; ubiquinol-cytochrome c reductase cytochrome c1 subunit	16.49856138774768	35.41870098630991	84.43223457416575	91.44861033285056	336.3283976234314	324.89980718863274	594.3984866147016	96.18232937452105	192.79105654828632	154.25348859354222	35.38733718023722	936.2326560833496	98.24468848448964	507.314659647741	55.548815014176185
K00420	QCR10, UQCR; ubiquinol-cytochrome c reductase subunit 10	5.961150941829479e-75	1.4223481475174013e-74	2.92852498015428e-74	3.880227111216577e-74	7.760728172384526e-74	1.5217919798650162e-73	2.635672482138852e-74	2.510203404411007e-74	1.0251207180296834e-74	3.556144318744874e-74	3.764072331835341e-75	2.133522221276102e-74	4.194173755487561e-74	2.8244239986333606e-75	5.125603590148417e-75
K00422	E1.10.3.1; polyphenol oxidase [EC:1.10.3.1]	0.0198808236749443	0.0558407965343187	0.0037688073723196	0.0717570695230625	0.0346247367002355	0.104516243879906	0.8883606871441841	0.0785968769094463	0.0538762145493667	0.0403520783104612	0.048276678901345	0.1008087876975315	0.0907692842147559	0.2840333401053503	0.0106239122730694
K00425	cydA; cytochrome bd ubiquinol oxidase subunit I [EC:1.10.3.14]	19411.795970314157	17014.3356623242	94267.82724074804	16369.193040852126	7942.408844472573	6100.914055955134	4467.927829267226	37589.84959196689	18707.129675683205	5868.059853667724	693.7519178939117	2091.720438147483	684.8903138235407	2783.0671775641786	643.7938249024694
K00426	cydB; cytochrome bd ubiquinol oxidase subunit II [EC:1.10.3.14]	19082.596925258666	16906.75184061376	91333.63889105454	16340.55576455004	7772.572327546948	5940.9927955612975	4206.051138832082	36982.317912438215	18309.5094525479	5838.721116901879	639.2708256802787	2078.5856995567524	687.2781265146489	2854.054209203015	645.9201272786427
K00427	lldP, lctP; L-lactate permease	12.442292619502409	219.11152273069573	97.20842336044797	341.24543722591534	1932.0506273939388	1170.777519052972	176.46766233618845	107.93439808933228	153.08511621414226	654.0140022015869	205.2258314035	148.5180688386803	84.59039836075381	895.6841091711293	18.85918415815634
K00428	E1.11.1.5; cytochrome c peroxidase [EC:1.11.1.5]	776.8026443029767	1073.0042167201882	9772.091473966671	3809.3596542082137	1265.875966589787	1476.089892094013	1148.1052518519768	3024.168894125364	3261.962293876557	667.1106384238253	107.37419248197268	600.323468073195	415.7813276923495	954.1516425519804	84.71292327243783
K00430	E1.11.1.7; peroxidase [EC:1.11.1.7]	0.0	3.4080696783223664e-23	0.0	0.0	0.0	0.0	0.0	0.0	0.0	0.0	0.0	0.0	0.0	0.0	0.0
K00432	gpx; glutathione peroxidase [EC:1.11.1.9]	15265.60910186969	16547.998387391242	68961.01790777851	10458.961052198702	7486.09774720359	7116.621527046938	10133.427840380707	27367.549445563724	16947.979652766633	7335.301466411975	1089.3105601477096	3195.3750804010438	2977.5614980009823	3991.426342318408	457.712333554539
K00433	cpo; non-heme chloroperoxidase [EC:1.11.1.10]	4190.903850267909	4742.031337046962	2097.4349111027323	8553.801375308289	60038.66645564303	25089.95737278872	1858.106202466539	6196.522112299926	2048.5396701532813	2419.608693753209	4171.532306905428	866.779891659411	1502.1787516547918	32820.16543140626	224.23402775841024
K00435	hemQ; Fe-coproporphyrin III decarboxylase [EC:1.11.1.-]	5.740672047021042	13.891284985882857	17.561911545861605	3.307197338867586	2.236176486476376	4.797920727381277	41.29948686041159	17.528788685721914	2.469123066764136	1.851289708737384	2.211891009371497	4.616638733124388	4.158249109595826	13.016555211498993	21.4044092029908
K00436	hoxH; NAD-reducing hydrogenase large subunit [EC:1.12.1.2]	4.975565492490589	13.957271662670104	1.144112786830619	18.08195462533787	9.145188854057288	27.019467374778912	226.48817656480963	24.196439935599624	13.441456456838385	10.266306355239994	12.005755569626096	25.165928682487976	22.821858588568524	70.49737841864689	2.76938934920632
K00437	hydB; [NiFe] hydrogenase large subunit [EC:1.12.2.1]	0.0	0.0	0.0	0.0	0.0	0.0	0.0	112.68	0.0	0.0	6.85	23.6	0.0	0.0	0.0
K00441	frhB; coenzyme F420 hydrogenase subunit beta [EC:1.12.98.1]	2320.4114381781355	609.418563084457	4606.634762002419	237.55426440047216	133.83158219334268	162.3211668579043	354.60065044997384	2055.2572671457538	1162.6173908588205	228.33305697319005	15.672685237932296	74.81499666904664	59.44368372398882	83.92619314441237	9.565556518812594
K00442	frhD; coenzyme F420 hydrogenase subunit delta	0.0	0.0	0.0	0.0	0.0	0.0	0.0	0.0	0.0	0.0	0.0	0.0	0.0	0.0	0.9229635043917648
K00446	dmpB, xylE; catechol 2,3-dioxygenase [EC:1.13.11.2]	150.71417419366736	33.34568790743099	19.050907092163385	50.427674736987406	204.3442542665022	14.762591719106606	662.3993464594625	307.4314222293065	353.2287031917017	148.63483046438904	45.7775322701351	1277.083247976649	92.01555254876465	611.2659753908002	0.5541448063113187
K00448	pcaG; protocatechuate 3,4-dioxygenase, alpha subunit [EC:1.13.11.3]	2.1582538839440724	8.397735884460227	21.722772453330204	48.51675985777406	162.52084151973085	125.40764221795284	277.27348355996764	33.49624654091762	29.46747797382164	38.83909907775608	21.24914344170945	163.8983247621067	15.356444426853484	217.63881473773768	0.0901965128884219
K00449	pcaH; protocatechuate 3,4-dioxygenase, beta subunit [EC:1.13.11.3]	4.182618406184119	15.147699438392506	21.815824177645105	48.543597977985854	306.54875569895256	167.06701547798366	809.4730762284936	135.56042879564896	333.494889155765	156.77594229281652	58.973307902699545	1393.6114805880743	106.78337696433373	770.2435986745803	0.1384530945429569
K00450	E1.13.11.4; gentisate 1,2-dioxygenase [EC:1.13.11.4]	415.42722775885545	1173.3351716488592	826.6642893642089	1708.3350176367976	1394.4033789245038	984.791720371565	1344.2787703824663	1200.8678947603737	712.7648986523634	510.6202718658549	114.61962696836436	1711.4648398229208	313.7663299682601	838.8738005864321	31.274623475926777
K00451	HGD, hmgA; homogentisate 1,2-dioxygenase [EC:1.13.11.5]	24.219706469228715	40.22932629231137	96.2938483789163	103.86531714635792	233.68088116875415	221.80404245128383	616.8122523249647	91.78300958147612	50.515355281229134	53.77125550746232	33.47075217333822	236.90975642340985	39.93950106919832	312.1037726965599	57.108987966206506
K00452	HAAO; 3-hydroxyanthranilate 3,4-dioxygenase [EC:1.13.11.6]	8.681000299526538	31.8746570664515	1.0803887304993698	27.405187311542637	153.5717222516794	113.81686610170932	515.2119998202079	75.3535383967235	164.85142145779395	72.35266050592342	41.67986333018229	686.4119498339046	71.9951329328998	378.6472726853949	3.058352558329976
K00453	TDO2, kynA; tryptophan 2,3-dioxygenase [EC:1.13.11.11]	24.70023897432088	41.14773266397634	609.5255387792279	1345.0588039624429	1200.243383825927	550.6816303851706	970.1975912094078	126.49274360482224	204.2251748181134	217.93051294916077	116.3566290742101	953.7086456337306	122.4689082910871	531.4388574425294	55.412900753400514
K00455	hpaD, hpcB; 3,4-dihydroxyphenylacetate 2,3-dioxygenase [EC:1.13.11.15]	9.379636467202328	25.34682032399177	37.006018726632114	54.94156716587641	243.4288389302216	107.9253719602214	469.125665224598	64.74079399020307	175.64655346441054	88.05523134570042	31.05373444861833	729.2674502822383	52.60830485730192	377.8281602356989	0.1418107887798783
K00456	CDO1; cysteine dioxygenase [EC:1.13.11.20]	0.0321628523318678	0.1443256789916648	0.034303220401487	0.6721070721242619	0.3363359148035011	0.407960525938449	15.43235500174802	6.0183780006747245	0.0872578586140868	0.1242767854934158	0.060025858095304	0.0621662261649233	0.0971956428757454	0.4430753008403774	0.0955466863095865
K00457	HPD, hppD; 4-hydroxyphenylpyruvate dioxygenase [EC:1.13.11.27]	34.670023116099195	73.8940194098735	140.53343410361884	212.83460824527828	765.0820948313906	472.9562483813221	1766.280734851352	250.00680963693628	422.4745224402562	273.9716143301139	113.40179966686333	1787.8138287820486	163.98779290102826	1258.7954447660818	58.56050508546291
K00459	ncd2, npd; nitronate monooxygenase [EC:1.13.12.16]	3028.208720724756	2209.618196528935	2791.8242069328226	3235.969760270646	3175.039080273224	2087.8812266986693	3144.222545613055	4455.952824395696	1497.6802796417142	1037.7482489145154	356.2269310984124	3782.797721853642	1285.0226760379533	2425.279186469871	262.03245194268425
K00461	ALOX5; arachidonate 5-lipoxygenase [EC:1.13.11.34]	0.2589920155833562	0.7274507677682379	0.0490971115513982	0.9347956790922172	0.4510643267933749	1.3615569005711143	11.572876893347972	1.0238994068937426	0.7018577110427981	0.5256757096927981	0.6289112855061244	1.3132590249368288	1.1824721277250605	3.7001669774611785	0.138440462262337
K00462	bphC; biphenyl-2,3-diol 1,2-dioxygenase [EC:1.13.11.39]	0.0	0.0009681856048159	0.0	0.0	0.0	0.0	0.0	0.0	0.0	1.4669551151824115e-06	0.0	0.0514063570590703	0.0	0.122591243177263	0.0
K00463	IDO, INDO; indoleamine 2,3-dioxygenase [EC:1.13.11.52]	0.0204723001452688	0.0803017575007654	0.003880933555782	0.0738919216245713	0.0356548608734791	0.107625717613607	0.9147903991220246	0.0809352208378997	0.0554790914591542	0.0415525972245444	0.0497129634387682	0.1038079605135049	0.0934697707096338	0.292483645797247	1.344984468526338
K00464	diox1; all-trans-8'-apo-beta-carotenal 15,15'-oxygenase [EC:1.13.11.75]	3.334613725066555	9.50276718889966	0.632142661508912	12.03582471302334	5.807612607767949	17.53052625146381	154.87595430632032	13.183066696573404	9.036666057119575	6.768260529296246	8.097455050010982	16.908674034827193	15.22474651482664	47.64095742599796	1.7821968986781886
K00466	iaaM; tryptophan 2-monooxygenase [EC:1.13.12.3]	110.6537069361932	671.0698173924054	593.9966786316224	1668.5878720563971	800.5095757503473	1104.1897394504467	1514.9167684993	516.504417220377	575.446138488751	242.56168871378264	34.573438818482984	689.0031097355095	370.7782260640965	254.856604028864	16.429178426217923
K00467	E1.13.12.4; lactate 2-monooxygenase [EC:1.13.12.4]	0.1165918872925616	0.686193196525763	0.124615807189362	2.4364204764265214	1.2199343651654118	4.453828366928115	1.568428636956196	0.3372515174734827	0.3163139360884173	0.4505093272767133	0.2175966238775616	0.225355563295183	0.3523388822162619	1.60616929032299	0.1426688078647499
K00469	MIOX; inositol oxygenase [EC:1.13.99.1]	0.0019297565077903	0.0054202553311766	0.0003658239050984	0.0069651878692838	0.0033608924896816	0.0101449972644364	0.0862298185080814	11.305807778704228	0.0052295607738215	0.0039168239201586	0.0046860349856524	0.0171276224134573	0.0088106317819042	0.0450800469974145	0.140944212406658
K00471	E1.14.11.1; gamma-butyrobetaine dioxygenase [EC:1.14.11.1]	0.0329022220992647	0.3056483639993294	1.552548055404117	3.1981037481011656	8.332667841889334	25.050737718588923	48.03383364278741	1.7473576242122069	2.029718375377691	5.739151744266878	0.07636667369371	30.921463545220707	1.126323362149764	11.648864152710868	0.0184631009849308
K00472	P4HA; prolyl 4-hydroxylase [EC:1.14.11.2]	14.896205265725364	4.07028018106005	72.19474206073885	16.787696237401338	61.23437851547612	41.799512276046485	394.3397561402505	89.71729965509968	167.05313756479464	71.36356120149826	20.5386671682355	700.176920721525	50.57684194491168	297.9181992924218	0.7664705905656106
K00473	PLOD1; procollagen-lysine,2-oxoglutarate 5-dioxygenase 1 [EC:1.14.11.4]	67.73864649817558	7.561922767186973	38.19861811267678	17.61166627790674	4.796010989738326	8.699847114050252	60.38827233645089	53.45585470183746	15.035040425969212	10.061555111477	12.708865809401424	294.8168029215792	85.78160238809465	0.0100034793647713	0.0
K00474	TMLHE; trimethyllysine dioxygenase [EC:1.14.11.8]	0.0028627472816954	0.0080408181823872	0.0005426909486622	0.0103326883774172	0.0049858030275145	0.0150498589974066	0.1279198580435167	0.0113175892207039	0.0077579274013489	0.0058105139094221	0.0069516199908902	0.0145160023382645	0.0130703599556952	0.0408994961975454	0.0015297945637448
K00476	ASPH; aspartate beta-hydroxylase [EC:1.14.11.16]	4.150688991747211	14.484988852382497	14.278643980117568	38.046768093016006	170.4332918579879	72.79156695925505	144.02716741750913	10.59341387572374	19.907549501222388	19.579955449410008	15.694511767506254	43.76075365768657	7.355251768875171	56.33152297523585	0.0801318724507011
K00477	PHYH; phytanoyl-CoA hydroxylase [EC:1.14.11.18]	4.426113672838049	19.47829949392985	14.975148063736585	49.513173015082366	182.47607153587452	94.01532509974425	193.4573213182285	11.713806166006686	20.52064568948108	24.57448894889184	16.11836730636411	91.90188007539876	8.941792007925969	98.82216456197114	30.3616164708032
K00479	gbcA; glycine betaine catabolism A	9.297076469966049	31.25622753988185	24.269541048419445	56.2403796669148	321.5429464180431	277.56501365005306	311.9653957895914	36.39800483312184	31.894850165792548	45.52850832981233	35.60943352339364	205.41333840036128	31.70121574885569	156.9776977004626	0.981162497124858
K00480	E1.14.13.1; salicylate hydroxylase [EC:1.14.13.1]	8.202836272658	33.643336855018205	32.502366203589176	94.80582176974735	531.0489282337604	208.3191221753848	978.277240632744	157.65078320637974	437.2874266031451	211.72769298984025	70.43759388906895	1910.768501432111	133.04758480768268	902.8125889126976	0.0946057709694881
K00481	pobA; p-hydroxybenzoate 3-monooxygenase [EC:1.14.13.2]	4.341467626517549	17.04779089750859	33.4470537080942	71.11730247881711	319.6017101152894	173.43624503390186	624.8643599667283	88.28670001095176	197.53344563535853	119.0975452931069	44.24909850177768	882.0762307012856	61.18855199054118	486.2524134010792	0.0883348305431524
K00483	hpaB; 4-hydroxyphenylacetate 3-monooxygenase [EC:1.14.14.9]	815.4964277760671	785.9844048182978	1408.339444020329	3203.833238441003	2200.4864409380743	1176.4552043258948	1056.293941286266	1946.270991780575	346.32559316331754	457.3408184456006	157.64477452544426	635.3848091276353	936.326988594462	354.03600048396595	72.07783773577677
K00484	hpaC; flavin reductase (NADH) [EC:1.5.1.36]	13.201240364178371	38.384394837546125	30.66602452165336	79.85752197746422	352.114565959736	175.61806264045157	312.53156104332777	27.61095474030853	42.36711631915066	41.68570584093896	31.318988422373888	124.58116980603047	17.954817243528854	118.24270863345788	0.2233464463821522
K00485	FMO; dimethylaniline monooxygenase (N-oxide forming) [EC:1.14.13.8]	0.8266584523111832	2.397556618697549	0.1674739478311815	2.983708774052381	1.468176430830122	4.345857989577612	36.98419032113759	3.268112714280561	2.24021040898294	1.677867433918522	2.0073778287972024	4.191699387306263	3.7742498617363776	11.810303495230892	0.4423955595435442
K00486	KMO; kynurenine 3-monooxygenase [EC:1.14.13.9]	4.9571748835977605	13.98419783867768	0.9966165433957368	17.89223367081109	8.783866495699133	26.06055501324166	234.61820392812515	25.477508160119136	13.433740068025262	15.164294528289425	12.037526413700324	25.136121047637687	22.632825644875805	74.04763202135474	3.2185686955996093
K00491	nos; nitric-oxide synthase, bacterial [EC:1.14.14.47]	0.5144411041032948	3.759359165950388	1.4991749287774496	8.332214594050043	8.529709796320011	5.486439759107189	76.79816694638455	1.6364420058704638	1.3952538150431362	1.731227052999066	22.32785988635703	1.433232177620326	21.770551816355106	7.158385520980612	0.0794397825984311
K00493	E1.14.14.1; unspecific monooxygenase [EC:1.14.14.1]	0.9059601865655174	2.992709272497608	4.3136369103471495	3.270305505974514	12.527204026035362	8.962916352977732	58.05124707440397	11.58160171405022	2.4551149122733804	1.8667806062012775	3.999934560516136	20.99374426135629	4.136282553419809	18.982362351010504	0.4843535155142572
K00494	luxA; alkanal monooxygenase alpha chain [EC:1.14.14.3]	0.0	8.51523573436073e-21	0.0	0.0	0.0	0.0	0.0	0.0	0.0	0.0	0.0	0.0	0.0	0.0	0.0
K00496	alkB1_2, alkM; alkane 1-monooxygenase [EC:1.14.15.3]	4.21592292212677	14.42544301669816	535.8201053875118	1300.6193438207968	1126.277811280983	537.4951367309945	299.98744146015724	26.032580600726536	26.64514223902384	143.07825843970784	65.42432644233196	240.8848705305656	49.11583284690511	258.015121567064	1.153292525914431
K00499	CMO; choline monooxygenase [EC:1.14.15.7]	12.812333332721536	40.523821642203394	30.49275702437477	93.9372398236441	403.517952469622	169.97736411306147	746.5112016159226	96.93239889359135	205.04389435710337	112.80058761573828	57.295338287092186	730.8646327495093	79.1732236990046	458.9000266318431	3.4569867981624056
K00500	phhA, PAH; phenylalanine-4-hydroxylase [EC:1.14.16.1]	4.330643308574825	15.06717454382196	19.96344843813221	51.45286683220147	258.85443480382924	180.8055423276992	523.8395968705054	84.8210780981105	183.816448518492	112.23683131320315	31.055550066325253	850.6033500918943	55.24713671500791	401.79320994671485	2.010316260699735
K00501	TH; tyrosine 3-monooxygenase [EC:1.14.16.2]	0.0	0.0	0.0	0.0	0.0	0.0	15.0	0.0	0.0	0.0	0.0	0.0	0.0	0.0	0.0
K00504	PAM, PHM; peptidylglycine monooxygenase [EC:1.14.17.3]	1.570211475184744e-05	6.96434997213566e-05	4.743489068177136	0.0003281270660676	0.0001642013921812	0.0001991689955359	0.0002110785380889	4.541964411567686e-05	4.259985696608314e-05	6.06727390553855e-05	30.055866183851148	3.0349957984408628e-05	4.745154820433516e-05	0.0002163122581827	0.0027378743867628
K00505	TYR; tyrosinase [EC:1.14.18.1]	0.3760142501320478	1.341461167625608	4.839723543147066	1.6524488921492024	13.656404515027017	10.33763849634448	38.20725764237313	5.948776166122537	1.2014417641279536	1.2959677602791548	0.9128631666457564	4.770598532495864	1.8073989259768768	6.367463928278598	30.29868297958157
K00507	SCD, desC; stearoyl-CoA desaturase (Delta-9 desaturase) [EC:1.14.19.1]	78.30291846642803	116.8537153222345	1272.0088410104124	2708.17981146952	2162.5071441579053	1035.5556138102538	2259.7550483397463	341.033189812948	287.6948362108647	389.09672800912216	218.01438845535432	1148.694380991548	282.0132414210578	1064.0781729101805	121.9188272559336
K00508	E1.14.19.3; linoleoyl-CoA desaturase [EC:1.14.19.3]	1.0763975488770183	4.232447625187799	0.6589085081852204	3.885107328151844	3.077096391581456	5.658771013192318	112.32849797186286	13.405887551487965	2.9169930900196013	5.01267800833088	2.613820216252991	5.458040063058366	4.914476212835189	149.40737765529613	1.7063987643823828
K00510	HMOX1; heme oxygenase 1 [EC:1.14.14.18]	10.510671920917783	928.2948060479916	889.7976550992162	7280.37064601395	59326.867206754505	23893.38909860862	758.7775189698301	54.03661402431095	26.52961046675617	164.6267978054673	4042.082079163489	383.2819291670709	282.31533670121496	32215.358522214097	63.34810755475402
K00511	SQLE, ERG1; squalene monooxygenase [EC:1.14.14.17]	0.0336198230783464	0.1004923371172756	0.0063733092323253	0.1213460780815836	0.0585527813650568	0.1767440668207423	1.5022782566693236	0.1329126569105062	0.0911083379087312	0.0682381050112645	0.0816391428247954	0.170474506617396	0.1534970243760171	0.4803196687835616	0.0203723180010531
K00514	ZDS, crtQ; zeta-carotene desaturase [EC:1.3.5.6]	2.223317437704999	6.244802463921802	0.4214742450932498	8.024755239406783	3.872162549210465	11.688287736009618	99.34738313626686	29.9005713441283	6.025098821036558	4.512664103970383	5.398890095842359	11.273674533127734	10.150934171656385	31.76409027467452	1.8808055172037423
K00517	CYP81F; indol-3-yl-methylglucosinolate hydroxylase [EC:1.14.-.-]	72.05369660514394	190.25608049699008	246.65913887901905	44.71325418254003	228.22632223689368	128.84862713026044	262.7804969718587	225.798076621433	20.441009687851206	68.98188867997484	27.39661639522279	33.50953213629797	25.965050260802045	157.0531313057518	23.658979050720195
K00518	sodN; nickel superoxide dismutase [EC:1.15.1.1]	0.3905222080066682	2.619268263378241	3.3127072448153863	1.4579790750007824	9.226596814373208	2.3491569553987017	42.26030451296468	1.547220160461941	1.0439699408544885	0.8502847756328423	0.9220936622808208	1.957442092227836	1.8181624472833429	5.37923536737193	0.5770298619885126
K00520	merA; mercuric reductase [EC:1.16.1.1]	263.8109588632668	248.26640539271585	604.724860543892	1262.6008893529904	1659.092557413153	902.5103119321402	421.4130980411277	242.6654919092914	135.98442588962746	320.1739453083302	164.08581978491793	252.8435732998906	313.60445147521017	320.11509952208	5.682233712139815
K00522	FTH1; ferritin heavy chain [EC:1.16.3.2]	1.7883452825488416e-74	4.267044442552199e-74	8.785574940462831e-74	1.164068133364972e-73	2.3282184517153557e-73	4.565375939595043e-73	7.907017446416546e-74	7.530610213233012e-74	3.0753621540890464e-74	1.066843295623461e-73	1.1292216995506013e-74	6.400566663828298e-74	1.2582521266462668e-73	8.473271995900073e-75	1.5376810770445232e-74
K00523	ascD, ddhD, rfbI; CDP-4-dehydro-6-deoxyglucose reductase, E3 [EC:1.17.1.1]	194.17321250866536	212.9933414194695	996.70791052874	212.56021992166225	426.3734221974602	324.88295096876675	1099.1327349129424	842.8041454875395	560.14558671194	238.1265915017778	56.75960928870597	2100.0089652637644	142.0637351795623	1009.931145875214	54.25072582036312
K00524	nrdJ; ribonucleotide reductase, class II [EC:1.17.4.1]	1.202968600110677	3.3788703091116967	0.2280467350293886	4.3419479435850485	2.095107914969163	6.324172561697834	53.75380968516086	4.755817793806406	3.2599954335592005	2.441663582473664	2.921173175995496	6.099838125328246	5.492357889702912	17.186571095739513	0.6428422224246103
K00525	E1.17.4.1A, nrdA, nrdE; ribonucleoside-diphosphate reductase alpha chain [EC:1.17.4.1]	31738.844484345955	30066.83332729897	118794.84579767	36100.26830996955	81408.34882095095	43268.1539578668	16975.35074022967	61447.4453859608	30491.70315905995	12437.125228411722	5888.650806554765	7675.719479315341	5027.492526784458	38142.77046710322	1209.197071899357
K00526	E1.17.4.1B, nrdB, nrdF; ribonucleoside-diphosphate reductase beta chain [EC:1.17.4.1]	5197.030742491562	10358.98790429062	34181.71779589154	9338.982228245486	66490.47719967742	29914.06522520856	5518.256121499977	15818.768836048825	4494.727040755574	3379.6399429758603	4945.72296268963	2588.074842620504	1419.4996808279448	35313.08255580194	215.27389441310817
K00527	rtpR; ribonucleoside-triphosphate reductase (thioredoxin) [EC:1.17.4.2]	84126.54159678056	72821.35663150657	126550.21516408926	59797.416652717606	226042.38607269755	112499.46579803312	31944.9892268864	101578.90771656056	41734.05521059298	20150.963041890813	15251.840925417588	10456.288357278918	9651.778997410816	111348.67243906858	2197.583493901117
K00528	fpr; ferredoxin/flavodoxin---NADP+ reductase [EC:1.18.1.2 1.19.1.1]	44423.88325591285	43333.77439376975	49349.64356012447	32778.68212774705	82812.6307568929	46629.509876221535	17719.92049120042	55774.16415837925	22187.480662571907	11340.41422417816	5170.168926435601	6028.212683468577	5210.807265985895	37349.0012095674	1454.328700796969
K00529	hcaD; 3-phenylpropionate/trans-cinnamate dioxygenase ferredoxin reductase component [EC:1.18.1.3]	67.13948182928783	137.3429892711218	635.1560773041531	1517.3942011327404	1597.7621907727955	787.2563961191313	694.2314824126147	155.1468674687444	149.8230696799094	266.83058059428066	118.71156331772718	444.92998569441926	145.7347488983573	446.3264689155167	41.23521001959317
K00531	anfG; nitrogenase delta subunit [EC:1.18.6.1]	35.90688401175021	92.69107682929736	133.9277879308296	104.5406269049143	28.96859022478555	23.25234846569989	13.637251852347552	105.27542303779516	158.566706971372	505.8760825323481	2.4151951545485586	2.502310037844313	8.393970738615591	20.285066170558725	1.4517623238623134
K00532	E1.12.7.2; ferredoxin hydrogenase [EC:1.12.7.2]	4217.603213367927	6858.899643562381	2471.568757336496	3306.3623272839004	3232.427003540891	3395.45435904476	2493.631812462707	6235.793175872612	1680.3390890457497	984.744081797954	284.503986041864	1555.4053007116995	1608.3449318393166	995.2475756074176	120.85434572072512
K00533	E1.12.7.2L; ferredoxin hydrogenase large subunit [EC:1.12.7.2]	3074.396300145517	5082.321591558932	2913.5813263416253	1407.656359863145	1608.6635982926368	1341.2754052847372	1243.2086868910187	4963.754611404151	1560.043354661478	1160.3264717019972	190.8311572252736	477.6874690825101	590.197308089894	383.4552259908822	102.19031079917092
K00534	E1.12.7.2S; ferredoxin hydrogenase small subunit [EC:1.12.7.2]	25.493998161567745	28.79058087797384	103.35580108580362	7.016832414881326	13.034192972540769	18.21537275413728	17.62839467660098	101.98188901118272	5.106120626560672	11.145902545082505	6.153308631474408	26.719590804308123	4.879318446372612	6.773472708220851	0.5634492241663593
K00537	ARSC1, arsC; arsenate reductase [EC:1.20.4.1]	29252.357920170354	32881.66490640657	53881.589104585575	32072.45768611967	81032.08596765241	44755.10793162164	15765.488137085207	47726.89426473012	17293.760210995108	10258.77342839857	5752.422457680292	5669.904675812892	5649.348606815194	38253.34778342144	1250.5552551690555
K00542	GAMT; guanidinoacetate N-methyltransferase [EC:2.1.1.2]	0.0013224034674703	0.3154022421851482	0.0002506880006015	0.0047730314952896	0.002303117447309	0.0069520582030992	0.0590906731155406	0.0052279917701994	0.0035836590122798	0.0026840803555157	0.0032111973135977	0.0067054510709589	0.0060376581045117	0.0188929130892037	0.0007078310352233
K00543	ASMT; acetylserotonin O-methyltransferase [EC:2.1.1.4]	0.1497474095768567	0.4206070516526705	0.0283877233272981	0.5404924592458915	0.260802594396693	0.7872428746221207	14.82028402191381	4.836072539753543	0.4058093215092736	0.3039420949972754	0.3636321978732279	0.7593173737219902	0.6836972855121527	2.1394112039654987	0.0800220035384622
K00544	BHMT; betaine-homocysteine S-methyltransferase [EC:2.1.1.5]	0.029964527358277	0.0982838090060392	0.0124797883502426	0.2421878738156722	0.1197612367789873	0.215111522199247	1.0967203903394422	0.1102370203323591	0.0812262250875839	0.0750406084766283	0.0684057072450019	0.1276116982084282	0.1248395953755146	0.4241368083467252	0.3665937560719312
K00545	COMT; catechol O-methyltransferase [EC:2.1.1.6]	0.0	0.2188762670860293	0.0930601865549802	0.0	0.2460076855932916	0.0	0.3936710100007207	0.0	0.0	0.0	0.0	0.0	0.0	0.0	0.0
K00547	mmuM, BHMT2; homocysteine S-methyltransferase [EC:2.1.1.10]	6844.107220339348	16833.596482523502	20365.79611175812	8648.447475510264	7694.920172063377	6436.063409439037	11242.782880534623	17139.4014037212	7016.879535087325	6749.160012782053	1090.2244535378234	1881.562540582015	2204.417782195629	2718.4092392333523	280.9608957438279
K00548	metH, MTR; 5-methyltetrahydrofolate--homocysteine methyltransferase [EC:2.1.1.13]	61857.32740844428	61331.39716404089	98767.21562104824	53244.43767621075	112912.78982761785	68486.11183330507	36324.31671634682	86725.6430355779	41976.55170436437	20572.027156857872	7674.886352502757	11080.543075104888	10273.93437285992	46930.09832286309	2051.4946277504905
K00549	metE; 5-methyltetrahydropteroyltriglutamate--homocysteine methyltransferase [EC:2.1.1.14]	9129.319153889855	13704.950358265793	26009.103255230963	11155.987653414066	10614.806991032285	7261.09942953153	3928.7890453058953	15326.6483949471	9303.308942728763	6915.473184416245	1149.9459143262166	2008.9407647185392	791.5202122702119	5640.508009069106	600.296153907922
K00553	PNMT; phenylethanolamine N-methyltransferase [EC:2.1.1.28]	0.0074997005580592	0.0210649850216568	0.0014217180945588	0.0270691266692859	0.0130615894692872	0.0394269646654658	0.3351188688187887	0.0296493269724218	0.0203238800830588	0.0152221310933519	0.0182115510713958	0.0380283902575566	0.0342411593508562	0.1071467175668461	0.0040076891232392
K00554	trmD; tRNA (guanine37-N1)-methyltransferase [EC:2.1.1.228]	56730.21816703014	52945.49307361533	115219.73181528432	39214.32333346749	97394.27192570374	58500.22244925828	20678.686040054985	83396.47675201998	31948.197351647323	14648.901538272235	5947.352880213609	6227.192366020799	6125.893280964196	39274.83729030516	1584.5940665176538
K00555	TRMT1, trm1; tRNA (guanine26-N2/guanine27-N2)-dimethyltransferase [EC:2.1.1.215 2.1.1.216]	0.3933373516432596	1.1047968324441395	0.074564954396232	1.4196964949421875	0.6850421520603136	2.067828941274388	17.57600417862255	1.5550204516905908	1.065928046739809	0.7983562389289506	0.9551425703311676	1.994477805529135	1.795848625154428	5.619531846471158	0.2101915688154289
K00556	trmH; tRNA (guanosine-2'-O-)-methyltransferase [EC:2.1.1.34]	953.7580043367304	443.4325272502938	2562.4389151446107	404.8930995417921	228.8615643904872	275.3134956161759	190.1957344450567	1698.8728398830742	297.99135769450913	102.96850690758198	45.68092381457014	97.42811788305865	110.55567846512652	168.54185513881646	22.50892014160616
K00557	trmA; tRNA (uracil-5-)-methyltransferase [EC:2.1.1.35]	867.8521413562921	5435.781968633471	14687.860760266836	781.3702573453565	2788.4378271697237	1875.8111738785608	2039.0868330026365	7703.86926708089	379.03623789121946	1080.1511358958892	292.2419685346701	719.8171244535197	221.0210064245594	1333.7258997073632	28.073428418330643
K00558	DNMT1, dcm; DNA (cytosine-5)-methyltransferase 1 [EC:2.1.1.37]	145959.66338837214	97767.32857127106	143932.65634754574	61615.26814207708	83152.19670418091	74412.20207808484	26471.120762847702	160684.94229491113	54019.69991396408	22196.778680737894	2717.601882363277	9676.383851379269	13170.969266185037	12242.692188945342	3150.382820850226
K00559	E2.1.1.41, SMT1, ERG6; sterol 24-C-methyltransferase [EC:2.1.1.41]	0.2562234776192262	0.403708600547174	1.029616534894686	0.2770222868622357	0.8676390656083256	0.3846996340853776	4.360994798128449	0.3371635493863887	0.2148014159387169	0.153466827741828	0.1738136991226559	0.361646432417222	0.3264797762917797	1.0262508170147966	0.0379777221069381
K00560	thyA, TYMS; thymidylate synthase [EC:2.1.1.45]	43061.234473922	33772.69896448814	111441.43483279942	26470.31204466381	76154.03238969872	38810.12432112332	8875.440889575171	65164.95591590944	26165.030328847475	9431.011205522193	4933.2600173689325	4409.573834451147	3724.092316496532	36382.18211841691	1111.791277001707
K00561	ermC, ermA; 23S rRNA (adenine-N6)-dimethyltransferase [EC:2.1.1.184]	8677.932533931322	8855.113313616313	18530.960440399656	9929.520643506024	3099.6362542798897	2823.325748558862	2754.0066991553185	13841.791999020346	7413.798941585139	2640.002317732774	215.6397464034613	1347.2559069803542	1412.8943370926947	600.8039176666973	422.14407003269866
K00562	INMT, TEMT; methyltransferase [EC:2.1.1.49 2.1.1.96]	0.0132810413824099	0.0373034810692317	0.0025176867665292	0.0479360727401515	0.023130458198793	0.0698202741897698	0.5934540359782686	0.0525052881022274	0.03599107595625	0.0269565099851921	0.0322504027387021	0.0673435720275931	0.0606368548717223	0.189743574290507	0.0070971213692494
K00563	rlmA1; 23S rRNA (guanine745-N1)-methyltransferase [EC:2.1.1.187]	10018.961131749256	17759.654645463284	27695.049434444478	11227.978649564204	7250.818711425708	6588.800135033784	10611.596134901432	25089.992059667515	6677.554502390335	5247.994686553602	1019.5399435043948	2760.7640367066	3325.463655431224	4078.71050016486	440.93351848756447
K00564	rsmC; 16S rRNA (guanine1207-N2)-methyltransferase [EC:2.1.1.172]	2411.491911919653	6989.673310511924	17421.439799472642	2636.860841454769	4237.324668787811	3813.6724302124985	5145.853535430679	9431.992100332842	1748.5247156024016	2438.1457384962496	637.1512026629432	1196.770407674172	560.9726468121553	1786.55365752409	59.57374849702642
K00566	mnmA, trmU; tRNA-uridine 2-sulfurtransferase [EC:2.8.1.13]	66240.80201708671	59456.69604225223	136979.25492278894	45387.9946662496	100010.73277733129	61083.07025061413	21968.29564913197	96703.3718732364	36206.63956388256	16011.071087185166	6122.538382691404	7665.30055938664	7707.166988506795	39850.3132247134	1874.2575215920408
K00567	ogt, MGMT; methylated-DNA-[protein]-cysteine S-methyltransferase [EC:2.1.1.63]	50306.78663662892	42284.33117197554	106770.580706723	42920.13555858209	97756.8030607536	58515.86027996038	18313.698088513604	77681.6109776439	31091.1761010376	13623.870205489902	6010.05130085089	6350.243570754936	5797.867720727094	39516.379486290905	1481.6171823703094
K00568	ubiG; 2-polyprenyl-6-hydroxyphenyl methylase / 3-demethylubiquinone-9 3-methyltransferase [EC:2.1.1.222 2.1.1.64]	689.4681043454755	302.4397214254404	500.9061431311708	246.6400965056322	585.7709516984679	495.4654858028606	1053.7482821821714	788.202717389329	474.90322614123545	322.209173438222	92.5247417138719	1708.7911822138271	194.18610565616916	1008.2075290949708	99.76983078269794
K00569	TPMT, tpmT; thiopurine S-methyltransferase [EC:2.1.1.67]	0.3501269567880543	6.067475372090405	5.444810376267944	21.64750327838859	39.02136467387878	102.8069164213432	157.75869177412176	6.845415222701245	7.670138631051577	25.818661193228458	0.841682879452991	152.56834538467103	4.890292864299603	83.47878800187186	1.980973636794669
K00570	pmtA; phosphatidylethanolamine/phosphatidyl-N-methylethanolamine N-methyltransferase [EC:2.1.1.17 2.1.1.71]	38.73948715212703	10.018075955721123	262.68391167217123	148.67657649010448	69.90364277274188	11.678513824984668	11.066726398331102	73.90883828454449	61.83072567249192	26.430640860365816	1.8239745323309076	99.80769734086722	9.266300372773426	39.76983335668505	0.0451630614100053
K00571	E2.1.1.72; site-specific DNA-methyltransferase (adenine-specific) [EC:2.1.1.72]	84918.00795860073	60485.34609517286	109688.80971614778	32141.52640050224	33032.119581950275	30646.281319794747	18340.14275084569	102864.44676899372	32781.05989780457	13542.983778433258	1624.0500955679763	4848.797260637531	5882.083904685701	5255.531087823929	1915.2016768365804
K00573	E2.1.1.77, pcm; protein-L-isoaspartate(D-aspartate) O-methyltransferase [EC:2.1.1.77]	891.1992480485446	1523.822701400744	8251.911531589602	3375.503184629307	2480.179227323145	1961.873648134561	3881.9995731091767	1280.896047446876	2131.4821082772314	1576.530209770054	328.156662914461	2441.130420077093	548.0771616209857	1434.7899410114155	182.90776452306324
K00574	cfa; cyclopropane-fatty-acyl-phospholipid synthase [EC:2.1.1.79]	4041.622484902629	9367.907341997843	17604.70119905594	6676.151348088466	59426.79914526619	25012.17560766716	6364.535274810761	12054.415804874414	1819.369809511052	1796.724161349157	4236.837219062371	3820.717650828181	1079.4026531865145	34077.92330121959	234.59219714098455
K00575	cheR; chemotaxis protein methyltransferase CheR [EC:2.1.1.80]	31996.43835030985	16576.929922339223	12849.512687132588	13514.86600783568	18140.46872624873	18181.780164534757	12263.609052568729	30593.119246867587	11205.073149457125	8507.56121484536	962.1551781291575	3908.9864591774617	4059.9394333071614	3805.643726661676	762.8958457072015
K00577	mtrA; tetrahydromethanopterin S-methyltransferase subunit A [EC:2.1.1.86]	0.0978615802855246	0.1526124664397227	0.0167404808390442	0.3279982296412816	0.2652807270962017	0.2623879483153357	0.2109956598160672	3.693365055997807	0.0425831304783818	0.0606489163973768	0.0292935099250351	0.0303380413200061	0.047432916739487	0.216227324932168	0.0834799562876471
K00584	mtrH; tetrahydromethanopterin S-methyltransferase subunit H [EC:2.1.1.86]	324.43002793805334	354.5805980025642	1243.293509151844	55.7545368859776	112.0293841155468	84.76744297554319	28.645125744183936	138.94357294192193	64.90910658798592	26.60486266033609	3.0043473961882814	7.517062071941069	5.929874304963382	25.17622038715285	0.0
K00587	ICMT, STE14; protein-S-isoprenylcysteine O-methyltransferase [EC:2.1.1.100]	0.0211986321331021	0.0941012744251057	0.299761625138454	0.4429877807168711	0.954341212928643	0.268888002374938	7.580767566263656	10.7347576973726	0.0575119154979136	0.0819112008840407	0.0395632225371799	0.0409822261439696	0.0640619388169682	0.2920520026802661	2.2690166205518723e-05
K00588	E2.1.1.104; caffeoyl-CoA O-methyltransferase [EC:2.1.1.104]	15.247922197957346	43.56034255023248	524.5224428683888	1325.7774275669055	1139.0716021077856	531.0113786039437	311.44032924824626	43.90828408895407	38.63963970311708	188.09048038037247	82.92909464170911	127.60855858426392	65.94136305629512	164.75817428642637	4.96362562098333
K00589	MET1; uroporphyrin-III C-methyltransferase [EC:2.1.1.107]	0.0	6.257636287058854e-19	0.0	0.0	0.0	0.0	0.0	0.0	0.0	0.0	0.0	0.0	0.0	0.0	0.0
K00590	E2.1.1.113; site-specific DNA-methyltransferase (cytosine-N4-specific) [EC:2.1.1.113]	432.3820991855033	325.9453515759517	250.3154008648807	182.08478815687087	278.2850757860716	232.51511537568888	188.81375609247291	448.9195622045252	70.65206231627093	80.39351468065666	13.138283267972684	21.832640223168383	194.7857488409284	59.84276145077415	20.120688043069972
K00594	xyoA, aldO; alditol oxidase [EC:1.1.3.41]	0.0536265414359558	1.3846346346857614	3.26012049055855	1.1206337479265918	9.027826603739788	0.680210567854262	14.270167577298292	11.252965062573582	0.1454888740058846	0.2072121625912695	0.1000837591505272	0.1036524891807275	0.162058579764273	0.7387589799124402	0.0178718393670762
K00595	cobL; precorrin-6Y C5,15-methyltransferase (decarboxylating) [EC:2.1.1.132]	19757.99441142423	26088.54534971826	37835.14559682275	14158.013000054158	7397.004977346293	7086.963921926626	10558.52037645816	25694.5640943388	9402.581358608388	5714.329792290537	950.882959561362	4998.333711020884	5552.899703948604	3560.322273035177	650.808325493239
K00596	E4.1.1.64; 2,2-dialkylglycine decarboxylase (pyruvate) [EC:4.1.1.64]	0.0158633459126498	5.386468876103049	0.3118038028777777	16.047256543500424	31.283941849019264	17.073395807446136	39.985139744071695	0.0627141744532507	0.0429890150347819	0.0321978098185114	0.0385210224923612	47.04043754579659	2.109126294444693	43.59802183267537	0.0165620556693383
K00598	tam; trans-aconitate 2-methyltransferase [EC:2.1.1.144]	4338.738754369255	7762.247744731941	2705.0217323179995	3839.321409684965	3358.695065317107	2949.3444790898725	4823.3975913040285	4395.081949285857	3371.429135413268	2274.2803210169814	521.7830130532658	1611.192265865387	674.9578026730205	1170.015892581995	220.46075188366927
K00600	glyA, SHMT; glycine hydroxymethyltransferase [EC:2.1.2.1]	59032.44006423696	52718.50987852352	113685.03163294608	38057.92491040379	91205.40293339278	54048.56400755411	20715.420760555924	78697.44141357971	32317.433509709896	14657.88280942122	5833.891411429183	6849.807855142554	6149.498337200312	38932.36892520306	1542.5876917956898
K00601	E2.1.2.2; phosphoribosylglycinamide formyltransferase [EC:2.1.2.2]	0.0038701237899467	0.0040232404070804	0.000310656219171	0.0146552393442103	0.0030459193755392	0.0081192351401458	0.0060818524198778	0.0008425298482813	0.0050276764306	0.0011254732313831	0.0005436051166663	0.0005629886802024	0.0008802214655731	0.0040125707194875	2.869300944515599
K00602	purH; phosphoribosylaminoimidazolecarboxamide formyltransferase / IMP cyclohydrolase [EC:2.1.2.3 3.5.4.10]	57871.2461982066	54332.723009444846	158766.52292394085	39120.18815357041	84045.02137541558	46727.29758960137	20237.74753582836	83364.89440424346	38479.92615153609	14266.11046502622	5920.823018614028	7380.803788091509	6091.872583318239	39285.47871594718	1490.963282994596
K00603	fctD; glutamate formiminotransferase [EC:2.1.2.5]	6463.11147487069	3365.821325829035	12409.007091282154	1978.5124671186452	4193.314187627577	4132.622875533286	621.3504368031536	6564.939313570192	1595.1972044593144	723.5848104492306	379.2753234429137	814.328788938481	331.5640798622164	768.2499396393566	51.78241540031556
K00604	MTFMT, fmt; methionyl-tRNA formyltransferase [EC:2.1.2.9]	62796.91454973855	56472.7661697516	118490.01756359024	43470.35054030045	94311.89478745466	56068.6573946951	22489.66479526255	83819.18371535273	33676.192093581194	15551.385993594642	6117.895242084659	6927.416770565839	6898.628650930836	39543.86033556198	1631.8216950294195
K00605	gcvT, AMT; aminomethyltransferase [EC:2.1.2.10]	22225.97957977965	16096.02538690936	66731.5943604043	18926.77002788169	5661.393164631242	4572.451625388641	6592.619645712829	33747.383203057194	19253.920331952493	6132.694640738594	657.3695468114095	3556.7528816438844	2207.433193946019	2378.40008688346	827.2248974692757
K00606	panB; 3-methyl-2-oxobutanoate hydroxymethyltransferase [EC:2.1.2.11]	26236.53110760875	29956.25276673913	77433.85210286133	25141.27229519712	64475.1151205298	29221.5916057921	5045.338152859465	38780.62009665468	19591.02822193627	6587.555017033298	4495.740011430647	2901.337645784329	3820.338362864415	35525.88139551204	903.5429428684852
K00609	pyrB, PYR2; aspartate carbamoyltransferase catalytic subunit [EC:2.1.3.2]	53786.617037816206	52326.34374238581	112971.96047289536	37690.76877876764	90306.30226885495	52439.722038975175	20627.88572613696	75948.88557185972	31305.031992578824	14257.59550272737	5877.315581662453	6986.865514276808	5926.878224514818	39330.94778371459	1510.5166892972466
K00610	pyrI; aspartate carbamoyltransferase regulatory subunit	34534.87356849182	26545.327848256573	74166.07139180823	21066.43655315157	64705.92963357591	29714.11685520165	8707.771631011103	37717.65191754392	21125.803580337168	6864.523819084445	4436.266770558672	3448.041139756229	2106.774643335815	33462.47570106633	916.311297544274
K00611	OTC, argF, argI; ornithine carbamoyltransferase [EC:2.1.3.3]	35501.17221447904	38091.27200932735	28960.98778653665	30329.736090265076	79277.62376520735	43948.2519432456	18969.282786253847	41793.6510474681	16072.193159047518	9179.317168428644	5546.384632011646	5281.892650813963	6084.65525205227	37418.755748519136	1002.6132745768084
K00612	E2.1.3.-; carbamoyltransferase [EC:2.1.3.-]	962.7153977937008	757.3902250763861	1685.1833039773126	591.6968625603934	801.0451634047806	617.7484433484925	1028.330583878875	1321.882708317696	392.50445611348266	159.00243588979018	42.462999257854165	371.9693274742724	597.7444245967679	222.8770592064513	62.031230061986655
K00613	GATM; glycine amidinotransferase [EC:2.1.4.1]	0.267791106472996	0.8988466703746527	2.463123278662267	6.988918869560186	27.21134578944824	1.017078053730908	49.91140375924215	0.5964127167457545	0.5511262105653633	0.3284126940805353	0.3671720071105067	0.748369356429469	0.6858055682247247	2.1863394703022294	0.0772079267247246
K00615	E2.2.1.1, tktA, tktB; transketolase [EC:2.2.1.1]	135200.37428110308	123932.67006772956	196234.68349381897	114621.50189128787	315190.3128759908	172367.8279068413	77584.95465575714	162915.70727950754	76294.24994947623	43498.33139396295	22300.57212820876	22398.151236471665	20927.38860533035	147144.76557690764	4369.5453085021845
K00616	E2.2.1.2, talA, talB; transaldolase [EC:2.2.1.2]	13750.790896571858	20052.499974437396	22617.84997604925	21786.13530786373	126137.68329588084	60252.60445720478	10702.49234847457	20744.29864273742	7677.655453774612	6042.310499102505	8647.79875367329	4809.85014660677	3116.340298124751	62365.09155050328	625.2530263106892
K00619	argA; amino-acid N-acetyltransferase [EC:2.3.1.1]	228.40199579497013	261.44510038587555	1182.2706565978006	1540.3324860908886	1293.5570313469734	1059.3186550451776	687.8298833235827	424.1129256039369	103.49889947086058	283.4554889731917	110.37231737196176	286.72222546143	254.26223747767813	254.24453112424175	26.64788148170457
K00620	argJ; glutamate N-acetyltransferase / amino-acid N-acetyltransferase [EC:2.3.1.35 2.3.1.1]	31120.24358090965	31437.18463219912	25317.174482783103	23107.8878552838	74344.17330461122	38671.204905227365	10798.952329487278	35572.07489544553	11772.52830325493	6027.473176727601	4808.707135965956	4430.649157585806	4914.092539394688	36391.1306665088	874.2980461538613
K00621	GNPNAT1, GNA1; glucosamine-phosphate N-acetyltransferase [EC:2.3.1.4]	33.86932324908775	3.7809613835934632	19.09930905633839	8.805833138953359	2.398005494869145	4.349923557025111	30.194136168225445	26.727927350918726	7.517520212984604	5.0307775557384975	6.354432904700712	147.4084014607896	42.89080119404733	0.0050017396823856	5.311750014014015e-05
K00622	nat; arylamine N-acetyltransferase [EC:2.3.1.5]	0.0	0.0086363905793379	0.0	0.0	0.0	0.0	0.0	0.0	0.0	0.0	0.0	0.0	0.0	0.0	0.0
K00624	E2.3.1.7; carnitine O-acetyltransferase [EC:2.3.1.7]	0.9532415849390076	64.68971237853157	9.555932986102867	43.182237420692005	590.5448402586983	594.9382027642405	11.65448110856926	8.790423087452494	2.025381649106895	22.86987726782864	47.994754920942405	6.775132875279236	6.51356370810096	81.48285806147014	0.951622046251846
K00625	E2.3.1.8, pta; phosphate acetyltransferase [EC:2.3.1.8]	42184.7891637237	43180.83813333495	112995.05682514716	32233.93230576366	71427.23911741361	36178.49385637932	18333.43556822025	58579.85386220992	28892.00041873097	12422.518662510363	5310.4360395726535	5961.841304034999	4299.220978044789	37480.83077934602	1252.6679265534538
K00626	E2.3.1.9, atoB; acetyl-CoA C-acetyltransferase [EC:2.3.1.9]	35035.202056132075	31371.229352967148	23110.308651269403	36235.87024628571	84327.36475795071	43229.31154875072	22155.196290949774	43575.58674630673	15317.1873160476	11020.309320611806	6503.470649913938	13349.784947612496	9661.792007633514	41780.7106854639	1239.6542100702895
K00627	DLAT, aceF, pdhC; pyruvate dehydrogenase E2 component (dihydrolipoamide acetyltransferase) [EC:2.3.1.12]	14333.399449324272	24882.65217077281	27043.836743324573	23557.399965643068	11547.494714451612	10614.483655003314	26782.04403502909	30717.594430301404	18716.649269377915	12202.660638476813	2255.418012454565	4644.314121350728	3933.8277188459815	4803.160157771385	724.0699176312372
K00631	plsB; glycerol-3-phosphate O-acyltransferase [EC:2.3.1.15]	16.67000552398131	68.37526133871472	27.05866290499173	85.02588627553001	184.4735014787148	242.5105168531582	272.95375330778165	90.08275824129998	82.07650958621149	96.33493944523676	32.48411391940882	131.1798162722114	80.46447730325491	241.74296698677435	15.99792674191197
K00632	fadA, fadI; acetyl-CoA acyltransferase [EC:2.3.1.16]	4335.229806800755	3264.955993482164	3173.355430717864	6580.053249321211	4564.248360238304	2831.537579532994	2385.140408262927	8893.94784493325	2582.4324328555067	1542.701285996888	500.6423456295869	2973.894234314852	2406.0129509406343	1632.0167079641108	308.8845389037825
K00633	lacA; galactoside O-acetyltransferase [EC:2.3.1.18]	23502.38808012392	14657.1316209109	39397.53002025785	12749.34834031322	13317.124258493652	12929.0124691539	7191.58936370746	31153.695114429844	10743.359952332155	3490.07444632982	300.9969329371167	2602.396240251609	2193.249488985789	1576.6026268004744	423.77120413912894
K00634	ptb; phosphate butyryltransferase [EC:2.3.1.19]	16873.230756509787	10190.874045199496	28145.35215039163	9221.704604447748	65824.81398912927	30813.057661091123	2094.202638424925	16343.73983667673	6089.899000769072	1739.718461621249	4540.931834371528	1072.1251391022702	1520.617613138661	33416.90955338892	276.0424902670385
K00635	E2.3.1.20; diacylglycerol O-acyltransferase [EC:2.3.1.20]	6.16318057026144e-16	0.1450060819099372	3.043473749823417e-12	1.2879197421017322e-14	8.050230995764777e-12	7.817510589401971e-15	46.00000000001288	18.123866761178096	1.6720716597641101e-15	2.381443852629461e-15	1.1502406518830173e-15	1.1912552819406097e-15	1.862503647079601e-15	133.99	0.0
K00638	catB; chloramphenicol O-acetyltransferase type B [EC:2.3.1.28]	2882.4239366089414	750.7902441853985	721.7994113794689	411.50185962062005	1041.602528721215	1073.1752758528023	734.0511967585827	1624.1436788383471	804.3022244478642	353.610992544518	55.8810324517075	615.5981353993438	269.61921762689275	452.4368372262488	60.23984756791415
K00639	kbl, GCAT; glycine C-acetyltransferase [EC:2.3.1.29]	17866.063882870774	13386.765608520544	64212.98437944517	19180.12679879129	4336.095865929326	4676.236185653137	6473.123903202795	28428.558440523484	18790.27329500106	5517.967827345523	665.3045736305526	1534.7485316259042	1971.160557690272	2176.536493645426	695.5048315010768
K00640	cysE; serine O-acetyltransferase [EC:2.3.1.30]	81311.23202215353	66149.90004034668	165242.0483577004	55349.73055096766	143216.13512906287	76947.50227313739	24129.79113284519	96397.97235056496	42408.22763836492	17685.558094078995	9463.304925524331	9187.02458105288	8576.00571302159	67175.79415793164	2084.813668355826
K00641	metX; homoserine O-acetyltransferase/O-succinyltransferase [EC:2.3.1.31 2.3.1.46]	1224.212580484097	1652.8183296967677	6595.840674802479	5586.715048081	1850.607964256517	1607.7370032610029	2722.0840706398885	2485.354072102906	3402.09153029582	1131.4959584519918	237.3207443834716	1305.1211562658957	403.80555159482816	1436.964619958669	106.5549641891999
K00643	E2.3.1.37, ALAS; 5-aminolevulinate synthase [EC:2.3.1.37]	12.59981777934903	0.4927991120700922	66.13058170592727	27.59471340165706	42.655513050172345	14.020154303619629	28.7052451352459	8.599516936089946	0.4128486810444763	0.3139678850964417	2.168474668262179	36.271111627509775	8.691538356635428	86.74002210475116	0.0804979931464518
K00645	fabD; [acyl-carrier-protein] S-malonyltransferase [EC:2.3.1.39]	51839.005834694304	48805.75676625677	97699.2674329912	39331.22231780494	86538.49540201639	49835.053088620734	17470.655937499483	71772.45556604725	31632.95947294797	14353.029736125369	5543.269984502022	6382.489056571443	6405.041410302581	38140.104643118015	1562.9538314238123
K00646	pksF; malonyl-ACP decarboxylase	2874.440146476201	4731.881154343559	934.7155201454276	192.1764801644187	88.23542537087667	89.10213996850096	26.67580461605958	1310.992440505801	691.1714983285658	101.51334645935748	3.0757752147026576	5.029825240912547	45.52302951235362	78.6825553256329	31.715187302371863
K00647	fabB; 3-oxoacyl-[acyl-carrier-protein] synthase I [EC:2.3.1.41]	13234.373720539095	7720.340216041144	58068.180777110014	8908.021746481354	2024.9741667555645	1739.5550364147975	2363.7361328092725	22100.923571387648	13466.864562694966	3227.147229066347	195.2431720406522	2330.8875191045536	638.9811316819546	1357.5966595917932	389.2829826027111
K00648	fabH; 3-oxoacyl-[acyl-carrier-protein] synthase III [EC:2.3.1.180]	63642.68016512961	52038.371778916575	153109.9107098264	48378.46645139949	97216.31797960436	58519.0740278532	19460.249592428398	99986.95083231037	39846.998304018896	17688.08181359336	5744.023293507777	6796.290924431347	7896.938533606059	39053.44324940887	1760.9828073060062
K00650	LCAT; lecithin-cholesterol acyltransferase [EC:2.3.1.43]	4.157642514501065e-05	0.0001167788988578	7.88164213732688e-06	0.0001500643272346	7.241011726276188e-05	0.0002185730260053	0.0018578134495186	0.0001643682989641	0.0001126704022897	8.4387608418603e-05	0.0001009601895479	0.0002108196865579	0.0001898242453292	0.0005939940465575	2.221760529595713e-05
K00651	metA; homoserine O-succinyltransferase/O-acetyltransferase [EC:2.3.1.46 2.3.1.31]	51373.512678650906	49968.23331268587	100504.37427588365	32131.523185545524	86247.13613199964	48553.56482201444	16793.15722979531	72566.0392438416	26815.32099406141	11919.481373585208	5406.771739234927	5020.805162778867	5392.553061170564	37328.6848265784	1382.515343464432
K00652	bioF; 8-amino-7-oxononanoate synthase [EC:2.3.1.47]	19625.070067782417	15041.4329170949	59990.99899011756	20035.07714389549	5528.0020543267765	5088.36286750955	2654.954875662406	27389.76365117073	17530.21919116067	5536.788243137424	361.11594285081776	2804.3220987088466	698.7422630642156	2097.205022810068	1040.021836050179
K00655	plsC; 1-acyl-sn-glycerol-3-phosphate acyltransferase [EC:2.3.1.51]	72020.51537545682	71825.49882400112	127209.2880690527	59947.15387580973	224526.5975181512	109485.96567006849	27068.032732537467	91488.40131589276	36964.93891052317	16639.56636260894	15114.869837997278	10932.906061267524	9449.89194224573	111485.07331773476	2095.855005322314
K00656	E2.3.1.54, pflD; formate C-acetyltransferase [EC:2.3.1.54]	68752.560263448	77886.691580114	93289.77829828265	57502.10536803185	156223.66579213002	85477.47955239163	39183.5093543656	96890.21485354276	37608.77391458543	24707.810662022363	12089.411182562408	10786.063362829502	16089.02141689407	75502.47117454397	2116.6019401335407
K00657	speG, SAT; diamine N-acetyltransferase [EC:2.3.1.57]	29708.56228399391	18663.533798551987	76440.27397904008	18745.53152854561	60419.31100233161	31364.806818951816	5615.184180896891	42240.76577841822	19317.723840290648	6947.785183839234	3880.447952522361	2910.6839623166543	1954.4739718162689	28516.36669129583	983.86586312512
K00658	DLST, sucB; 2-oxoglutarate dehydrogenase E2 component (dihydrolipoamide succinyltransferase) [EC:2.3.1.61]	2346.323410715862	3410.725204741414	8583.599019187643	6583.338309059818	2411.905448347412	2047.9019454362392	4007.110124130855	4228.078947722394	4909.026480229507	1908.9991063147415	393.1311016117168	1858.4505982617625	570.4537983586972	1622.9271685316348	144.56449469250134
K00659	BAAT; bile acid-CoA:amino acid N-acyltransferase [EC:2.3.1.65 3.1.2.2]	0.081409784588806	1.175648465976171	0.0065347924915418	2.4903151229797977	0.0640722761586102	0.1707917419856441	0.1279344853746705	0.0177229921266035	1.644979135930611	0.023674832718624	0.0114349767219681	0.0118427186490169	0.0185158521515217	0.0844062194520316	0.0
K00660	CHS; chalcone synthase [EC:2.3.1.74]	4.835529727331125e-07	2.1446997333806576e-06	5.157323743647873e-07	1.0104805673550764e-05	5.056648264961225e-06	6.133489748974785e-06	6.5002489273669145e-06	1.3987163053964792e-06	1.311879819979746e-06	1.8684415314593387e-06	9.024598261168784e-07	9.346392277485532e-07	1.4612896133812305e-06	6.6614234538426704e-06	0.0016172195798194
K00661	maa; maltose O-acetyltransferase [EC:2.3.1.79]	67655.6573599956	59175.62782993043	149147.41323816436	35874.385441213424	49312.29003765531	38958.00004341213	16874.342780260762	95468.0194508878	36393.23407162021	12589.274378225356	2299.010518975846	7081.6725643114005	5015.174326810028	13791.56859439128	1587.558645420352
K00662	aacC; aminoglycoside 3-N-acetyltransferase [EC:2.3.1.81]	4622.682274681131	3313.079699349546	4651.717476532888	3415.061451283464	25862.425763811883	11617.114410523514	2010.9945765830316	3054.748848622225	1671.823593643809	1983.158595839592	1807.6742922881208	411.3141524025661	715.3107518656512	13583.874251471168	91.9760014487866
K00663	aacA; aminoglycoside 6'-N-acetyltransferase [EC:2.3.1.82]	302.4003360179309	258.75382719963545	569.6111492932155	1365.443122199594	1218.089078034706	588.4383488864612	659.0208375614376	593.7824852365625	457.4646622967816	403.4951306360334	100.22261536200244	768.0874835139732	117.73570962151705	408.3522692250429	23.42436005976563
K00666	K00666; fatty-acyl-CoA synthase [EC:6.2.1.-]	6997.671579117066	12556.578768740204	55932.25181978785	22278.702065914968	21090.23685441472	14497.139011758696	11182.886849623766	14637.580648308736	7969.270558092001	7467.418618491344	1286.3019750805074	9689.262893279334	3287.76768028788	6934.450394945011	464.8145311409872
K00667	FAS2; fatty acid synthase subunit alpha, fungi type [EC:2.3.1.86]	315.78086959268586	1.0643999906005537	1.979600087775651	0.3078676507734882	100.9792558859756	42.037854556514326	579.8356591202735	37.20424998054681	141.60843152056637	46.30508401275398	2.9889366941460804	499.97991106254136	1.9024618086640608	420.88989138450887	67.06021789110164
K00668	FAS1; fatty acid synthase subunit beta, fungi type [EC:2.3.1.86]	70.89387726825555	90.66073477997094	5.281606166266062	89.8753865216929	110.25957123873496	123.95271346092775	8.231175321535476	122.05384709428913	2.64599720881902	9.460040774805266	8.883960277282648	1.99802024677608	83.6448077083757	0.0027768528726066	0.0952587664829688
K00670	NAA30, MAK3; N-alpha-acetyltransferase 30 [EC:2.3.1.256]	2.2750352859869316e-08	1.0090450987633104e-07	2.4264339502950344e-08	4.754140861844547e-07	2.3790678333727906e-07	2.88570361304724e-07	3.058257628708765e-07	6.580724614050864e-08	6.172173577093026e-08	8.790702681130206e-08	4.2459214695691935e-08	4.397320133877295e-08	6.875121488134007e-08	3.134087528556566e-07	4.027663037416829e-07
K00671	NMT; glycylpeptide N-tetradecanoyltransferase [EC:2.3.1.97]	67.73864649817558	7.561922767186973	38.19861811267678	17.61166627790674	4.796010989738326	8.699847114050252	60.38827233645089	53.45585470183746	15.035040425969212	10.061555111477	12.708865809401424	294.8168029215792	85.78160238809465	0.0100034793647713	0.0
K00672	ftr; formylmethanofuran--tetrahydromethanopterin N-formyltransferase [EC:2.3.1.101]	0.0	0.0	0.0	6.0	20.45	0.0	0.0	0.0	0.0	0.0	0.0	0.0	0.0	0.0	0.0
K00673	astA; arginine N-succinyltransferase [EC:2.3.1.109]	18.000004579141557	80.19174677050181	60.74866081003739	170.40587916764923	578.1834864821415	479.3905017127007	731.6373167308009	132.1774293497066	203.63650266346173	190.6968912162745	70.6441108383679	636.7734888301602	116.2544702366209	515.136988512213	117.61312035805705
K00674	dapD; 2,3,4,5-tetrahydropyridine-2,6-dicarboxylate N-succinyltransferase [EC:2.3.1.117]	2925.384678159705	3270.659842082807	6219.023494239644	10163.149103099897	66515.26195739163	29637.373046520646	3551.5517691627388	5811.034556812996	1664.0955187951445	2017.9445166068977	4742.003697657441	2441.8590005461274	1003.0340556888508	35083.43939326982	168.09781116159792
K00675	nhoA; N-hydroxyarylamine O-acetyltransferase [EC:2.3.1.118]	5379.24379306968	3440.055715097151	4064.844552584929	2112.1807165490845	1196.3080357257131	1062.214053505838	1140.251682869652	5933.695075538444	1267.07305053214	466.3650056866075	155.20764369731222	787.1175886321796	1380.063956563519	218.0142019170505	78.17152444065712
K00677	lpxA; UDP-N-acetylglucosamine acyltransferase [EC:2.3.1.129]	33870.03559100817	20972.89915158823	139229.5578723343	23333.645345209217	4531.842296530385	3887.897043900989	2728.074665515905	51896.14136709468	32593.82324314733	7453.945054706335	212.2604175115843	3098.0156436696548	693.1973101497879	2008.0539003137808	1115.6186052324315
K00680	ytmI; uncharacterized N-acetyltransferase [EC:2.3.1.-]	40655.11981913801	37547.56861139003	73377.67285563063	18339.8981673688	58606.55933148773	28839.88306938705	9813.032145433304	49828.23202052573	13424.957655745642	7389.093130519475	4184.533782827492	2880.339741711692	4696.24890787245	29158.08309749953	788.8967065804216
K00681	ggt; gamma-glutamyltranspeptidase / glutathione hydrolase [EC:2.3.2.2 3.4.19.13]	7516.516381795897	5450.780852447829	5795.182634267339	7153.209528210968	9265.102266699518	6922.74864161542	4805.463662908768	8849.303011386477	3046.235144744708	2095.4689055588533	978.0528234844714	7167.403677143777	1190.6498420399812	4358.447796950188	251.56153915095305
K00682	GGCT; gamma-glutamylcyclotransferase [EC:4.3.2.9]	0.0122449414068489	0.036552044646359	0.0034852108145073	0.0671408125793053	0.0328935246673952	0.0742306745273213	0.5056923136747999	0.0470012334145705	0.033187325518252	0.027288030835048	0.0289885513552097	0.0579253388186157	0.0538575624946915	0.1742630751868692	0.006451162488651
K00683	QPCT; glutaminyl-peptide cyclotransferase [EC:2.3.2.5]	22.000000000164302	414.50377543301744	3473.35796812078	4226.960000003433	1080.7090766107628	733.8350481716409	45.189716168840654	369.67024625818925	2186.0000000004457	392.1427240239033	49.57000000030664	98.16564399884764	125.51000000049652	407.8351328066094	13.001556549072872
K00684	aat; leucyl/phenylalanyl-tRNA---protein transferase [EC:2.3.2.6]	3686.495695069495	2213.662322840595	16646.45284131277	10160.06238607103	58321.77320531952	23655.1218802572	2080.55238868732	3340.803523283925	4056.54226196744	889.4519459176295	3984.814139198245	1525.113799516269	591.8019424938348	33265.797441910094	167.07781920330413
K00685	ATE1; arginyl-tRNA---protein transferase [EC:2.3.2.8]	16.383421914685606	35.143753024378526	83.8667372555097	96.69859742628996	355.2795126016216	321.9609592650668	646.282520000419	103.6975344688714	192.59301691394924	148.60344489632075	35.31458718326196	935.8206295365676	97.4347378280499	634.2974742036499	55.49405097368403
K00686	tgl; protein-glutamine gamma-glutamyltransferase [EC:2.3.2.13]	700.7983159770292	1001.99424429553	603.2945303714496	1288.3834035249029	219.9512349958136	298.1716292892896	205.21402866899933	1995.479155158517	462.0969612888112	778.3628016397395	46.92143453925132	67.99924359890146	781.4271623026691	115.7821588598952	51.23503075309029
K00687	pbp2B, penA; penicillin-binding protein 2B	49.39000001722386	58.54000007639288	13.440000018370068	3.599269327227719e-07	9.210000180114683	2.184711139981102e-07	56.27000023153485	133.55000004982142	11.200000046728348	6.655273254291931e-08	15.49000003214506	28.360000033291268	5.320000052050233	36.08000023727578	0.0
K00688	PYG, glgP; glycogen phosphorylase [EC:2.4.1.1]	76216.74580535025	67969.45871898152	123660.33364960008	51566.54477520757	177878.62252352526	100725.43993612034	26311.13677877849	103187.12885682264	35830.08245039829	17748.656993306955	10521.50038865671	7870.147216902834	8417.793955034194	74472.84020665099	2129.4809064231745
K00689	E2.4.1.5; dextransucrase [EC:2.4.1.5]	11.684611133346596	255.47974139041185	485.5527132239672	274.9248096421298	1886.2407588071312	1041.8300820558436	162.9881222559714	2385.3907996881658	530.7168683335125	1106.413046579098	174.8901374392853	45.49619345947367	10.838228092195353	714.9865486131472	3.4211760396403847
K00690	E2.4.1.7; sucrose phosphorylase [EC:2.4.1.7]	4066.9594934336096	5357.138932968604	3404.7149157892336	6024.958790898272	46622.74720402077	19037.662096690445	2647.9795615796284	5216.61336019756	1496.534653767879	1043.6801925820607	3368.9032993945734	1605.6699848559083	1695.398013176724	26253.779378512983	151.22859540293814
K00691	mapA; maltose phosphorylase [EC:2.4.1.8]	2637.716905141224	6186.148491031058	26052.75149308183	666.437268713673	1780.4978422155275	2124.1624819074505	2232.634594514497	11030.65014299461	1112.9986791904928	1498.6123573715229	189.33659064039924	468.8301648243421	38.11156860320501	217.78277187203005	1.8630735288654825
K00692	sacB; levansucrase [EC:2.4.1.10]	64.98604329298378	391.49426966538175	964.7892219185088	91.25513072334302	549.3692976050974	1093.7113651637924	341.0517420992615	748.1134310265728	71.17139299340934	234.3701316256454	49.95413621125161	116.13836736098406	15.927555285737068	60.34534228016568	1.4328574120090904
K00693	GYS; glycogen synthase [EC:2.4.1.11]	0.0	0.0	0.0	0.0	0.0	0.0	0.0	0.0	0.0	0.0	0.0	0.0	0.0	0.0	0.1229851200329547
K00694	bcsA; cellulose synthase (UDP-forming) [EC:2.4.1.12]	843.876850499563	570.7163704825509	1552.64178987312	701.7716589249759	1003.8597717990608	662.213969403301	1360.6919586890017	1518.0775197959188	685.8508368877033	361.057388203919	148.75896885458926	1171.9409661525667	218.5555121620419	839.0969288004668	22.920294362329205
K00695	E2.4.1.13; sucrose synthase [EC:2.4.1.13]	19.82855007591682	4.730868806970507	0.3192958257002861	6.07930586515955	2.9334303407372806	8.854684543929913	75.26249847754968	6.658778820744102	6.952071791320497	3.418654468119353	4.090031813535116	8.540586431170691	7.690033129429276	24.06349035544685	0.9000647986344715
K00696	E2.4.1.14; sucrose-phosphate synthase [EC:2.4.1.14]	31.46861917844033	13.545986702466	1.5071284491120356	32.93420794501966	13.075980848838682	18.22249411764249	31.22022589841984	128.0133284739347	36.99429791852961	19.097367158317123	2.66854086573614	11.442185393857638	10.452509275684005	43.3312499169308	0.1424533589403351
K00697	otsA; trehalose 6-phosphate synthase [EC:2.4.1.15 2.4.1.347]	131.36275035685347	219.8020067961682	998.7468367978428	1548.517681883227	1720.1333870636663	843.9580055126853	1398.3483324957758	284.8396905305153	336.86262031563393	328.9088762255168	187.5100274356824	937.082167052231	241.723368613675	892.4115528684769	63.42873826291919
K00699	UGT; glucuronosyltransferase [EC:2.4.1.17]	0.0	0.0	0.0	0.0	0.0	0.0	0.0	0.0	0.0	0.0	0.0	0.0	0.0	0.0	4.436967052162501e-05
K00700	GBE1, glgB; 1,4-alpha-glucan branching enzyme [EC:2.4.1.18]	70957.18166970758	74707.34598246167	127900.22368758344	48577.47937574201	157721.44700831088	84397.12261243368	26675.102903076608	93476.90144424763	36162.5592254523	15905.536514339665	10006.389780790323	9982.130635769434	7881.365027534732	73428.28057337023	1939.988672474109
K00701	cgt; cyclomaltodextrin glucanotransferase [EC:2.4.1.19]	1.4536162877209846	4.3297982452903145	0.4086921953333395	7.870986765291032	3.854726583944216	8.769334227345366	66.08224698561133	5.585690249541943	3.93970220888501	4.628857884566581	3.4445081008876253	6.894450744949076	6.402392381564337	20.689981379581205	0.6956614250445184
K00702	E2.4.1.20; cellobiose phosphorylase [EC:2.4.1.20]	16497.9984891417	10137.667903235044	27595.140004536283	6328.406816861252	11075.642817626687	10233.830450790889	5259.157260854196	17402.455084965077	6899.839449894802	5198.085554964254	337.996830668231	1257.6686581281742	1534.5193954329177	2159.691519039093	292.70120950989093
K00703	glgA; starch synthase [EC:2.4.1.21]	52197.33940858763	61434.97809656904	117968.5952179044	45434.966522758186	141210.6639869918	70275.26894337687	24683.88617756048	75478.83250548279	30466.884574711414	15057.570789598998	9802.513741110615	7670.840383382907	7597.850818515514	72089.5490143625	1645.822885243109
K00705	malQ; 4-alpha-glucanotransferase [EC:2.4.1.25]	60896.88004642791	54943.70008693531	100396.15840439314	44310.84158275023	99935.84008868891	60143.235705871964	21875.74414907523	81516.77273294673	33109.36366217394	14385.594912030523	6199.471082941862	7297.027652259956	7764.613561699972	39956.92618900581	1752.6236414268974
K00709	ABO; histo-blood group ABO system transferase [EC:2.4.1.40 2.4.1.37]	0.0	0.0	0.0	0.0	0.0	0.0	0.0	0.0	0.0	0.0	0.0	43.54198595168892	0.0	0.0	2.884649128108709e-08
K00712	tagE; poly(glycerol-phosphate) alpha-glucosyltransferase [EC:2.4.1.52]	495.4247947831956	4390.522616669594	13620.448424485665	41.5779670646594	117.66745067103956	34.450901841895416	1628.5886515266511	9651.918951590633	446.73238870808905	553.6480164293012	125.13283290454729	154.36139718363154	6.787104835394512	106.47532245940803	0.3620247895897661
K00713	waaD; UDP-glucose:(glucosyl)LPS alpha-1,2-glucosyltransferase [EC:2.4.1.-]	9.057902818911358e-07	4.883910849871901e-06	2.0083715488834933e-06	6.814117755140423e-06	1.4376776920899511e-05	1.4514714527278872e-05	7.71990803703156e-06	6.4398470498310906e-06	6.636638034932312e-06	6.814117755140423e-06	2.953703944603379e-06	2.3826422541928254e-06	6.774575641311673e-06	6.42053578493798e-06	1.4179985935798289e-06
K00720	UGCG; ceramide glucosyltransferase [EC:2.4.1.80]	8.257283839664955	38.08865851054173	46.90861715468455	97.30855385639524	412.116254149542	260.9656535470588	231.3205489132535	84.3055323594332	43.06705931406596	87.39977040928737	45.16122700843125	108.16313041411212	47.53530969824626	188.17294896366164	4.803208179161612
K00721	DPM1; dolichol-phosphate mannosyltransferase [EC:2.4.1.83]	51958.95706576	32170.78355371225	98319.97609882306	25802.23814407498	18687.579953378958	17325.23277625809	9990.22815665875	62453.44359112521	28456.35117066224	10629.670930679837	784.1359034149093	3556.519350679332	3802.775287386826	3102.2295471044717	1287.8437592364448
K00728	POMT, pmt; dolichyl-phosphate-mannose-protein mannosyltransferase [EC:2.4.1.109]	1.5070730366809135	1300.6924135600684	423.66175178967177	84.67376931476437	564.9634403402899	324.96265363535497	15.623573219995803	48.349714682897016	32.728227555365606	174.26320429372632	61.29331967142919	17.815761371706547	6.388448780738733	201.51826178736164	1.0313724775671471
K00729	ALG5; dolichyl-phosphate beta-glucosyltransferase [EC:2.4.1.117]	15.548475571034436	43.81747061813913	3.736544023397757	57.6151312928189	29.71851043212517	82.38279845202115	695.0878476845024	61.377623805224985	42.13599246886881	31.71735063577696	37.7078193573228	78.56958434019258	70.8557105043417	222.09377635307365	8.264239893259125
K00733	B4GALT7; xylosylprotein 4-beta-galactosyltransferase [EC:2.4.1.133]	0.0	0.0	0.0	0.0	0.0	0.0	0.0	0.0	0.0	0.0	0.0	0.0	0.0	0.0	0.0002379948039948
K00737	MGAT3; beta-1,4-mannosyl-glycoprotein beta-1,4-N-acetylglucosaminyltransferase [EC:2.4.1.144]	9033.27060022748	1530.1684533366686	1883.6046357159053	399.5222531714242	1800.5478514116362	1925.8442922518973	551.9059471931373	3790.241311752515	1395.7202969915174	506.3585395745277	1.1516424284710265	31.14220375611107	135.23454231536311	130.85258231688047	42.36133895524685
K00743	GGTA1; N-acetyllactosaminide 3-alpha-galactosyltransferase [EC:2.4.1.87]	283.6536448426813	192.4996329180188	158.42505344887252	27.006523217103865	73.57826722702006	54.92546382249985	8.692533959692014	90.07692019330172	6.704978788735757	15.639973036611469	12.334300296626198	18.23234872074474	13.978538079668228	0.0642043307744014	1.2631558896593551e-09
K00745	E2.4.1.166; raffinose-raffinose alpha-galactotransferase [EC:2.4.1.166]	4.785282537922787e-09	164.97717825710131	61.56015412379257	264.9730264134232	1759.0602843237623	1000.1265975948816	45.76558470271051	29.63898457347817	72.63484561134258	565.6162259235075	172.14315508459526	45.43775696815861	10.74686381465818	667.8900561289358	3.4211760396403847
K00748	lpxB; lipid-A-disaccharide synthase [EC:2.4.1.182]	17949.489952629872	11247.453563428511	74930.13201972643	13020.12130592257	2410.9735293556264	2544.842821080013	2784.1800819663204	28084.906613455245	18150.257688302503	4094.2080129186606	184.20781411672323	2112.615781196958	610.3159540473982	1934.191204043118	621.8808807158427
K00750	GYG1, GYG2; glycogenin [EC:2.4.1.186]	0.0048972984160746	0.0218595059232889	0.0052232030046666	0.1023388369222893	0.0512124150507688	0.0621183848025747	0.0658328261248326	0.014165834010365	0.0132863767296348	0.0189230886139008	0.0091398777925671	0.0094657823811591	0.0147995601569553	0.0674651597009454	8.429714891027503e-05
K00752	hasA; hyaluronan synthase [EC:2.4.1.212]	1007.3584657855664	1296.2197243253654	893.226905403356	1200.838093740007	409.3797683038724	496.6929088655073	1714.3450653219838	1050.519745434431	1190.624193274953	797.1197196696921	116.14421791793464	276.8499931850799	366.97560370610864	150.3629746145992	29.839281281117024
K00754	bshA; L-malate glycosyltransferase [EC:2.4.1.-]	8004.609267540443	36058.64781830334	98782.38021700084	12952.458789543332	52347.36854064454	23057.817015048106	13308.813361484772	44412.64611718572	8337.978768845187	5246.84474211796	3933.116175609199	2071.053384438377	1202.2019504167206	28731.943191798924	264.93019761081814
K00756	pdp; pyrimidine-nucleoside phosphorylase [EC:2.4.2.2]	11746.518473936385	19451.32269752185	28240.729891184143	12894.24738887367	69398.14254989773	33067.9939359749	9070.624373744617	19473.70123583128	6300.779394689775	6242.018607633018	5242.570539162011	1820.4976122437683	2528.260058858091	35868.87360245252	472.58998842697537
K00757	udp, UPP; uridine phosphorylase [EC:2.4.2.3]	52201.89822779111	25136.467672351097	79043.87266208898	23515.46092779692	37404.83083969225	33116.311795505266	7551.869426519366	71038.27323774653	22245.276716208537	7936.114274151654	660.2557045564513	4497.388032638573	4232.827462355613	3124.7520240739805	1194.733783664488
K00758	deoA, TYMP; thymidine phosphorylase [EC:2.4.2.4]	561.5878810721933	762.6694454787755	929.5134326406336	2041.118407946792	1311.181278894794	773.6023526293294	353.99361511564217	1794.5182292125608	331.8155820814236	366.0385718533285	119.58699424715093	227.9481493435331	841.9931025991484	187.3040669254604	79.38070954172852
K00759	APRT, apt; adenine phosphoribosyltransferase [EC:2.4.2.7]	38150.14877468543	45987.71205871837	100568.98788849212	30113.595913050875	79951.10913567424	43151.94087932633	20817.40522747664	58604.5619716432	27132.05845963378	13214.528996697887	5814.884588744816	6177.3590858961725	4418.779412575683	38531.673374419566	1255.4763796951784
K00760	hprT, hpt, HPRT1; hypoxanthine phosphoribosyltransferase [EC:2.4.2.8]	53705.14464653174	54896.56742820466	115415.36815500316	45685.73454902215	150391.61729029616	78191.22992494947	21127.387819872623	79969.61624066066	31732.17363568024	15073.8879673466	10074.02787550867	6157.369102009813	6993.282583586537	71290.9528933491	1582.2939108500866
K00761	upp, UPRT; uracil phosphoribosyltransferase [EC:2.4.2.9]	53154.93717145598	51767.12214490438	109944.20423194508	35672.284092810216	90171.1096556093	51959.39241162811	20145.197087085584	76644.9296653657	29165.24184916368	13620.29668158343	5866.010869612277	6355.750528057819	5768.970235382247	38516.12998941636	1468.159784078588
K00762	pyrE; orotate phosphoribosyltransferase [EC:2.4.2.10]	70322.43069041759	66813.28390873384	120189.9170980721	42273.62716604247	94225.33619697733	56751.75854597244	24916.0883419378	89434.15205198174	35188.16214555621	14853.314103857663	6122.900746396811	8394.816479663514	7306.401876536021	40038.32848908587	1808.3536239813875
K00763	pncB, NAPRT1; nicotinate phosphoribosyltransferase [EC:6.3.4.21]	43139.23652237926	44220.7582104461	82366.89768538771	32846.7150726346	112717.48698601458	60668.97256790706	19879.604760258	62969.26643954367	21674.302640971047	11902.257302908787	7492.280652006983	6900.146636838419	5457.8744378463325	50829.66357849487	1211.1806776710362
K00764	purF, PPAT; amidophosphoribosyltransferase [EC:2.4.2.14]	87557.1311448301	81088.07974198717	169176.48608717567	56499.5863963732	97049.52795285752	59110.69784250688	30417.74119647025	112842.11509879658	49443.88752524495	20322.130225084416	6558.12383946569	10695.00109957754	8398.701576535965	42021.61144330896	2539.644894724259
K00765	hisG; ATP phosphoribosyltransferase [EC:2.4.2.17]	43128.19965307016	41140.7355287489	71650.23612158399	35437.89409848899	77390.04555135602	41328.76607593327	16233.725268155453	54315.66635602532	25450.08210043746	11305.067721060575	5372.801268061558	5101.261554146932	5431.29578596156	37116.795799453546	1477.260899503668
K00766	trpD; anthranilate phosphoribosyltransferase [EC:2.4.2.18]	26027.152031598383	28526.702394882257	44333.7727657822	17672.26954517411	54267.79133872748	25725.47538859492	9361.048561735157	26120.60183304618	12124.415765601076	6032.330443381383	4002.768253627849	3723.640743633838	3603.760870971355	28596.204641726497	681.0242468555161
K00767	nadC, QPRT; nicotinate-nucleotide pyrophosphorylase (carboxylating) [EC:2.4.2.19]	32823.08248040288	30874.413044351	80049.75767301585	27438.061093519813	73028.81672811066	36634.80136806147	6983.568388950944	46436.8586202949	21918.71238740197	7718.218366698859	4683.850505410686	3405.0722087851696	3701.510549356743	35983.66922518923	1065.7411241841403
K00768	E2.4.2.21, cobU, cobT; nicotinate-nucleotide--dimethylbenzimidazole phosphoribosyltransferase [EC:2.4.2.21]	17038.00070183025	22812.18258326916	58608.04265640368	26118.555072971845	69549.78470428339	33784.702568985296	14816.47156577822	27170.911115932	17453.491218950978	7959.92907965915	5207.423740577747	5497.911849398578	4425.130245521525	36299.81274339695	699.3856665018196
K00769	gpt; xanthine phosphoribosyltransferase [EC:2.4.2.22]	37.33272844600672	106.32632399262708	106.6835563549446	149.52544188485257	284.0027190632864	420.1674999057664	369.6905709641055	150.81233981251495	102.47073872242406	137.81127289212003	50.03351625613385	213.82297708355625	168.83487139715362	173.67659935002206	25.628494451406727
K00771	XYLT; protein xylosyltransferase [EC:2.4.2.26]	0.009983491952722	0.028041400695915	0.0018925703828016	0.0360340264491711	0.0173873973163135	0.0524846000731212	0.4461053483612162	0.0394687514443123	0.0270548526153185	0.0202634788012234	0.0242429510565577	0.050622838228297	0.0455813317058107	0.1426321470181477	0.0053349772835766
K00772	mtaP, MTAP; 5'-methylthioadenosine phosphorylase [EC:2.4.2.28]	2046.6107710569877	3738.292034898568	3771.62241979153	6142.621872451759	1751.8785550502234	2057.9276347694604	6279.105509501132	5220.268212236186	2828.861725412671	1937.035027792649	453.51319761977015	1080.2218722436871	1442.637194249886	1279.2218410693065	175.2064264428639
K00773	tgt, QTRT1; queuine tRNA-ribosyltransferase [EC:2.4.2.29]	53885.47347935961	52447.26074511534	113979.62043145932	37394.24202433477	89010.69093109726	51310.65817830792	19453.705899167628	77895.4696071301	31820.360002337125	13606.506788791256	5756.262328846998	6515.206036387595	5995.5206588591855	39088.24395620673	1514.2784916596397
K00776	tox; NAD-diphthamide ADP-ribosyltransferase [EC:2.4.2.36]	0.0	9.830203330966764e-17	0.0	0.0	0.0	0.0	0.0	0.0	0.0	0.0	0.0	0.0	0.0	0.0	0.0
K00782	lldG; L-lactate dehydrogenase complex protein LldG	9307.942858092156	9296.125536452466	51478.41096271934	5208.498597042398	2243.240793575463	1564.039218948708	2046.479343816461	21778.279940045468	7941.988941236322	2044.3417965802769	156.39722183245786	655.7797237393519	307.8737544632478	465.3520786993941	198.3104240261192
K00783	rlmH; 23S rRNA (pseudouridine1915-N3)-methyltransferase [EC:2.1.1.177]	54461.2775081725	54927.457272108026	112768.32740504868	38331.565681938366	101635.09847136417	57276.3836592836	18177.29013920435	79199.86314013106	30920.98515981488	13496.7232456193	6464.862158208973	6564.852911058226	6087.207175550522	45296.46167400081	1535.9681445356332
K00784	rnz; ribonuclease Z [EC:3.1.26.11]	49903.64691273337	44778.57168155709	122487.6529263984	34813.94046000055	131962.79577160726	60569.38699181589	10405.204289621495	64234.30265587164	27002.110173187	10792.729614023005	9197.84971494049	4449.562081741855	3965.897389833665	68569.27321374296	1416.0758606126808
K00785	lst; beta-galactosamide-alpha-2,3-sialyltransferase [EC:2.4.99.-]	4.9609211209872734	10.784611736938617	1.3997117511670831e-05	1.8545853361581444e-05	3.709301608869252e-05	7.273525517056265e-05	22.58447594808709	4.462607144769914	4.899645811849603e-06	1.699687394003733e-05	1.7990682377021254e-06	1.1156589841021365	2.104877424079857	1.3499558610414058e-06	0.0019668140484385
K00786	E2.4.-.-; glycosyltransferase [EC:2.4.-.-]	2608.555796023953	3001.739587167739	5085.5424136548645	1256.8915578152778	857.2827038214463	725.9114418375348	1323.5871425444489	2892.4223566732817	1206.0539169223994	671.325217288259	99.79231467235184	526.2332162098741	712.4420657868474	359.53877712796725	149.9703879500129
K00788	thiE; thiamine-phosphate pyrophosphorylase [EC:2.5.1.3]	53616.98282620895	57012.50281051941	157068.14760560653	51696.14849162069	92246.25259414349	54738.57136098202	20957.352222002195	83522.01075039819	44773.8681389288	18299.946208378147	6006.068433844862	8596.106304413566	5550.9908831408775	41163.63242191547	2107.1900108844197
K00789	metK; S-adenosylmethionine synthetase [EC:2.5.1.6]	69735.11067859098	68149.33661593951	127384.05981215516	46861.41271407838	97066.92555137716	59663.1206221185	24180.53223146969	95578.20007461376	37122.18053779866	16601.410933414427	6543.856183564123	8208.026180841774	8317.843934202403	40310.06650562298	1915.814006450403
K00790	murA; UDP-N-acetylglucosamine 1-carboxyvinyltransferase [EC:2.5.1.7]	90643.3507483521	80795.14570731777	151532.43819833483	60366.89592772795	171149.0821008833	97251.55130057575	33894.961498409124	126657.61652889127	44744.06110598524	23074.015316198816	10879.14625709501	11122.147185974669	10766.933404478355	74892.54482052452	2289.416152839674
K00791	miaA, TRIT1; tRNA dimethylallyltransferase [EC:2.5.1.75]	69926.87480392071	62198.46306511206	181902.18722207856	49255.76670394113	92204.30458371996	54370.73535422136	22629.78071748096	104193.15792049163	47596.050127875256	18082.406130817137	6037.621117290701	7922.337674085522	6370.350903288559	39533.11071380258	2062.0283628948646
K00793	ribE, RIB5; riboflavin synthase [EC:2.5.1.9]	28625.67270807297	29112.8785639744	88205.47668420649	27525.50005987612	67789.68355101586	32512.081650268563	8824.184304201262	40744.21518042514	23053.600963616547	7928.191850679968	4790.835524090404	4442.787957395759	3169.3323557333533	36492.69410755922	970.978284554567
K00794	ribH, RIB4; 6,7-dimethyl-8-ribityllumazine synthase [EC:2.5.1.78]	28608.98241392565	29047.4756886475	88707.87291258603	27526.40344403594	67648.96656580901	32469.454204477388	9130.706457492704	40785.24155282864	23133.900593755203	8198.531378267387	4805.848231071239	5146.026727510027	3217.0637351898995	36696.8207752413	973.2682947277884
K00795	ispA; farnesyl diphosphate synthase [EC:2.5.1.1 2.5.1.10]	1231.9589842105602	1018.3718446547266	1384.4798097165772	892.9571290953565	775.8297680510709	709.7586379850968	1485.8689863348588	2235.6618480819834	739.2584764877932	560.7754571498449	140.14620846231358	1064.027324057794	428.0324189632029	787.9027806870839	131.95201741893553
K00796	folP; dihydropteroate synthase [EC:2.5.1.15]	28159.332347645734	25281.4938985243	87446.32639582927	26860.55543429039	70262.14519665988	33450.05067167509	7681.679765392198	39332.81006214025	22485.03705900388	8599.942906380958	5025.967646427345	3617.0368629247982	2632.960400893216	36246.88539618183	949.8936718228274
K00797	speE, SRM; spermidine synthase [EC:2.5.1.16]	14064.211730603489	18381.42429307704	24431.289156119543	14766.757623088582	15610.411542494756	15442.762922880249	14880.91608102888	21732.635798144824	9892.01315248018	6379.877342365591	1293.4382282955194	4350.948652832746	4135.862053129436	4485.021043646369	585.1699182966206
K00798	MMAB, pduO; cob(I)alamin adenosyltransferase [EC:2.5.1.17]	17451.928317495374	11287.59908423336	70095.89126866136	14207.192059966064	5618.978073340595	4811.594036826067	1523.687730387726	27425.98064512934	17267.895211042647	4195.574576734914	384.0790492993912	2105.171544618929	502.7411673500349	1993.0605933060276	576.5769948033985
K00799	GST, gst; glutathione S-transferase [EC:2.5.1.18]	111.54915922803644	410.4356134137863	341.7165869157618	889.3217110945038	3320.73319355436	2255.1687643408195	6414.241228667398	1037.4935786909673	2076.558133766857	1343.5228845807646	452.16306355428014	8817.494683424957	873.6860524912622	5657.644471831405	450.482720365826
K00800	aroA; 3-phosphoshikimate 1-carboxyvinyltransferase [EC:2.5.1.19]	54109.075251171984	47828.200908280654	99479.62076950364	39545.57910410621	88970.12658978923	52064.41980247815	18628.955047751835	71265.63465241565	31995.107603457876	12851.950941956857	5699.31738092573	6726.118344982062	6149.4619225448805	38500.00534748304	1560.305254559259
K00801	FDFT1; farnesyl-diphosphate farnesyltransferase [EC:2.5.1.21]	28.16889566341589	433.8813742184837	2972.124757693241	3022.9619532334445	328.94513872770426	431.86363738720735	223.2772617479196	379.2782194316558	2211.3780815312684	305.01164242392207	20.511122508985643	57.51970367418539	103.66729480251064	480.2387605918205	16.56712297748766
K00803	AGPS, agpS; alkyldihydroxyacetonephosphate synthase [EC:2.5.1.26]	579.6058313598862	323.1866042024045	910.4785444676734	1671.8498152015616	1206.8249369248024	680.3402323054842	368.611800163994	405.07752450907975	193.90267605903688	230.32682727853108	81.5920601104353	248.5477540000001	369.1199379654478	120.30213033895744	57.19697890860105
K00805	hepST; heptaprenyl diphosphate synthase [EC:2.5.1.30]	38165.76364510019	44678.63446309035	41566.347817365946	30543.677161461117	56184.10960426637	39484.9470645721	23282.939837952606	59918.082935768754	17859.37224568141	14693.622501047472	3965.273090525088	4785.153103782365	9069.392164754654	19011.214151003325	1067.890739472526
K00806	uppS; undecaprenyl diphosphate synthase [EC:2.5.1.31]	58310.95473327261	56825.72049866803	116938.57982155056	48515.76942667826	151629.6758574905	79065.67567785471	22792.816157951427	82249.61927532323	32791.43670592339	15217.995515738128	10132.565671383429	7362.175544677256	6910.54453264701	72027.82545059141	1744.2357642971356
K00808	hss; homospermidine synthase [EC:2.5.1.44]	5.345796513174871	15.015497772935152	1.157755316906781	25.583614966188065	30.53548435297126	34.636600554608066	267.6228378665347	29.285942077231628	14.66934615535434	11.382430110229343	14.781217778402503	46.37176972057657	32.49837256504476	116.3697725517994	2.8583352859601185
K00809	DHPS, dys; deoxyhypusine synthase [EC:2.5.1.46]	12.811919942960907	35.985823648268	2.4287554240246503	46.24284411463225	22.313429357989143	76.35403780155868	608.3627474926217	71.89066272881169	34.71977614821861	26.00433489570521	31.111233382929413	76.12241253294634	58.49500109519848	256.1893863478441	11.822091938845292
K00812	aspB; aspartate aminotransferase [EC:2.6.1.1]	46464.79816569737	36421.6367332115	139200.1406309653	46352.79565919902	85541.43678089697	44062.39438465492	14964.029047889811	71045.64865443086	40853.12862519635	13228.631703913718	6253.536284463837	6648.98183338367	5718.7085089468	43300.64181633487	1603.288046121127
K00813	aspC; aspartate aminotransferase [EC:2.6.1.1]	246.43686364240648	383.8865036057733	1137.235833145469	802.6718977856441	952.6724811235174	654.8744638721928	718.9724493887724	918.3697390358844	296.38826353049546	304.9108439761304	129.06955288442353	262.8707438781097	201.3034315746172	350.73431066371097	17.024461009398244
K00817	hisC; histidinol-phosphate aminotransferase [EC:2.6.1.9]	52945.08628647197	47897.26793500959	112228.50163697312	42876.40030249646	82037.41269162748	45734.125011626034	22143.976907400203	68526.34452912264	34047.13307010262	13651.11178058272	5803.126719672011	8850.705064817696	6815.828680667009	38988.44840723332	1654.242837301632
K00818	E2.6.1.11, argD; acetylornithine aminotransferase [EC:2.6.1.11]	16449.76599753152	14856.826483612189	57219.25332187474	18495.001109594225	5175.615218725001	5162.959728693563	8318.701817567618	26240.150232591805	18371.36920338536	6470.83624404908	701.3704014801098	2871.0234864954678	854.2471000473932	2117.0014990431164	654.2907929184544
K00819	rocD, OAT; ornithine--oxo-acid transaminase [EC:2.6.1.13]	54.349811558845246	61.55338599951787	2649.778968138085	1351.9698481847456	1004.2554409759788	410.2463461595886	317.561230093165	461.19388598697407	195.11101993746405	148.23395970607146	127.09128004897327	130.85139584517572	70.22335660958198	104.43225027964009	7.45545500543013
K00820	glmS, GFPT; glucosamine---fructose-6-phosphate aminotransferase (isomerizing) [EC:2.6.1.16]	50949.72354608894	57010.124644758005	107691.49534144397	45354.83694779952	194224.62287259905	98771.16350353596	25572.960702977143	76959.81710829103	26891.72916508027	15576.38915283912	12736.5573826011	8525.349558764814	7821.474835928582	92022.01521700196	1570.9137997153116
K00821	argD; acetylornithine/N-succinyldiaminopimelate aminotransferase [EC:2.6.1.11 2.6.1.17]	34535.92960779107	38376.07567123312	24040.76182313042	24245.15317933057	76998.41430620929	41835.91613732277	16617.922853810163	38603.28745613842	14018.968860935742	9069.672786515284	5323.97094196244	4734.01377643964	5486.384306425129	36555.20444625178	1032.4862176152042
K00822	E2.6.1.18; beta-alanine--pyruvate transaminase [EC:2.6.1.18]	16.312802173962865	39.455035636746864	72.8347778385255	115.15588572012946	520.743431586042	286.66538506008004	1010.9051307078844	139.4577399672798	357.40472231460564	196.98263584974669	64.8222591777283	1622.3699866531097	115.11602313453696	859.6831688477067	52.59227239448385
K00823	puuE; 4-aminobutyrate aminotransferase [EC:2.6.1.19]	1857.4846224451956	6561.48727349055	15948.06838003018	4744.510393153696	15342.619084352817	7227.436453698426	3154.6763621900977	10468.39807535266	701.3583166151336	888.6620894416402	1103.0697971706943	697.6791392178095	1037.04134109094	7188.413123341276	41.74148093521894
K00824	dat; D-alanine transaminase [EC:2.6.1.21]	4307.62897577361	3424.161917175571	2453.128189835642	7765.5712600394545	58359.42200871145	23546.57917593555	2448.40374098652	3802.992451343365	1059.5757079614127	453.7173732497223	3999.916989608548	1083.8090027827302	662.1973387366193	32657.415825617994	144.8802812013251
K00826	E2.6.1.42, ilvE; branched-chain amino acid aminotransferase [EC:2.6.1.42]	56477.67162845464	59358.19217591603	112986.01816336566	46338.17642858952	146678.69501074217	74018.6931007851	21575.12978154685	78364.8460745049	32313.5983011676	14242.055797278255	9698.653235955764	7883.684601924122	6586.46087620453	71466.36321590692	1632.7217960735125
K00827	AGXT2; alanine-glyoxylate transaminase / (R)-3-amino-2-methylpropionate-pyruvate transaminase [EC:2.6.1.44 2.6.1.40]	0.0037188380852345	0.0114232059413195	0.0007049800662818	0.0134226291319903	0.0064767834390273	0.0195504469342558	0.1661736762416077	0.014702059834658	0.0100778982717373	0.0075481201429513	0.0090304685088686	0.0188569430092755	0.0169789882263641	0.0531302937911649	0.0019872722690594
K00830	AGXT; alanine-glyoxylate transaminase / serine-glyoxylate transaminase / serine-pyruvate transaminase [EC:2.6.1.44 2.6.1.45 2.6.1.51]	3.870820145744377	15.208188515587649	3.600908579834363	68.99663633788418	105.25965078386324	44.14213273026395	331.3724701246506	184.35282744956797	157.45015193004696	73.45853948862953	29.412194661592007	648.3574015529258	56.62609808018286	335.9699279291213	4.55458733978514
K00831	serC, PSAT1; phosphoserine aminotransferase [EC:2.6.1.52]	58799.936540941504	49732.37570614157	108987.06336893512	34041.53930352471	73252.60295274797	42947.50441617704	16305.2944377475	77768.66627277259	27870.268310260984	10679.761446642971	4269.199654529741	6083.012270926975	5766.237911409296	30259.60645373341	1450.457999566355
K00832	tyrB; aromatic-amino-acid transaminase [EC:2.6.1.57]	503.6295194948673	935.1908676808508	2034.202644010749	1172.4477937115084	3947.263664363904	3466.8718785219226	1644.770584529752	1397.647850433141	675.3839182757624	630.4936735749573	361.9207424473701	1427.0815062676952	289.28615386808127	1374.5498024469289	72.74893277146433
K00833	bioA; adenosylmethionine---8-amino-7-oxononanoate aminotransferase [EC:2.6.1.62]	19632.138710666903	15659.298370747416	46503.898454667535	19996.964988672116	6318.955890555781	6355.5519309496885	4197.37894606957	26649.71489321268	15891.756965520692	5133.190447282746	427.6140462154242	3407.714565970081	1436.5156767514595	2470.953038573748	847.705669081183
K00835	avtA; valine--pyruvate aminotransferase [EC:2.6.1.66]	32.874898292428185	470.00082219963735	2979.721486615024	3052.8038096624878	312.7409347322568	510.5600006828448	145.2486427837497	434.7515532329235	2263.8874330275617	359.51072068223743	34.60861543262742	35.10607351192122	165.67893846814255	482.7923809518644	28.967543404734545
K00836	ectB, dat; diaminobutyrate-2-oxoglutarate transaminase [EC:2.6.1.76]	3060.076171638001	5022.12264507543	1614.3298654823243	1610.0085697290624	1119.0450549198547	676.7008001765389	629.483073604035	1803.1170390084767	834.4197990761065	676.9350579814942	77.34903663635035	395.2201109308669	88.95501599710092	362.56391088842713	64.41100657727856
K00839	pucG; (S)-ureidoglycine---glyoxylate transaminase [EC:2.6.1.112]	107.54127639792156	28.920626269937024	77.75148528929974	17.58080942453496	1.860769970245471	6.578349763764993	55.73598364242676	38.06308160206002	3.802122852901849	0.951999686764304	68.24193690420508	6.45796305389517	5.165269324223454	3.2997409087474923	1.0193168673979087
K00840	astC; succinylornithine aminotransferase [EC:2.6.1.81]	10.000005523981317	53.531751864962686	21.868662904991737	74.64588627553009	156.60350147871486	158.63051685315827	136.9531012691963	75.75743606718156	75.5165095862115	79.39611035967657	32.48411391940882	26.669816272211417	74.35447730325491	164.9536290474574	36.41166194971738
K00841	patA; aminotransferase [EC:2.6.1.-]	2243.3110582161635	6864.446854750363	18577.97981718589	1779.5041150141624	4607.584644949764	3788.452547057602	4306.516229780081	14208.227594885431	1380.9061274750377	2879.7950495791733	580.4495058236221	680.9336885748655	445.2925420997002	1456.687847124684	20.03966186363973
K00842	E2.6.1.-E, patB; aminotransferase [EC:2.6.1.-]	661.9559641508217	1285.083258446979	597.0302133632825	1081.554143319158	802.8813519134826	674.2839185518931	1679.6673847468542	1040.9913667732749	1066.1092156835275	921.900834375772	165.63740718057835	215.1809111086642	98.01368470656598	349.82907225527816	60.65253318351196
K00844	HK; hexokinase [EC:2.7.1.1]	1537.6581019535058	2767.870523454102	4128.498970909873	2849.275087127172	899.4699661550169	1036.2349711559168	3246.291990315837	3974.796253255412	2700.7378882234034	2230.730622851316	238.3539953250552	425.8377306033151	1048.1809971275989	270.5435464253003	61.90112973237749
K00845	glk; glucokinase [EC:2.7.1.2]	80576.46222223839	74916.3569932142	197377.7523278436	76841.57488222758	221077.9373347921	112947.1123382888	41093.917334762285	115194.46428505272	51614.11447409696	25265.09263673315	15026.504131070044	14481.584570101835	9659.376727256153	106429.5175050813	2837.941575359267
K00846	KHK; ketohexokinase [EC:2.7.1.3]	5.434562545554939e-05	3.903364232236807e-05	3.3001434954732216e-05	1.5378110719765883e-05	8.801493173413031e-05	2.2514668651116133e-05	0.0046395020167782	5.537655650255306e-06	2.9328366925530346e-05	2.19547871171111e-06	0.0001724545521867	0.0005630125323868	0.0001095069370128	8.899263499904294e-08	0.0
K00847	E2.7.1.4, scrK; fructokinase [EC:2.7.1.4]	66838.5381457629	53448.60302667899	167678.45685195457	59476.25288977497	174483.79881552348	81823.39525721496	22862.766388592536	97296.49169452192	44555.6500057798	16534.9570828885	12059.05804860787	9111.975519729129	7619.388102297948	89991.18477859054	2104.8782646158343
K00848	rhaB; rhamnulokinase [EC:2.7.1.5]	24278.89590810289	24084.266275260707	56620.31775442176	28511.1688403968	82912.83633755817	40430.90676282438	20740.01597275693	35643.23321327359	22717.27940074329	11869.044194017162	6157.4265462851945	4728.844903038038	3009.1117093501584	41211.10014043517	1018.1310421973031
K00849	galK; galactokinase [EC:2.7.1.6]	44959.22622967747	43350.10984205791	103477.86603566454	36075.85074856905	84636.1478971635	47967.24334889953	17739.46267139446	66382.78302193724	27129.77084936277	11281.654698876171	5275.150033849754	5730.363357178778	4469.76796755365	37018.76575255018	1403.1618929669785
K00850	pfkA, PFK; 6-phosphofructokinase 1 [EC:2.7.1.11]	118186.5816713202	106080.36603039956	172018.18714033067	86145.60465641483	245284.68050571252	135595.5396947217	44289.027734657015	143241.77419291134	56366.90984001456	27028.748797226293	15610.46879714607	14913.105234239712	14806.932697907476	110668.55171256044	3126.252416562515
K00851	E2.7.1.12, gntK, idnK; gluconokinase [EC:2.7.1.12]	998.3125233297152	2582.2656082796966	3614.75368682182	3062.429072183135	2814.6940576241896	2763.397505921997	4434.578750659046	4130.99854704787	2358.2326577499025	2712.591530562712	476.0722537969724	1817.302038241458	533.1204168923616	1072.933765234564	170.67694656615902
K00852	rbsK, RBKS; ribokinase [EC:2.7.1.15]	44708.13264954732	39099.61450677202	60133.3848482914	32988.96838243404	109361.46215320876	65356.13687012472	30394.2782970526	63609.27144382215	21263.273511228912	16775.00790054553	7131.124267122068	7942.958758358688	5266.457159034962	43576.08554005926	1113.4813219435632
K00853	araB; L-ribulokinase [EC:2.7.1.16]	10963.027348983964	16898.32806150284	38142.35076731381	8917.380643692846	4604.203891081887	4941.673558538944	13978.756846569113	18540.63433456221	11006.667823855658	6062.903638492879	806.5792581759099	2680.1491955706915	1175.3224484521093	1561.829638664938	308.1619275020934
K00854	xylB, XYLB; xylulokinase [EC:2.7.1.17]	48887.80088052216	61041.1309639594	77425.72338862583	52473.728745488304	75759.8587113861	48147.01077373976	59681.30421910568	66827.03012026008	48030.043278424106	30497.45493248226	7532.347259692182	13057.131385363196	9240.69511992644	34072.838163429835	2227.747214504687
K00855	PRK, prkB; phosphoribulokinase [EC:2.7.1.19]	31.147185521413824	71.69756862211906	102.1652924904396	107.29160120229592	192.4956130463604	193.5065231936245	396.8811984079406	95.37689662699506	93.48067089394335	92.64498386372658	47.708741320451466	62.19571088442763	102.87172343483512	166.32576965582712	18.75938233482031
K00856	E2.7.1.20, ADK; adenosine kinase [EC:2.7.1.20]	154.970701391557	309.90451040864247	630.1222618734718	2207.9506957113463	1377.0962515279753	771.3420485843075	558.3954957062898	752.2960465994466	496.03465101849474	1114.68817030808	131.55327724572354	937.2876536289024	332.0338558339717	464.2212178685495	61.34864189504693
K00857	tdk, TK; thymidine kinase [EC:2.7.1.21]	27482.55140413222	21795.729285346617	84468.19003405057	23711.57420997176	75212.95015779632	37471.67872497674	6934.2463739017	49655.20808508826	17815.009310470792	7758.219504027458	5049.663573952366	2342.486596401535	2800.7902843384654	34900.79843227909	921.7082354042482
K00858	ppnK, NADK; NAD+ kinase [EC:2.7.1.23]	53567.199336249134	53032.61508311823	113095.13987964828	40669.589720952325	92022.71884252835	54386.450621321485	21280.71416249929	78770.61366283533	31329.864606011502	14191.674528466076	6176.518461078591	6620.939630781143	6345.790329322442	39392.68704339839	1570.0805470929845
K00859	coaE; dephospho-CoA kinase [EC:2.7.1.24]	54457.76938895874	51323.88570036937	147498.00738835783	41018.90158018268	90969.13728626314	53231.17587818191	20431.25017082815	84113.39586775284	36997.42558087243	14450.473216758406	5921.5381398071895	6432.200403640405	6342.897747771848	39064.30753047865	1489.2403097131532
K00860	cysC; adenylylsulfate kinase [EC:2.7.1.25]	5745.461612845031	2390.8218505216964	11862.075655280927	2020.608662807239	1849.8526201106863	1845.242205857328	2326.456922458572	4847.216415063187	2021.3634761796663	816.0354399142225	153.25543978997044	1521.9831656066588	561.1419272135064	770.4368965846634	116.72736307136309
K00861	RFK, FMN1; riboflavin kinase [EC:2.7.1.26]	0.0	0.0	0.0	0.0	0.0	0.0	0.0	0.0	0.0	0.0	0.0	0.0	0.0	0.0	0.0442712075866352
K00862	eryA; erythritol kinase (D-erythritol 1-phosphate-forming) [EC:2.7.1.215]	500.1153092625232	655.9707053736703	292.9095344868162	544.3367793615669	186.70441616945237	192.30495980981863	119.39195031502786	1682.2246392568634	207.047784591274	136.67896867005857	29.41650402807064	36.59966599791972	715.1196655810319	31.39099720526714	10.977960433833406
K00863	DAK, TKFC; triose/dihydroxyacetone kinase / FAD-AMP lyase (cyclizing) [EC:2.7.1.28 2.7.1.29 4.6.1.15]	2745.7747559817376	7299.734781330938	15160.69011305486	2602.0555331560654	4003.006581301704	3973.580161782808	4645.330555244102	9431.355692380394	3561.513206307416	4312.111046771492	498.2732683421307	1089.6221998202516	577.7623102728218	969.226348290438	127.48120425709654
K00864	glpK, GK; glycerol kinase [EC:2.7.1.30]	51417.783214873365	51190.88154983852	76541.92063142566	37299.276933361936	89918.5149101995	51731.81832547707	28634.78222105974	66950.72607146761	27520.16980006246	16111.533459109072	6598.522096100287	8755.359466116935	6369.310703201317	39825.65828812561	1571.6730797985074
K00865	glxK, garK; glycerate 2-kinase [EC:2.7.1.165]	37289.5005049789	34629.53858690874	89170.99533451675	29222.6255445936	78981.43883828179	42021.68315437052	17765.41268050426	51685.98567933747	24242.72784339373	13132.810283608678	5588.129713918956	4899.251578193311	3233.070365528485	37288.90175035019	1157.0224823212395
K00867	coaA; type I pantothenate kinase [EC:2.7.1.33]	890.1614845130853	5650.785320758587	17278.47141438675	1382.6410761015995	1895.130167206963	1720.640446638494	2971.86819643342	9243.837482342777	562.0795730569923	1321.2494600151254	252.3156761338546	618.2185625945294	159.9974748951322	369.3222109125443	16.514339667889896
K00868	pdxK, pdxY; pyridoxine kinase [EC:2.7.1.35]	41845.52857529713	46524.64546678623	84152.73353663608	22783.404598075897	84498.12090184957	48033.94962116856	12964.533942721588	63149.76521397126	13857.725678483905	6152.31575893041	5184.674178857984	3920.693837426559	5344.633436066746	36150.64235246189	895.5735974982051
K00869	E2.7.1.36, MVK, mvaK1; mevalonate kinase [EC:2.7.1.36]	889.3079587389195	5828.466794964403	16546.771259757075	518.0191444446511	3919.0280287180262	2963.1969499693487	2446.326111288752	9136.18701299924	470.7595186591692	1813.641104152664	457.8769231740806	252.78252438426944	67.22604596653383	1354.2021645100313	6.250050568220521
K00870	E2.7.1.37; protein kinase [EC:2.7.1.37]	7.700377943538992	30.86180229451056	4.90509992601791	42.62552451550323	111.85767145673576	96.45490194852056	346.64187260641813	32.10123615028405	24.932687080537477	47.28423888522824	28.33268028871592	41.58832115539493	35.75856421873771	147.39185722522694	4.306299813499507
K00872	thrB1; homoserine kinase [EC:2.7.1.39]	7192.016088300187	13131.295827608285	23324.48354527205	16373.57267249387	73681.28218249089	36156.27626439277	11291.557242397945	22131.265943603197	5043.560635532047	4634.522862931999	5097.914371806421	2613.870560755411	2132.836261673938	35452.99386842944	420.6411302831677
K00873	PK, pyk; pyruvate kinase [EC:2.7.1.40]	57650.47323810186	59854.54600670948	115171.13821387722	53895.15720051908	212322.5610479821	103143.16238216298	21835.08365221404	80598.63641289885	31661.569447028687	15376.130210150826	14361.846352725534	8327.756666420482	7430.411246554054	105501.43107904989	1783.7638359475104
K00874	kdgK; 2-dehydro-3-deoxygluconokinase [EC:2.7.1.45]	38031.34348578654	26946.280611375383	67799.3250406346	28194.97017925315	37887.73119673779	28373.6477705946	17979.80747568066	56083.80761610642	20974.935599913828	9946.270324498872	2348.233305717064	7371.786263387291	6322.991231468426	10729.933572645656	1030.644608964007
K00875	E2.7.1.47; D-ribulokinase [EC:2.7.1.47]	0.0	0.0	0.0	0.0	0.0	4.2	0.0	8.0	0.0	0.0	1.8	16.4	5.962284962682328	30.594425471064604	0.0
K00876	udk, UCK; uridine kinase [EC:2.7.1.48]	77714.51181269172	60685.98509367249	186713.87981528236	51790.36668396615	157021.63821623457	83480.76133838642	19155.28828187623	117909.68581169426	45645.12393849767	18221.83073329505	9886.395121273028	7157.244018839868	8563.422290534716	71012.33647767868	2246.4608188092216
K00878	thiM; hydroxyethylthiazole kinase [EC:2.7.1.50]	17889.171141892348	24316.77356613488	13644.273976333458	19762.50504991103	82560.67605358346	44895.3645256172	8080.19240494185	29971.11914601584	8555.397763061492	5836.070182288344	4989.859769022574	2817.9132105253675	3213.4930929196807	35848.647074928725	609.8805260789802
K00879	fucK; L-fuculokinase [EC:2.7.1.51]	6916.2825992964	6589.863369998356	6223.941602371017	7976.2452110272125	9690.29215180014	9111.75138017121	5679.3324923803375	9955.388263456209	6588.774634241776	4004.9591565336914	455.9268334422465	875.7200902004865	843.1812179261636	1117.182354804254	257.2815478497482
K00880	lyxK; L-xylulokinase [EC:2.7.1.53]	2165.1211950631287	5139.4072211057855	1689.6604388567175	2747.614195874584	1690.258483072531	1696.6357115664662	3928.032146194984	4169.99918663478	2558.3386736047587	1798.8207945408367	349.8011135335251	1328.3066307196582	1295.607584007445	984.7423309758856	187.87405394303627
K00881	alsK; allose kinase [EC:2.7.1.55]	783.6470610131921	1938.9886046416889	905.4880541871752	1946.735645592914	786.2800908314102	847.964127690462	3641.6127735164073	1097.9473860356625	1989.2077525486943	1381.9461557810464	245.7654655744446	726.4226984756609	243.27216611242537	699.470925619476	123.78491526980572
K00882	fruK; 1-phosphofructokinase [EC:2.7.1.56]	28581.496259383093	39728.83769107032	40074.215924982185	29306.997964596045	115082.40239167018	64214.56769449653	22802.180575656137	40097.74326064318	14303.852377090992	11378.147505164548	7557.028914814227	5984.0027759477725	4490.550182129026	51439.6406633242	883.6539348219578
K00883	dgoK; 2-dehydro-3-deoxygalactonokinase [EC:2.7.1.58]	516.6032747292888	388.7521997224958	238.38539429689197	408.3587993249555	499.21782243440987	491.58293724832447	1012.7854883498989	752.0264464000612	357.1783517705038	237.5136981956237	94.37326729129973	1011.0485207618112	225.78876204357655	650.4005800403949	46.86344147125644
K00884	NAGK, nagK; N-acetylglucosamine kinase [EC:2.7.1.59]	16.876188678700917	68.60819175029395	21.90733384968733	75.38277474948038	156.9587368402153	163.90727146445727	150.734708081494	85.43419773962454	76.0731494607024	77.6490541348486	34.78234214455962	45.61066804076301	86.12135912719336	113.93268815477435	15.833681594207434
K00885	nanK; N-acylmannosamine kinase [EC:2.7.1.60]	24.652691211132627	111.4601920505064	39.87193517571773	135.28498524237818	285.42110419264395	288.1602100858917	187.8751295527013	133.8492743130839	134.69605417389465	135.27985397048397	58.63958410306639	48.80248317316656	137.32458227528113	127.46917208789252	28.151111993019644
K00886	ppgK; polyphosphate glucokinase [EC:2.7.1.63]	1.3578192539184355	5.284627050118571	519.2176283734445	1256.865322041727	937.1570483838888	391.82016093348375	120.13621445061094	20.946619342203512	3.679635122341737	109.26643718052912	66.06705254238433	117.06422237681592	44.37895645782415	30.758759480497694	1.1744777511424982
K00887	dgkA; undecaprenol kinase [EC:2.7.1.66]	1363.327423800546	8016.940906794483	16704.60540038786	3140.07371653709	2186.220274708282	2158.1209506236182	4294.746763306523	10317.494331602617	1244.153776884639	1221.589686025683	265.2944015127547	1166.152939059537	1046.8866957476157	851.604985371632	32.35073348054016
K00889	PIP5K; 1-phosphatidylinositol-4-phosphate 5-kinase [EC:2.7.1.68]	6.473899530855408e-06	2.8713649549668e-05	6.90472350438827e-06	0.0001352850678171	6.769937251177113e-05	8.211633191697932e-05	8.702657382803505e-05	0.0002985770813723	1.7563697526461258e-05	2.501505199229036e-05	1.2082304472024264e-05	1.2513128445557123e-05	1.9564024369536904e-05	8.918440916392314e-05	0.0011503514342213
K00891	E2.7.1.71, aroK, aroL; shikimate kinase [EC:2.7.1.71]	70533.54257428033	61156.240009762376	108589.70318240164	39461.51953885149	95753.01820198602	57744.51520424616	18206.412545528678	84155.38495559728	35020.01320543231	14758.89132599911	5632.818130420053	6518.60439715961	6604.067743477655	38577.488492017146	1799.1072399182574
K00892	gsk; inosine kinase [EC:2.7.1.73]	10.000005523981311	53.53175186496268	21.868662904991734	74.64588627553002	182.1035014787148	158.6305168531582	227.7737533077816	96.12275824129998	151.5165095862115	103.90493944523676	39.98411391940882	334.1698162722114	96.3544773032549	209.96296698677432	15.50002200353846
K00893	DCK; deoxycitidine kinase [EC:2.7.1.74]	0.0	0.0	0.0	0.0	0.0	0.0	0.0	0.0	0.0	0.0	0.0	0.0	0.0	0.0	0.3390095496862682
K00895	pfp, PFP; diphosphate-dependent phosphofructokinase [EC:2.7.1.90]	16809.81904113177	10040.778314932191	73152.76726852781	9944.628455671736	1636.2123824448763	1328.7238823196344	1696.585136204641	24807.43669054169	15037.253979954814	3442.6840033123344	95.36548502930106	1355.7557100858785	269.2987198924408	593.8116565120733	507.4835312953964
K00897	aphA; kanamycin kinase [EC:2.7.1.95]	5136.084621442329	2719.942841981437	3033.2815496959665	452.5031949795025	2163.0205837712165	2632.8482324675515	852.8954850566104	3395.664038845901	1098.0556633978529	650.3921893916829	116.43692036950796	124.22392230845372	131.9187736883923	354.30912443689573	64.58220197479605
K00899	mtnK; 5-methylthioribose kinase [EC:2.7.1.100]	3367.6318598054186	8031.884323454988	2210.8263072294094	1248.5693862288583	2443.0257538092787	2206.3640109534253	1103.228189022772	4867.764006774852	1290.8316329578042	843.1424774591073	171.0780912357176	502.0692805158133	512.8805196936414	434.9481630214501	117.97437344320836
K00900	E2.7.1.105, PFK; 6-phosphofructo-2-kinase [EC:2.7.1.105]	0.0672210262056133	0.0698805422034139	0.0053958557873705	0.2545500561417784	0.0529052395417188	0.1410247702006221	0.1056370243135866	0.0146340851311872	0.0873268110887355	0.0195485906102098	0.0094419961159503	0.0097786734686999	0.015288759072182	0.0696952180669563	0.0
K00901	dgkA, DGK; diacylglycerol kinase (ATP) [EC:2.7.1.107]	19456.91745774172	22213.465668247285	31381.49334013281	22841.11665479357	79366.99939843494	42248.67154372804	10960.610725389111	29726.22157008977	12643.726566011204	7150.513215876755	4944.389610276043	3811.282528265073	2181.555866866219	35185.27778463297	881.2219837698694
K00903	epsB; protein-tyrosine kinase [EC:2.7.10.2]	0.0094461542628105	0.0418964739569577	0.0100747753426886	0.1973962700478864	0.0987810689977093	0.1198170492277392	0.1269816495337036	0.0471732627758355	0.0256274283327307	0.0364998002958162	0.0176294536776517	0.0182580747575298	0.0285461322523199	0.1301301762229724	0.0
K00906	aceK; isocitrate dehydrogenase kinase/phosphatase [EC:2.7.11.5 3.1.3.-]	14.000005542216911	71.8617519632868	42.30866294542478	132.51588641271357	425.7735017681517	338.6405171453721	635.2187039258572	137.08275837094862	259.436509719822	191.7461104968952	62.814113978873536	916.4998163201792	128.3044774396424	501.7141939405323	45.75578217575119
K00912	lpxK; tetraacyldisaccharide 4'-kinase [EC:2.7.1.130]	17768.645049875595	11211.924474957774	73678.00007237995	13009.446762688704	2371.4560089925358	2445.150795882674	1903.751982612044	28087.401544970897	17868.080897770473	4026.477817153206	136.96531372864172	2094.643777504867	524.4268322162969	1665.8367743237764	614.0392384842261
K00916	CTK1; CTD kinase subunit alpha [EC:2.7.11.22 2.7.11.23]	0.0	2.4910304815947504e-07	0.0008727837811682	0.0	0.0023072328347602	0.0	0.0036921231878442	0.0	0.0	0.0	0.0	0.0	0.0	0.0	0.0
K00917	lacC; tagatose 6-phosphate kinase [EC:2.7.1.144]	4495.484229961096	5012.4678584258345	3227.759978388945	7024.364102737836	5751.487141070684	5497.363540647128	4764.844450582604	5874.066122279441	3353.549011325033	2857.7442205476086	694.7334166882097	1023.0425717180188	1093.2121884268067	1170.0947265465704	209.44705432502997
K00918	pfkC; ADP-dependent phosphofructokinase/glucokinase [EC:2.7.1.146 2.7.1.147]	461.1278961054104	229.984267984426	140.58848496296017	100.17412799127013	267.30092297983504	294.8748189763336	220.3872364898816	182.89617331032736	288.3157618818285	585.65355542171	12.279111208410075	181.04484289844632	20.439496966670728	161.3151941496284	80.8554644713808
K00919	ispE; 4-diphosphocytidyl-2-C-methyl-D-erythritol kinase [EC:2.7.1.148]	54219.03242871704	52916.78776507832	109610.16113078546	39525.54871254666	87625.54344190688	50851.65504334637	20418.86777010891	78101.277518491	31445.14561383317	12880.617697040168	5533.282733347455	6771.6388961051325	6323.060320998016	38079.56255560394	1553.149429912508
K00921	PIKFYVE, FAB1; 1-phosphatidylinositol-3-phosphate 5-kinase [EC:2.7.1.150]	4.044433748764803e-06	1.793825386621933e-05	4.313582043394428e-06	8.451652537637313e-05	4.229377142042687e-05	5.13004662100341e-05	5.436803746365366e-05	1.1698853588922962e-05	1.0972553820236816e-05	1.562763215933896e-05	7.548167798496878e-06	7.817316093126503e-06	1.2222216307913124e-05	5.571610009810574e-05	0.0
K00923	PIK3C2; phosphatidylinositol-4-phosphate 3-kinase [EC:2.7.1.154]	0.0	3.2427372136582077e-21	0.0	0.0	0.0	0.0	0.0	0.0	0.0	0.0	0.0	0.0	0.0	0.0	0.0
K00924	E2.7.1.-; kinase [EC:2.7.1.-]	1800.3452007669985	7773.115958658873	18326.310869880523	4915.077915622707	3812.436395459424	2966.983863172108	7850.739221744132	9257.04240670133	4618.088181736966	3394.9946865986017	634.4115206979977	1792.8591638848518	546.2814611710074	2361.197527507155	188.01462593505067
K00925	ackA; acetate kinase [EC:2.7.2.1]	59836.87995323798	68513.14470208975	143182.78563158883	47151.409272543904	151299.38627996767	78786.84424953825	30029.483554092774	101320.47284367336	33502.73176451161	17181.842293829963	10536.905686622584	7557.217941049514	7989.801729127344	71865.16686130698	1862.718004112559
K00926	arcC; carbamate kinase [EC:2.7.2.2]	20004.030448472316	17805.949784329954	9256.754005123756	15292.164252019404	66293.25955957129	31545.490142032584	10416.004019269412	18543.04068192353	7018.159655918023	4193.237197616996	4861.084369374109	3787.1001295667447	3296.4451245730443	34100.10188630198	663.2881342471601
K00927	PGK, pgk; phosphoglycerate kinase [EC:2.7.2.3]	54748.61321640844	57506.81897281355	115273.78713539416	46324.21077141992	104190.90523816703	59641.62281385485	28663.103716130543	80543.7792752382	35668.480839798496	16657.843668278285	7228.478119756071	7463.728074459692	6656.266716760638	46176.32123733263	1695.5209133483904
K00928	lysC; aspartate kinase [EC:2.7.2.4]	67344.03764022686	61563.33413081816	136369.32563520985	52961.71868143336	168315.00498309275	92481.17638218144	26083.67810135708	100665.4961352555	38270.79605365131	17506.477250884236	10517.456643343805	9209.976822375356	7472.703013365597	72910.33180902622	2020.530563934473
K00929	buk; butyrate kinase [EC:2.7.2.7]	20775.148927827468	12611.517109689004	29384.659591547505	10664.873933690493	66772.19690072951	31656.961422190456	3250.077842027649	20233.11882260185	7247.484272752294	2385.059272109944	4655.064519004711	1873.069090141284	2623.787408201823	33984.556335408146	340.7694987317148
K00930	argB; acetylglutamate kinase [EC:2.7.2.8]	47543.29076073438	45590.07860585848	77360.05545225818	36392.34803129409	76806.72380811254	41248.90309716087	17647.807529741724	59044.86928270946	27428.27203466144	11559.995475704103	5236.387572437543	6295.829367990201	5518.577951253647	37294.46065512676	1491.382741162188
K00931	proB; glutamate 5-kinase [EC:2.7.2.11]	50710.41924931194	50534.92232250961	83488.21200621492	41622.086635766645	92210.12734390944	54584.63774748868	20930.811946355232	75635.03203004895	26420.4720853852	12471.828230248351	5362.173261404453	6601.863924232119	6054.351830258907	37864.36905724224	1573.4640191294452
K00932	tdcD; propionate kinase [EC:2.7.2.15]	9.93987577148506	53.594599210515256	22.039277852714086	74.77612128599421	157.76651554456595	159.28020221027433	84.71599705747929	70.66898479970547	75.76851110944942	74.77612128599421	32.41307713503555	26.146414339002835	74.34219777515781	70.45706866650629	15.560698923482198
K00933	E2.7.3.2; creatine kinase [EC:2.7.3.2]	0.0423100318946414	0.1015031805446684	0.2017087403859667	0.27162999646851	0.5361504577378133	1.0537284445006372	0.2394718286596308	0.1778297202251811	0.0740481039596266	0.2472794596929557	0.0290545871681738	0.1533707815152634	0.2944719513388057	0.0380241363706846	0.0359560527457672
K00934	E2.7.3.3; arginine kinase [EC:2.7.3.3]	0.0423100318946414	0.1015031805446684	0.2017087403859667	0.27162999646851	0.5361504577378133	1.0537284445006372	0.2394718286596308	0.1778297202251811	0.0740481039596266	0.2472794596929557	0.0290545871681738	0.1533707815152634	0.2944719513388057	0.0380241363706846	0.0359560527457672
K00936	pdtaS; two-component system, sensor histidine kinase PdtaS [EC:2.7.13.3]	58662.02363649884	40538.65330680106	63520.05887700332	43850.5703036341	209638.1844872518	106945.0886106934	19059.557107147037	66405.93889114981	25239.624916033583	13406.939971226198	13559.52999240552	9637.926979576498	6414.17306409248	99585.61964783711	1603.5522825857613
K00937	ppk; polyphosphate kinase [EC:2.7.4.1]	39832.72653993049	39784.09222513646	55809.74622420742	24551.556262260096	24776.97338629944	22949.80211415531	13766.381123050409	50881.594906273305	19600.496531647645	8843.77332299815	1122.7513328941773	5594.147244421998	5201.857428442808	4898.569768826459	1145.3795294281292
K00938	E2.7.4.2, mvaK2; phosphomevalonate kinase [EC:2.7.4.2]	884.4789549281796	5817.243846829006	16529.397015391605	517.8866240130354	3918.322243061521	2963.116264099797	2445.6215451934386	9111.473923048365	470.7430425548964	1813.616790726288	457.86501612192376	252.7701927571869	63.22371909692305	1307.5742737095677	7.296076264662614
K00939	adk, AK; adenylate kinase [EC:2.7.4.3]	54106.658186796485	53476.06395508733	114927.81723411984	39547.25164415342	91075.82877611351	53420.13719841746	21210.03640546376	79479.99654676033	31892.12737305205	14367.995125284804	5961.238052039256	6566.431871001021	6804.578651949565	39274.1090117363	1551.3139401008618
K00940	ndk, NME; nucleoside-diphosphate kinase [EC:2.7.4.6]	7300.333322250145	11360.186646966831	37746.30708786918	12837.1480227362	15800.953306830164	8749.199584226326	5702.8110079119215	20093.503529230555	8695.702890203967	3043.82632043404	1170.45267442382	2556.454730683379	1912.277603674403	8796.586442662147	344.2280849101695
K00941	thiD; hydroxymethylpyrimidine/phosphomethylpyrimidine kinase [EC:2.7.1.49 2.7.4.7]	33233.69191669857	33030.51029024515	84191.85620345862	31310.21731546282	79127.22639654017	42190.28180506374	12298.68595908948	51102.76398283857	24006.781836633963	10490.896232253646	5329.215979352577	6101.387867501553	3874.4985837462286	38229.64432251006	1240.835195111206
K00942	E2.7.4.8, gmk; guanylate kinase [EC:2.7.4.8]	56200.33953427099	63860.34682640791	131144.43422899075	44118.68555467033	138022.69449364612	72595.60216870319	23637.43674333412	88405.01253682212	32473.67387499865	15310.775860044698	9180.599521124266	7167.654793622917	6458.942892267889	65094.42980066582	1646.587099251191
K00943	tmk, DTYMK; dTMP kinase [EC:2.7.4.9]	26669.50555175926	36573.09650322508	37619.74053207704	33136.99421845909	76795.87726452685	45301.20428871503	21943.86957279064	49353.86858889213	15826.116847306426	12024.575897761064	5310.33394832969	4920.698460927157	5837.887145864372	32259.44359825429	942.9882486032294
K00945	cmk; CMP/dCMP kinase [EC:2.7.4.25]	72094.93144902498	76304.54073862579	128320.46877438755	48154.590102188085	103309.37359638874	65083.401413765954	27031.996351570844	100221.0491047404	36417.4000982663	17224.158932649832	6530.854324694802	7767.094270549151	8984.680384599174	41109.5756135441	2052.7410301359573
K00946	thiL; thiamine-monophosphate kinase [EC:2.7.4.16]	19230.41271395119	11776.323153855785	79940.98738240104	14766.467137666925	3181.3349744904945	2852.7810428267235	2623.741417173773	29970.7140815611	18605.812248875904	4233.459853432283	223.4552992396062	2278.653075152062	630.123616290492	1796.0507865272907	613.779703980962
K00947	mosAB; molybdenum storage protein	2.4571043549732314	1.4687042960573686	11.27423357521515	5.6404728714237775	2.814729518991972	3.797674737521236	8.795119317813644	1.2029961350951517	1.0056535665939492	1.2091109103015716	0.7606009590932676	1.099433461008159	1.3088748569151971	5.170661031338723	0.0651751640853521
K00948	PRPS, prsA; ribose-phosphate pyrophosphokinase [EC:2.7.6.1]	71293.04953396524	71358.45586756605	140035.5469655567	47526.55077879877	151991.79942681766	79910.73109196432	27001.544708598027	96942.1724572973	36942.0328610264	16964.55640749367	10231.577571906591	8597.364066900001	7544.890428511111	72192.08485174412	1796.9832357819116
K00949	thiN, TPK1, THI80; thiamine pyrophosphokinase [EC:2.7.6.2]	35596.04048687167	43188.85105904619	74725.07645713037	27658.83730720983	86965.8737371458	49408.22442793452	19131.307160101227	57719.7290462674	18123.346813729608	10428.267244983504	5826.844464279952	4938.983718422534	5806.655393691526	37481.77605287214	923.5647010932696
K00950	folK; 2-amino-4-hydroxy-6-hydroxymethyldihydropteridine diphosphokinase [EC:2.7.6.3]	34826.022198098144	23579.76237220917	139304.56104607764	26503.54478419806	10069.441152158546	8640.865583896659	5182.755483341272	55951.04025368871	34114.81852411278	10161.828923959834	888.2173035494134	3635.720213026889	1800.6085466937243	3807.731693238005	1189.0115601227938
K00951	relA; GTP pyrophosphokinase [EC:2.7.6.5]	74847.62246481462	66372.44069193752	193305.1378609664	49360.55002152791	93659.8921456692	55380.039477618295	23470.25271212604	110773.30308069428	47823.424030580485	18093.57780650205	6137.290029357875	8882.61390510012	7000.039272824381	39667.50511743606	2149.3439898285123
K00952	nadM; nicotinamide-nucleotide adenylyltransferase [EC:2.7.7.1]	686.0552127548758	354.19790354519466	284.9528932404779	186.46996141348055	596.0061513985701	423.69151123176266	333.9383893265592	487.3003818802537	111.16615648694136	46.77360251221396	36.90500888374776	14.588099979357072	213.95127857566612	36.19570103467766	5.903436931057182
K00954	E2.7.7.3A, coaD, kdtB; pantetheine-phosphate adenylyltransferase [EC:2.7.7.3]	53692.19509750411	53094.2382784724	113590.85338912468	39111.817601817136	90868.43831339292	53127.23474869796	21334.343751608736	77947.17587438444	31693.084292506843	14543.64682544804	5944.287318155873	7122.129864752883	6148.529649010299	39401.91028558215	1540.768697706736
K00955	cysNC; bifunctional enzyme CysN/CysC [EC:2.7.7.4 2.7.1.25]	432.1210470595056	2161.3489115238617	1859.282391858773	1998.385379119284	497.67604113095774	693.893862248406	300.40115778573374	874.0044128927065	1480.4856416667471	892.8600615122465	8.064295178593143	171.06345191261352	178.57043096966402	292.8168260747072	40.51901676368027
K00956	cysN; sulfate adenylyltransferase subunit 1 [EC:2.7.7.4]	4408.472020758169	6357.875071706482	12037.64180333282	2401.1368571983394	2589.734017271034	1648.3825104773312	1497.0494906525705	3983.681846965084	1918.674457905953	1212.3604589005429	199.8558857947537	1578.0764780817494	445.8712818494607	1401.9018110846705	144.79956668901616
K00957	cysD; sulfate adenylyltransferase subunit 2 [EC:2.7.7.4]	5257.1496378645015	8593.235623617255	21103.3599201644	4585.733304630496	3080.6223826790056	2235.9979179224174	1808.0755173102505	4995.008960609748	3587.5332172566086	2123.8233299639573	213.7104796937216	2222.7161311801337	612.1278780533687	1824.1213217979696	186.7169793981866
K00958	sat, met3; sulfate adenylyltransferase [EC:2.7.7.4]	217.00306051897215	245.5921499397963	678.6440532932119	231.70777187162264	272.5870494644472	434.0893865944722	360.9814801517746	244.3812355121919	88.98615455491006	118.83682413423853	51.0499124855118	89.55581750387967	124.62705185099976	177.88257986022074	36.667338639581736
K00960	E2.7.7.6; DNA-directed RNA polymerase [EC:2.7.7.6]	0.0240174788906062	0.10652458671077	0.3120654349804208	0.5018932167585579	0.2511574735534883	0.3046428599934538	10.242859335378109	0.0694725112513138	0.0651594502775745	0.0928031830442808	1.8598412548220304	0.0464223760137506	0.0725804501708993	0.3308646750319113	0.0002379948039948
K00962	pnp, PNPT1; polyribonucleotide nucleotidyltransferase [EC:2.7.7.8]	54384.47709797124	48754.64074326037	98485.87346093028	41753.6048172185	90695.31220644398	52618.92606802657	19675.771310038763	71985.7508871958	31761.367142348787	13695.553868896675	5945.68526107202	6997.65192801222	6627.39874680717	39313.35598930964	1640.544729005975
K00963	UGP2, galU, galF; UTP--glucose-1-phosphate uridylyltransferase [EC:2.7.7.9]	15916.688846176166	26411.638955010472	30299.256776222563	33883.40836360115	191347.86384741944	90711.61064919496	15403.699300468885	35982.8411712651	11266.61511199641	8941.639515352645	12911.63637320294	3988.490382954445	4290.376295485638	94765.46578079938	820.1247974093831
K00965	galT, GALT; UDPglucose--hexose-1-phosphate uridylyltransferase [EC:2.7.7.12]	31254.429694532933	39612.82622087397	30718.865423433195	20894.28347681117	77589.59279719263	42338.24311240872	17146.438952123222	37407.34057780441	11246.029319013884	7608.573536000492	5378.422917751692	4498.068417425653	3990.139245007782	35928.476013724256	891.4005301101633
K00966	GMPP; mannose-1-phosphate guanylyltransferase [EC:2.7.7.13]	601.5916952535051	2055.471213424799	5668.891930834543	7789.696173099339	2498.4399630013986	1848.2059221634831	3493.134090821997	1351.7149708840025	3667.4662776660825	1573.1324524126546	321.7786382794155	588.569874611519	421.6822582972416	1060.4023558923236	121.84471795436838
K00967	PCYT2; ethanolamine-phosphate cytidylyltransferase [EC:2.7.7.14]	0.0	0.0	0.0	0.0	0.0	0.0	0.0	0.0	0.0	0.0	0.0	0.0	0.0	0.0	1.0369810063706384e-05
K00968	PCYT1; choline-phosphate cytidylyltransferase [EC:2.7.7.15]	6667.589908148941	3684.3928457035113	14590.260207541342	5032.15588168431	1548.2302187337275	1834.209404455121	2926.991604581424	6149.633133600989	6030.64423160546	1849.669194401412	174.091775798041	469.3112108736467	396.2716250312594	988.7182375257188	134.2068437142818
K00969	nadD; nicotinate-nucleotide adenylyltransferase [EC:2.7.7.18]	58199.714190365055	62893.04838601549	118730.86533996755	44963.15938471115	92569.46497073896	55532.72481795808	24585.84945526477	84127.712277026	33825.57531916409	15255.44424658877	6136.242335214822	6907.176161056896	7152.07257784311	39964.28260412659	1744.7357426797826
K00970	pcnB; poly(A) polymerase [EC:2.7.7.19]	9656.4012841431	7181.735878630717	32335.36117910274	11440.981190500912	3161.6647892187857	2833.5892880351835	1801.3060078981784	14403.321527009835	9226.804444199	2668.918866733916	230.61113413547892	1929.5011730204567	482.864508499772	1681.7910796613432	461.09093630304415
K00971	manC, cpsB; mannose-1-phosphate guanylyltransferase [EC:2.7.7.13]	36198.61505311617	26767.500138532785	132300.9835606903	31121.987307666437	122104.83778219164	52773.59495410858	10145.722866396643	47641.67822404531	30815.14315888934	8949.36199295917	8475.532163776135	3290.070542696454	2909.3262470056134	67795.93041886944	967.341691439595
K00972	UAP1; UDP-N-acetylglucosamine/UDP-N-acetylgalactosamine diphosphorylase [EC:2.7.7.23 2.7.7.83]	10101.417728159417	6304.6940697134	10495.03997131617	1184.3544928789383	2070.202680592023	2105.751859756489	1074.0520422746674	5617.988369829653	2093.5864554470786	939.1402019231408	50.71727786838261	144.07169746072412	341.3344643002987	1238.030106989307	141.36421707415136
K00973	E2.7.7.24, rfbA, rffH; glucose-1-phosphate thymidylyltransferase [EC:2.7.7.24]	46020.344262338185	44875.03701097598	110971.15901659918	34630.56956778283	71258.19231387363	36600.97421352408	15089.865471202364	55535.11771386484	28611.003233365213	10073.539341872918	5073.294434050415	6501.671925722958	5841.906978560157	36923.076743999605	1219.174966488532
K00974	cca; tRNA nucleotidyltransferase (CCA-adding enzyme) [EC:2.7.7.72 3.1.3.- 3.1.4.-]	39746.44775667989	47218.76635836669	42265.6860308114	26042.434521816867	91091.55912893172	53805.612597895495	21342.82071046919	52573.63895212658	14961.004519172504	10754.336734006518	6080.977488867857	6207.41478912904	5909.1169592872975	39336.95571370276	1045.171585640786
K00975	glgC; glucose-1-phosphate adenylyltransferase [EC:2.7.7.27]	71958.72352749934	79167.43316885544	74883.87705563448	49123.599206059735	174242.93251141987	99220.5976694314	35455.45403311503	96558.4329503322	24739.21770195596	18392.95590404	11230.614848976958	9506.477571745654	12148.472618431748	74670.26078897153	1845.514076669181
K00976	FPGT; fucose-1-phosphate guanylyltransferase [EC:2.7.7.30]	0.0	6.900639976546001e-26	2.4177811936511173e-22	0.0	6.39148466965185e-22	0.0	1.0227900885445262e-21	0.0	0.0	0.0	0.0	0.0	0.0	0.0	0.0
K00978	rfbF; glucose-1-phosphate cytidylyltransferase [EC:2.7.7.33]	19995.38840478559	17802.271630053518	11820.916933965373	8303.173809847542	13436.88586993893	12063.415786200392	6700.478015177162	19499.7175083333	5190.067305102668	3447.6927830454074	534.5847498343562	2280.501852968257	2366.739138669496	1615.3051615447416	336.7602359176296
K00979	kdsB; 3-deoxy-manno-octulosonate cytidylyltransferase (CMP-KDO synthetase) [EC:2.7.7.38]	24447.431598961484	16805.471567000735	76569.58452620605	14547.598400357934	10203.337678042288	9240.826266508066	3145.284394775384	36434.03080354493	19141.2723257164	4684.294567661547	236.4565702562279	2238.9911845634333	895.8548379535632	1930.3012619571368	740.5390131957713
K00980	tagD; glycerol-3-phosphate cytidylyltransferase [EC:2.7.7.39]	8100.105762983867	10103.750729127412	10298.109096815975	9859.764843726098	25501.76304235224	17178.693011256462	7980.071591074789	13947.554025461875	6404.333899633919	4489.20740062501	1702.3466306052158	1324.337958334342	1232.106494521037	8772.245702869439	350.1359435033097
K00981	E2.7.7.41, CDS1, CDS2, cdsA; phosphatidate cytidylyltransferase [EC:2.7.7.41]	54455.124108947006	53847.69776636179	115008.39791315523	42097.71423948534	91938.44990742736	54226.113662202	22642.690344720177	80511.43424252627	32115.95020240816	14566.30948443834	6126.7040437113865	7649.70633171864	6661.258305585565	39960.122348885016	1569.962179820614
K00982	glnE; [glutamine synthetase] adenylyltransferase / [glutamine synthetase]-adenylyl-L-tyrosine phosphorylase [EC:2.7.7.42 2.7.7.89]	257.06684454688406	290.2319240263737	2030.031051928013	2519.2551452812463	2242.6809436992435	1338.024776636139	889.6285431540741	894.4628059739316	421.3216722793068	459.19883662957625	170.8287202914079	1193.1078271530469	294.0003995384901	726.1348554359226	78.57197044760325
K00983	neuA; N-acylneuraminate cytidylyltransferase [EC:2.7.7.43]	17519.020855085862	4667.1357850144295	23933.273194380152	1852.697695322749	3452.1055218588426	3490.149902054093	2095.258034586593	9056.62246304406	3594.000532652332	1524.3771608292848	87.16697415809837	942.9248307328636	431.8479638120051	698.7044357112136	167.35563932237
K00984	"aadA; streptomycin 3""-adenylyltransferase [EC:2.7.7.47]"	2597.652719419284	1193.5261657897088	3644.543111900267	2493.8409600559226	1553.191000290462	1095.7451345631496	1186.6548364371356	3314.7977836090304	1534.0244484692532	755.9648561157478	130.84281530895225	902.4700866694308	815.7647396882707	444.17619574672017	25.775369828094405
K00986	ltrA; RNA-directed DNA polymerase [EC:2.7.7.49]	13831.596809978098	9037.372158035392	22278.456599646237	19010.23751071676	95694.66123017562	39731.73519307219	5269.44248674108	15798.927405488732	7984.143328148427	3524.7778104757062	6516.99559002156	1927.8000113910407	1046.0488462562816	52097.46086000656	562.3883256407914
K00988	APA1_2; ATP adenylyltransferase [EC:2.7.7.53]	0.8633637136915964	2.424995979021027	0.1636678430609913	3.116191312794249	1.5036470194533753	4.538822632936205	44.44987769577576	3.4132233474119897	2.33968015779994	1.7523680484727886	2.096509353055194	4.815049801481283	3.941833979823728	33.37738958380555	0.4613642022071145
K00989	rph; ribonuclease PH [EC:2.7.7.56]	8199.865680447976	10697.066946663612	10656.029754054238	20045.726536507613	62399.05983103803	27831.65406831742	11704.63466652342	12529.458184015311	9421.119043304028	5115.394831334514	4649.417933762539	3262.8455282675086	2777.0671962923334	34639.84464496051	399.8799525224248
K00990	glnD; [protein-PII] uridylyltransferase [EC:2.7.7.59]	262.5541014821597	312.21632412607875	1666.9272302441825	1635.8879219962946	1664.58538784925	1286.935376434811	924.7906587409194	946.8078799616144	437.1948630782674	433.999693895567	139.30238929467183	1155.4578095972363	330.1724074023789	726.4626144462511	86.50861872515762
K00991	ispD; 2-C-methyl-D-erythritol 4-phosphate cytidylyltransferase [EC:2.7.7.60]	86365.31882010306	69845.38441510503	134689.31280361762	45623.73268555295	142225.33635723795	76063.06507517514	20143.92009205243	89137.42321127655	39757.63426086245	14966.056946511617	8962.991900800951	7374.102949426335	7036.046312177652	66327.8104534383	1833.3391894890915
K00992	murU; N-acetyl-alpha-D-muramate 1-phosphate uridylyltransferase [EC:2.7.7.99]	198.4576626719197	190.6107465958673	1019.6680395049732	168.63588882585998	291.151831724639	199.1887024853796	628.110235554476	757.9554701575371	321.12234086320024	124.1819205625874	32.20429619081697	956.191119893801	62.77785639112651	638.9157491795722	51.1011708052184
K00995	pgsA, PGS1; CDP-diacylglycerol---glycerol-3-phosphate 3-phosphatidyltransferase [EC:2.7.8.5]	42610.45105589881	47083.320308986586	66749.92614382836	35633.92319892704	93131.39451196832	55093.74154852942	21815.187421241608	61784.95340354981	20956.43669138845	13585.145833931883	6332.323093863475	6460.1723429392605	8027.494803582934	39862.294792716384	1102.365440263255
K00996	rfbP; undecaprenyl-phosphate galactose phosphotransferase [EC:2.7.8.6]	328.8414900538186	563.2690685099894	1435.028829154837	794.9391151405752	1029.3140520825891	900.6277945334673	427.20391233036605	1013.190802630471	295.0902596657436	366.7427405791632	98.62182995710153	219.6718773391869	188.0181996744296	281.7703455794798	24.07781112462525
K00997	acpS; holo-[acyl-carrier protein] synthase [EC:2.7.8.7]	8325.9246432945	17832.40021675611	26657.28495759675	17555.175471110386	76676.04732702927	40036.03733727798	13614.890065891952	23261.106912245043	9537.356535713498	7806.346659134874	5505.094172452187	3349.456050268644	2267.5918810719786	36975.157011020914	550.963353447635
K00998	pssA; CDP-diacylglycerol---serine O-phosphatidyltransferase [EC:2.7.8.8]	16.67000552398131	68.03175186496267	27.05866290499173	85.02588627553001	184.4735014787148	242.5105168531582	226.9537533077816	82.08275824129998	82.07650958621149	93.53493944523674	32.48411391940882	131.1798162722114	80.46447730325491	107.75296698677434	15.50002200353846
K00999	CDIPT; CDP-diacylglycerol--inositol 3-phosphatidyltransferase [EC:2.7.8.11]	0.0090280144319545	0.0253576775915659	0.0017114405270563	0.0325853631540166	0.0157233235274021	0.0474615223971168	0.4034105042854076	0.0356913652395242	0.0244655478285716	0.0183241474952231	0.0219227613993409	0.0457779418539954	0.0412189364619614	0.1289814313306876	0.0048243893157186
K01000	mraY; phospho-N-acetylmuramoyl-pentapeptide-transferase [EC:2.7.8.13]	59922.93098163335	55318.01981717239	117218.41421783884	40350.92328306804	92313.87768716938	54939.43225980787	22433.914303547182	83164.02391636831	33655.11705535403	15074.139543112786	5967.86739733254	7597.910061035637	6585.734317412496	39683.81954271023	1654.6785629743115
K01002	mdoB; phosphoglycerol transferase [EC:2.7.8.20]	3972.593163067226	6346.248281345592	1608.287904997219	2472.406866128006	4125.517931993719	3583.9018199806515	1616.081738465588	4090.079701644908	939.4285103644154	1209.4421633968143	496.5396098536708	787.7581111706043	1314.5836900919976	965.7633918171834	192.11186336148572
K01003	bcpA; oxaloacetate decarboxylase [EC:4.1.1.3]	0.0	0.0	5.19	10.38	27.87	83.88	93.57	5.46	6.56	19.13	0.0	103.01	3.28	35.79	0.0
K01004	pcs; phosphatidylcholine synthase [EC:2.7.8.24]	0.0055568123719403	0.0246460981207232	5.195926606183977	10.496120698970106	27.92810913637956	88.15048380144917	93.64469846265688	13.476073531771984	6.575075638916994	19.151471440799607	1.8103707353893432	119.42074052920138	11.29679260114301	74.86655062084881	0.1838880980316007
K01006	ppdK; pyruvate, orthophosphate dikinase [EC:2.7.9.1]	51120.02946826551	46195.294110261886	97118.85100407676	39856.656850243344	89830.42239592514	51630.174878788406	18682.40509556888	66436.33120857843	31405.364226062287	13159.054312263324	5629.5966891531225	6277.697114055936	5286.4701923327375	38532.95959562882	1474.2705775454167
K01007	pps, ppsA; pyruvate, water dikinase [EC:2.7.9.2]	6289.3207165749845	7159.466261310441	5602.604440208295	3494.720596236504	2624.125267217043	2956.3306488907538	2908.267512894714	8531.382204651774	2239.7180845219173	2020.5499967729709	328.2363743701633	2382.24670071472	1841.1877808285333	1535.885354195393	238.85164956556108
K01008	selD, SEPHS; selenide, water dikinase [EC:2.7.9.3]	9039.095698001836	11990.236524597389	5959.213303576215	12893.599225870128	66238.79258872004	30607.520326185117	5728.075874824481	12801.05103783985	3893.262639271884	2892.192790823021	4747.58355330383	3567.1727643403647	3103.4909831259592	34772.25826429888	437.61572631080594
K01011	TST, MPST, sseA; thiosulfate/3-mercaptopyruvate sulfurtransferase [EC:2.8.1.1 2.8.1.2]	1308.4923508821746	2363.1672662760784	2965.444156787242	4764.406159656161	15167.525589233512	12477.484237439585	3050.158823326107	2072.3794344511707	1594.688459698636	2875.3655002687083	1344.9801824974516	3255.369914556516	796.0466880116412	4671.527099515482	257.7711904812103
K01012	bioB; biotin synthase [EC:2.8.1.6]	43368.18488814923	54221.88199706333	65176.53869638911	43041.02573951612	85674.13028677329	50620.10499650068	24393.972659863088	57825.02335701704	28107.770378751036	14342.08296206638	6167.810478111128	8079.788930918487	8632.814845292905	39667.764462327046	1628.0196043579883
K01014	SULT1A; aryl sulfotransferase [EC:2.8.2.1]	6.408054721165184	0.0980646888546917	33.62233116131932	0.0855783248877728	0.0412938681328655	0.1246473014332188	1.0594694015136272	0.3647526576961404	0.0642534069893767	0.0481243630837012	0.0575753349319144	0.1202257455950238	0.1082525156892914	0.3387415012912186	0.0220877359301567
K01015	SULT2B1; alcohol sulfotransferase [EC:2.8.2.2]	0.0014155493599823	0.0039759622180382	0.0002683456657033	0.0051092286465773	0.0024653417120411	0.0074417390622712	0.0632528321100334	0.0055962348756201	0.0038360805503115	0.0028731384353214	0.0034373838347049	0.0071777617084186	0.0064629315302558	0.0202236697721178	0.0007564411044802
K01016	SULT1E1, STE; estrone sulfotransferase [EC:2.8.2.4]	2.186018424596908e-09	6.1400378608070555e-09	4.1440347187578045e-10	7.890129636338226e-09	3.807202036046516e-09	1.1492201657574242e-08	9.76807028489575e-08	8.6422083837684e-09	5.92402002945592e-09	4.4369583524155595e-09	5.308316762030958e-09	1.1084544125091389e-08	9.980639178999463e-09	3.1231206755915896e-08	1.168164274778023e-09
K01021	TPST; protein-tyrosine sulfotransferase [EC:2.8.2.20]	0.0083548942587125	0.0234670332575052	0.001583837148401	0.0301558294556907	0.0145510074731371	0.0439228364081789	0.3733326006025065	0.0330302509785378	0.0226414198415211	0.0169579164784849	0.0202882211510628	0.0423647820297985	0.0381456917456129	0.1193646984314789	0.0044646874348168
K01023	assT; arylsulfate sulfotransferase [EC:2.8.2.22]	3800.985328577504	768.8796508419346	2364.3291929715083	1245.7113432224075	7353.101218838025	6307.167774536677	206.04227428823447	7392.950414304898	661.5105845984293	351.23302980275326	62.88136444781647	61.446115288027634	120.25161751560088	104.50767784256296	55.15569607146003
K01024	HS3ST1; [heparan sulfate]-glucosamine 3-sulfotransferase 1 [EC:2.8.2.23]	0.0021962921328459	0.0061688944143065	0.0004163510585564	0.0079272111581676	0.003825094878359	0.011546211964917	0.0981397763093381	0.0086828244767361	0.005951861356299	0.0044578108828028	0.0053332644464114	0.0111366385498839	0.0100275455426012	0.0313779851649479	0.0011736543378127
K01025	SULT1; sulfotransferase [EC:2.8.2.-]	0.0089969355222895	0.1162447755279562	0.0017055488987323	0.0324731881497015	0.0156691960384373	0.0472981362640684	0.4020217649656936	0.0355684978333564	0.0243813252615165	0.0182610666783963	0.0218472923661141	0.0456203514413689	0.0410770404102389	0.1285374131821788	0.0140149056918333
K01026	pct; propionate CoA-transferase [EC:2.8.3.1]	15590.098476110918	17350.038352890537	7763.678906437898	13369.15892038278	5545.255247213758	6220.796552845961	11540.2672078672	31197.61111640251	9904.943345989735	5874.005717445723	969.419254517062	3107.347485510001	7914.400517341524	2249.7188467827773	719.8132374252664
K01027	OXCT; 3-oxoacid CoA-transferase [EC:2.8.3.5]	15.883226078003618	1.0108862507450842	40.67998295277169	3.4568639710881905	1.694684565257134	20.06397370149877	9.860147155353886	1.272923970278129	1.6981239120697014	0.681450102082068	6.42961241345578	0.3228383370382383	0.5421722176389125	2.18804043190273	0.0606913993592697
K01028	E2.8.3.5A, scoA; 3-oxoacid CoA-transferase subunit A [EC:2.8.3.5]	1938.1821939787028	2177.3120509014216	1068.334025053638	1337.7458157095166	758.4599406626323	722.9859087050708	1586.6386133093947	4289.766511031311	991.8579615444942	552.084163887743	160.79486357107643	1563.8863448509562	1238.5359879982952	1337.024515624893	124.15486279743396
K01029	E2.8.3.5B, scoB; 3-oxoacid CoA-transferase subunit B [EC:2.8.3.5]	4088.139115365055	3090.422118605642	1612.9932280822086	2032.6487787784424	858.8516112227221	861.8154431951746	1251.7487327383014	7025.824911186683	1501.3642582952598	648.9185314964694	146.81200763740338	1047.1430123259097	1842.2587761438192	887.3567910776646	155.63407456109957
K01031	pcaI; 3-oxoadipate CoA-transferase, alpha subunit [EC:2.8.3.6]	113.11962423431676	29.54671041646648	35.46231240161186	70.06887890356678	310.99845704162954	170.60084216116212	788.7061271107	92.49777667416372	238.03112843569383	111.59210461303648	33.66438824495405	1219.273744953285	60.27025487431115	818.8645450497858	22.43271196255493
K01032	pcaJ; 3-oxoadipate CoA-transferase, beta subunit [EC:2.8.3.6]	7.893209989239679	28.907144419190004	35.17177458051869	68.0136782329795	276.3633462758391	155.3998345529316	581.0078732259038	77.5704875150938	190.59275503156428	95.8020073576944	32.49427521353399	1053.81072352525	59.35473847546778	642.184693230497	0.0816023124214744
K01034	atoD; acetate CoA/acetoacetate CoA-transferase alpha subunit [EC:2.8.3.8 2.8.3.9]	9324.68199225858	10319.663038992872	4559.08751846785	6096.959353404556	3892.9527962451175	4215.621761645132	3406.200449254816	17010.2762854222	4544.514720072782	2511.9161572168146	526.6189035080466	912.055708575028	4481.588862067985	1063.7087422667114	326.27386180956546
K01035	atoA; acetate CoA/acetoacetate CoA-transferase beta subunit [EC:2.8.3.8 2.8.3.9]	9552.409560670823	10395.946812471955	4628.276929090306	6132.639217824652	3914.334129671054	4239.980803585205	3476.784869704962	17166.15706797643	4572.187038278919	2524.999263621889	528.4269854539945	970.8603954580656	4485.772026592224	1110.8953262566145	333.48080065101533
K01039	gctA; glutaconate CoA-transferase, subunit A [EC:2.8.3.12]	4819.460287617894	2901.550502141483	1777.8630459317212	1736.6071503768003	1011.9988141502644	1409.9802357968656	825.5194418728497	4970.152045984611	934.7508995975088	639.7471915396866	124.89152084910016	559.201585638629	449.88925084966553	414.5976431739283	98.70037932962964
K01040	gctB; glutaconate CoA-transferase, subunit B [EC:2.8.3.12]	4814.028688005159	2782.498795238197	1736.2689073779202	1603.1798280011217	1044.9505987276923	1433.9672301057203	786.0408625523758	4797.604593146418	919.4014108956457	641.1961942191031	113.60613817781731	492.3450196113153	428.8461563540818	397.989634592556	96.30755040059915
K01042	selA; L-seryl-tRNA(Ser) seleniumtransferase [EC:2.9.1.1]	3812.31443342033	4090.377405250062	2697.318543094716	3015.3786213846515	7631.229174345132	6092.452253737485	2150.145210484932	6316.512120085024	1611.555376156405	2003.6191609594196	773.381176378839	1104.0338852855962	1406.286334993085	2381.9080355428846	249.58113233894207
K01045	PON; arylesterase / paraoxonase [EC:3.1.1.2 3.1.8.1]	0.0	0.0	0.0	0.0	0.0	0.0	0.0	0.0	0.0	0.0	0.0	0.0	0.0	0.0	0.35650212571153
K01046	lip, TGL2; triacylglycerol lipase [EC:3.1.1.3]	12188.940141275323	7327.447819538009	11314.457606660524	5836.048373235302	11308.66256478501	9807.801818204369	3898.3604088228594	13778.818595984496	3189.8013793687687	1884.1444975935756	254.51294522870617	1906.901351809949	895.4240461337686	2777.434632747841	248.5006643967119
K01047	PLA2G, SPLA2; secretory phospholipase A2 [EC:3.1.1.4]	0.0001948109222741	0.0005471804011361	3.693030289285669e-05	0.0007031429442782	0.0003392855849616	0.0010241480029086	0.0087049896726744	0.0007701657802988	0.0005279295876573	0.000395407439846	0.0004730600952392	0.0009878188764102	0.0008894424225655	0.0027832245709349	0.0001041030382802
K01048	pldB; lysophospholipase [EC:3.1.1.5]	1996.389020264212	1861.3879055931263	1443.4541006736365	5508.928340299606	48216.50906010216	20111.25514253052	1564.199043691323	1833.8533935225053	833.8707455675074	1167.834463409317	3316.473772783487	911.5373909747342	899.8988801921382	26259.17778252488	154.26622192697025
K01049	ACHE; acetylcholinesterase [EC:3.1.1.7]	33.86932324908775	3.7809613835934632	19.09930905633839	8.805833138953359	2.398005494869145	4.349923557025111	30.194136168225445	26.727927350918726	7.517520212984604	5.0307775557384975	6.354432904700712	147.4084014607896	42.89080119404733	0.0050017396823856	0.0
K01051	E3.1.1.11; pectinesterase [EC:3.1.1.11]	13519.786736061777	7511.382464817689	47073.20778608941	4932.173303696258	1470.0210653088757	1236.9835601264483	757.0193422696817	19293.645279908746	10746.856318376573	2179.228292546421	119.17919231457294	752.8517005309726	496.6436726136063	488.5250216847144	279.0392353675606
K01053	E3.1.1.17, gnl, RGN; gluconolactonase [EC:3.1.1.17]	76.97837562410677	53.67317668630415	25.971347742965783	91.05132608472957	433.0846323343048	174.59331663948967	1017.2930943321836	281.55353108320674	329.0826677717531	141.9099660046261	52.60041451952623	1408.5591532848491	121.1626939682036	762.5072318313189	56.09031877265538
K01054	MGLL; acylglycerol lipase [EC:3.1.1.23]	0.000105681423082	0.000468728211154	0.0001127142925919	0.0022084245238176	0.0011051401083239	0.0013404858654209	0.0014206417823245	0.0003056921122972	0.0002867138330357	0.0004083514550106	0.0001972343136665	0.0002042671831764	0.0003193676279236	0.0014558667820308	8.901678893753806e-05
K01055	pcaD; 3-oxoadipate enol-lactonase [EC:3.1.1.24]	627.2266952438138	777.1966309692832	1649.8673306416488	3884.708161596284	2826.262887333401	1404.857083575961	922.4315456917684	1969.932528193803	409.0692822808176	524.3021728393719	206.4376221644396	1282.8122650083174	952.5122781546094	814.1700721278496	13.19489231961225
K01056	PTH1, pth, spoVC; peptidyl-tRNA hydrolase, PTH1 family [EC:3.1.1.29]	53346.2865446064	51445.94580502209	113185.90685548732	39790.93358702848	90999.63505216394	53468.12603607972	21406.71560070599	77599.8321720701	31723.025613365357	14195.750200646627	5954.442493213695	7017.285090111172	6281.260453909998	39256.08657811432	1513.8663045624594
K01057	PGLS, pgl, devB; 6-phosphogluconolactonase [EC:3.1.1.31]	9196.628974122048	6019.687085902626	33729.97795533702	7372.435795466305	1952.309602598178	1255.007672289834	1036.7038788219336	13175.319118054987	7578.66124489908	2162.3806549660267	107.60957522428586	1033.5968326320724	160.02403028635422	467.25316103658326	340.6398493166251
K01058	pldA; phospholipase A1/A2 [EC:3.1.1.32 3.1.1.4]	10031.910453951396	8084.295105752021	23105.90427581355	8491.135551498839	1229.6429194475957	1150.632378132004	885.2376348197928	14630.487650419993	8483.904017865381	2803.9337898663844	51.924369498134574	1248.1514395960603	205.21444303107285	717.7444614355034	567.1240322004651
K01060	cah; cephalosporin-C deacetylase [EC:3.1.1.41]	2478.5247448819646	5583.407961705169	14216.938848187592	1949.013800165848	1426.1130571610636	1128.9756320483402	2379.2673721587144	9551.454129438322	1766.3471988755205	2795.234706660687	155.6707084201763	1069.7478481877845	916.4931039187874	758.2222469311304	122.16465053419506
K01061	E3.1.1.45; carboxymethylenebutenolidase [EC:3.1.1.45]	264.64755590873875	403.4365433785987	343.2297007746369	704.8296036917025	1479.5826033442715	944.28759113229	2501.8872279172915	914.703668941721	1012.2175426917034	678.757941276561	239.21626025140364	3171.040853314308	404.8363680562414	1775.651280283416	135.65329226292764
K01066	aes; acetyl esterase [EC:3.1.1.-]	7694.005214539631	5997.670398495389	17492.886424969878	7867.838209316323	4639.091530666799	3512.549037458284	1924.4636982927875	10738.0062502275	6063.286941459045	2339.1138639713145	344.7675748740728	2164.0094325386863	478.4958977743744	1195.417371511255	373.75910267897234
K01067	E3.1.2.1, ACH1; acetyl-CoA hydrolase [EC:3.1.2.1]	43.71095110146528	13.271016861436632	135.11140876834554	344.05577872310835	286.785358551724	128.32736092888467	291.84723922686976	41.275978979535815	32.3538869691252	46.82239386715292	23.50908024221274	145.16172433117617	30.642839527969397	93.52876654705304	3.7957800025127337
K01068	ACOT1_2_4; acyl-coenzyme A thioesterase 1/2/4 [EC:3.1.2.2]	0.081409784588806	1.1756484659762778	0.0065347924915418	2.4903151229797977	0.0640722761586102	0.1707917419856441	0.1279344853746705	0.0177229921266035	1.644979135930611	0.023674832718624	0.0114349767219681	0.0118427186490169	0.0185158521515217	0.0844062194520316	0.0
K01069	gloB, HAGH; hydroxyacylglutathione hydrolase [EC:3.1.2.6]	138.04788619376166	119.72184618064011	999.6003205717328	2397.7941999689992	2321.017942907132	1176.533243359028	1165.3715998101372	208.01341699198943	327.81928869424064	473.9497397579637	228.29297889341143	1312.8362444299569	226.87857304671653	1046.783823484089	93.35374673845496
K01070	frmB, ESD, fghA; S-formylglutathione hydrolase [EC:3.1.2.12]	32.860336231740234	132.66165269463903	97.95431951617596	223.197722717888	587.4806767488573	524.2767935128528	957.8881981035408	240.68364330579035	338.95664252597584	281.44557670072084	115.25965711336644	1000.1335476163322	222.2836518870468	929.2321683559996	113.54619696164714
K01071	MCH; medium-chain acyl-[acyl-carrier-protein] hydrolase [EC:3.1.2.21]	1269.280966466341	5835.776304488792	16689.247623125826	187.76386567501635	1502.797132084735	1874.5695651648712	2343.170994537865	9223.316865942748	519.7682046120418	917.2923825630472	183.89192784506827	207.10558700867625	39.78830391904052	206.72785222933408	5.007574485480235
K01073	E3.1.2.20; acyl-CoA hydrolase [EC:3.1.2.20]	823.5305854151666	5421.529525682003	14634.659240113826	475.18961461267946	3423.3222389780512	2306.7491129518507	1391.8771125762485	7587.366043630855	212.53789671688207	987.443043547218	315.42365190178856	205.25687138627904	25.216001229853998	1108.7771781475356	6.263415695588464
K01074	PPT; palmitoyl-protein thioesterase [EC:3.1.2.22]	5.961150941829479e-75	1.4223481475174013e-74	2.92852498015428e-74	3.880227111216577e-74	7.760728172384526e-74	1.5217919798650162e-73	2.635672482138852e-74	2.510203404411007e-74	1.0251207180296834e-74	3.556144318744874e-74	3.764072331835341e-75	2.133522221276102e-74	4.194173755487561e-74	2.8244239986333606e-75	5.125603590148417e-75
K01075	E3.1.2.23; 4-hydroxybenzoyl-CoA thioesterase [EC:3.1.2.23]	0.0424226439283879	5.217919021550427	8.236605993835555	24.927204396637592	58.79737766617545	147.21073648115438	188.05813850264784	7.513540782613388	15.020928518805462	51.40147421341597	0.0791738113957613	269.5244011985524	4.568113002590591	124.5811534799636	1.9426067342696527
K01077	E3.1.3.1, phoA, phoB; alkaline phosphatase [EC:3.1.3.1]	27081.949853952607	25712.928603518863	78811.87527555003	22128.37414517947	48912.80250116541	20993.390447206795	3899.977235558045	41070.650508987215	18349.969715801755	5675.906487386349	3325.445482890962	2409.4662462630795	2039.1588778255425	27137.33967991949	967.5200665207236
K01078	PHO; acid phosphatase [EC:3.1.3.2]	0.1312938352648313	0.6243863579552427	1.6953574698506082	2.764503571541863	27.3304025935328	11.456922254731255	27.26628231946692	31.650468173174872	1.4960268349652917	12.099866686326768	0.2859207363069962	14.917976333815975	0.913085888588176	14.53511769183719	21.480133445360448
K01079	serB, PSPH; phosphoserine phosphatase [EC:3.1.3.3]	14600.730043888516	9552.944619493668	50763.17809548219	10945.835301012794	2864.897847093313	2081.44585223247	1904.8556194141424	21858.768330909603	12205.725606546912	3526.9621049404363	193.9130516408526	2742.374224986557	416.1503657694648	1401.418295553693	580.6363433634987
K01081	E3.1.3.5; 5'-nucleotidase [EC:3.1.3.5]	20589.974308614524	10471.3545182659	67196.06130795772	12430.18235508164	6294.632120372117	4670.858514679967	3445.4083978003823	27443.49217285414	16817.303069058496	4860.606695807589	404.4589829992085	3582.1836150359204	732.5522076782672	2865.123892586665	525.5177989471119
K01082	cysQ, MET22, BPNT1; 3'(2'), 5'-bisphosphate nucleotidase [EC:3.1.3.7]	2085.917419954578	670.4361052224469	12348.804532496832	758.7130895085895	384.1439984481035	408.4717970881244	1007.644536495663	2825.507281764217	821.3272915500189	197.86363079933795	82.07988886328981	591.672537399763	176.92765169988658	539.015522614418	28.201407819492264
K01083	E3.1.3.8; 3-phytase [EC:3.1.3.8]	2.343530292482468	7.52325679351333	3.1417674266600315	9.745991277753772	12.837323317239264	27.74625538621437	178.39839941136086	17.865153468180342	7.081712994531207	9.729655230101752	5.686546229229318	34.86897839638609	11.053502364845055	225.623156405054	23.707168659527277
K01085	agp; glucose-1-phosphatase [EC:3.1.3.10]	1540.1394601143547	623.6742931193546	10224.5094879435	235.978787729536	338.3662846156116	253.5563924229604	184.76784439364917	2839.38054778758	1939.69908838522	271.4453909747475	48.48970289917993	40.97219123256244	88.28119177706405	131.60772498515794	16.344999492735955
K01086	fbp-SEBP; fructose-1,6-bisphosphatase I / sedoheptulose-1,7-bisphosphatase [EC:3.1.3.11 3.1.3.37]	3.5968819588144334	0.0283033786318865	19.77397372465148	0.0	2.50196706979455	0.0	10.841857302443051	0.0	0.83398902326485	5.0039341395891	0.0	4.16994511632425	0.0	4.16994511632425	0.3285054955308769
K01087	otsB; trehalose 6-phosphate phosphatase [EC:3.1.3.12]	113.68452572298156	164.2953445297169	452.2090207630502	182.6619562565774	433.96885158215713	266.8954397543213	673.3304118841123	217.2911314700289	271.63433205295723	168.33445298990372	83.90720586103069	708.5145632222817	146.36970605296673	645.8674316848166	37.46935068253949
K01089	hisB; imidazoleglycerol-phosphate dehydratase / histidinol-phosphatase [EC:4.2.1.19 3.1.3.15]	14087.845039704383	9586.051869483485	46504.02267498343	11661.549114627882	1850.41926930445	1729.6175793722005	1469.5866998338329	21305.228278882245	11266.635837152484	3232.042317413263	142.7207070487582	1284.7980360580132	564.1694927048743	546.1356184374255	561.1477561234843
K01090	E3.1.3.16; protein phosphatase [EC:3.1.3.16]	51318.59893701265	48641.44326048685	76328.18187598081	32811.56962995946	103407.83722905628	63963.68816650857	20823.962814105616	75580.02383459723	21856.87395077016	12181.699577883988	5988.006401458269	5637.258187603344	6351.423970015336	39412.40003464253	1339.0327946979903
K01091	gph; phosphoglycolate phosphatase [EC:3.1.3.18]	125026.92506076224	113953.43875418478	226055.86962241415	94949.00883207392	297301.1614664397	153108.2025914489	35989.12344473906	162164.10333856003	68878.1108622239	25405.208881675564	18527.4682425274	14262.954648441511	16639.47059308313	141751.36855311773	3451.9757448797004
K01092	E3.1.3.25, IMPA, suhB; myo-inositol-1(or 4)-monophosphatase [EC:3.1.3.25]	18125.11324315214	17779.24222064061	57174.355071177575	20055.07764168549	6535.896846289783	6846.698965925085	8767.219962104715	34442.7106319069	12545.075627034625	5846.091529355053	802.5109674942112	4699.952592738895	3841.02775622209	2939.4077590943843	722.6818500737304
K01093	appA; 4-phytase / acid phosphatase [EC:3.1.3.26 3.1.3.2]	196.85025811637584	225.11114482397076	981.8402752957294	178.10539383111447	156.34269920558734	160.8182258405693	106.95346976670572	870.3211799275147	209.17070027914636	74.10099736506983	38.97048172796408	88.40302456124368	73.67078003248707	71.95200519854073	15.420000003086155
K01095	pgpA; phosphatidylglycerophosphatase A [EC:3.1.3.27]	3074.6320602614687	1256.5981418406554	20622.70265033245	906.5280229776004	1632.827864602836	1326.0143817866897	877.2377160579385	4883.004746200499	2892.837075676332	765.5149436397687	170.14397158389934	1304.8956312584978	344.0729126248875	988.0140137678976	42.92643455735577
K01096	pgpB; phosphatidylglycerophosphatase B [EC:3.1.3.27 3.1.3.81 3.1.3.4 3.6.1.27]	52.28218099457987	125.7214736517363	161.32907598636146	13.498419232304324	33.38723840561464	28.38159279524614	115.72286908675662	147.36831222036423	15.961173845766952	13.25734858059606	5.978390120175863	6.788932012997862	16.39182407963683	148.3368086316833	2.7772670281122003
K01097	NANP; N-acylneuraminate-9-phosphatase [EC:3.1.3.29]	0.0	3.5421800551168017e-26	1.241075661227894e-22	0.0	3.2808246186403004e-22	0.0	5.250102402859956e-22	0.0	0.0	0.0	0.0	0.0	0.0	0.0	0.0
K01101	E3.1.3.41; 4-nitrophenyl phosphatase [EC:3.1.3.41]	1330.2639241440677	7349.744517802625	17553.168385045858	2534.912470136216	2017.0592969533232	2291.4631489220146	5712.872071019005	9887.461355884372	2146.634026457861	2195.8876333220937	429.11240619909336	778.0666456689324	525.1283583533041	593.2115097018007	50.95650864462008
K01104	E3.1.3.48; protein-tyrosine phosphatase [EC:3.1.3.48]	93639.1559391682	105615.16053632172	215757.3901636795	67086.15072471884	117536.73966559891	78725.86655140191	47144.92437316364	144850.11312426883	57217.253938004505	30801.382692291343	8300.62006445914	13304.475112371578	10869.199609726596	46407.650232961	2649.089625285608
K01113	phoD; alkaline phosphatase D [EC:3.1.3.1]	31.42465121823598	38.8263183383916	752.0099405517217	1628.1815555590667	1433.0573965376934	710.9729558991603	1584.1693191682336	265.1694937146213	518.716417184899	398.64050090513615	156.05615421383268	2295.110880835593	234.80297515746008	1247.4462851042438	63.125180736408346
K01114	plc; phospholipase C [EC:3.1.4.3]	248.3987367020532	466.31368750419074	694.696741743104	1139.382054038282	3455.7075964905557	2981.7489015336864	1181.6532313832618	489.92639398011545	476.7458066785206	1125.4391167789768	298.7920926525422	799.0654473049519	158.90911015047908	939.3374460950098	24.72930139527574
K01115	PLD1_2; phospholipase D1/2 [EC:3.1.4.4]	2.5537378468306007	1.1068010071618804e-13	13.44713457493222	1.436294290204177e-13	7.18750589092977e-14	8.71812540496163e-14	1.7878424992248421e-12	1.9881314969914773e-14	1.8647023562293617e-14	1.0042956863156512e-12	1.2827539066714691e-14	1.3284936193576216e-14	2.036699488865525	8.401385391571669	20.91163994617893
K01117	E3.1.4.12; sphingomyelin phosphodiesterase [EC:3.1.4.12]	0.0055078923549489	0.5392345837591995	0.028108557708672	0.0198904782232493	0.0811422230779239	0.0289602667762767	0.3605852809971151	0.0217742648545849	0.0149261636158037	0.0111804757090249	0.0133744941745246	0.0279267120976969	0.0251462818329268	0.0786898428539787	0.0030071121506784
K01118	acpD, azoR; FMN-dependent NADH-azoreductase [EC:1.7.1.17]	13653.606109099996	15359.54924597537	20424.38750429005	9351.216787367111	25486.29156644126	17976.283676923893	8126.614859070611	22397.172921950438	5195.171352802145	4240.1435267803045	2115.5445500858464	4673.703835812501	2548.810159885316	11313.163576038834	321.1603240971458
K01119	cpdB; 2',3'-cyclic-nucleotide 2'-phosphodiesterase / 3'-nucleotidase [EC:3.1.4.16 3.1.3.6]	16093.566599276655	9116.36142921642	64413.81167084081	13590.122500921474	61220.92597532248	26246.537619802668	4608.94679526933	24939.453353071283	13410.65274343569	3573.6264458662245	4364.361414922445	2045.3962714367556	1572.3386044235965	33396.716863459325	530.8058820414674
K01120	cpdP; 3',5'-cyclic-nucleotide phosphodiesterase [EC:3.1.4.17]	0.1820613670346662	0.5639289622540742	0.0628519948792979	1.215757174937691	0.5987183676554816	1.1971200504277848	15.25466981781268	0.6854823747253755	0.4934771285190772	0.428802748463657	0.4239400650003695	0.821775664693891	0.7813495657441307	2.584568128440987	0.0892489250741492
K01121	CNP; 2',3'-cyclic-nucleotide 3'-phosphodiesterase [EC:3.1.4.37]	0.0639994616949208	18.53615380522429	7.14560059074243	29.666805869402207	196.8947842436505	111.9480852733875	5.127932803749078	3.3370803060781142	8.137822123087375	63.31241778356564	19.26840289286399	5.086392822160924	1.20379807839068	74.76114315437692	0.3829293965901375
K01126	E3.1.4.46, glpQ, ugpQ; glycerophosphoryl diester phosphodiesterase [EC:3.1.4.46]	55821.96714974431	55478.83452388538	150899.68800712068	54728.86703889716	140564.5713897911	73557.75665618964	21353.439169532183	96384.70417836316	35403.91504336108	15441.87249520081	9224.956212077092	11093.015685497914	6740.994625060548	65675.34709357005	2135.236134835387
K01127	E3.1.4.50; glycosylphosphatidylinositol phospholipase D [EC:3.1.4.50]	0.0167376368221805	0.0470122861876506	0.0031729534994136	0.0604121734963439	0.0291505159659225	0.087992075211904	0.7479095832061273	0.066170597485148	0.045358307443653	0.0339723566198058	0.0406440664453004	0.0848707731909558	0.0764185296663833	0.2391272600071256	0.0089442564435319
K01128	SMPDL3; sphingomyelin phosphodiesterase acid-like 3 [EC:3.1.4.-]	0.0	0.0	0.0	0.0	0.0	0.0	0.0	4.766280909482488	0.0	0.0	0.0	0.0	0.0	0.0	0.0
K01129	dgt; dGTPase [EC:3.1.5.1]	58292.60630741544	50050.812963497934	112661.20502654382	42314.00528751986	99827.41751667524	55979.87377577083	19147.524519638715	74447.45482322943	33560.66850562317	13675.6485684503	6350.773319026714	6731.616812234581	8447.15022061981	45366.528072626286	1691.8216283771671
K01130	E3.1.6.1, aslA; arylsulfatase [EC:3.1.6.1]	14942.509602598882	9441.688529995296	51052.44537156487	12880.550437024314	2559.850858408893	1933.26616866915	1209.0296439675808	23956.90780083545	12469.59348450792	2883.84991673513	114.4752306257522	904.4819877226286	328.2363316676923	1081.83821423238	474.5283478604689
K01131	STS; steryl-sulfatase [EC:3.1.6.2]	8.950792594090885	9.427538261453606	5.046361161442583	2.3453502411877247	0.8892705182269197	0.0302594500888308	0.9397111620225044	13.014754890613654	12.341639383735677	3.301335454012777	0.0020259533825379	0.2364150102069147	0.0032804835732531	0.3855530291469282	0.0
K01132	GALNS; N-acetylgalactosamine-6-sulfatase [EC:3.1.6.4]	0.0	0.0	0.0	0.0	0.0	0.0	0.0	0.0	0.0	0.0	0.0	0.0	0.0	0.0	0.0051870907471076
K01133	betC; choline-sulfatase [EC:3.1.6.6]	3872.7627897045895	1431.6589365701027	10419.931176847504	3177.5684980700203	1055.5700985198253	1001.3066471610908	2223.613673527233	5204.691422776123	1136.9476811072186	434.3577377450087	220.61586342272707	1823.241245708066	541.9857415590297	999.1811364447178	128.21322652726258
K01134	ARSA; arylsulfatase A [EC:3.1.6.8]	942.0416440977094	777.0156057182512	5210.335143075589	3235.0036054236125	166.67045776853618	347.3565397400106	0.0617655201569414	1768.350442137128	2397.000050752491	283.3306275437531	7.826989822348921e-09	76.1938793664137	87.33655467540098	408.9399832230127	13.134037929734394
K01135	ARSB; arylsulfatase B [EC:3.1.6.12]	22.0	414.0	2957.33	2975.0	153.67	347.33	0.0	360.67	2186.0	283.33	0.0	4.0	87.33	398.33	13.000338734127835
K01136	IDS; iduronate 2-sulfatase [EC:3.1.6.13]	1.8162608757905017	16.28354996834031	13.996248039657988	29.84130955267494	91.41280586515752	51.97341974079519	14.705435414883596	26.96268515329938	16.078718240980052	32.40719534485681	8.945735946061255	19.685877797430884	4.325864239574673	34.70813626131893	0.2597589907808855
K01137	GNS; N-acetylglucosamine-6-sulfatase [EC:3.1.6.14]	113.2476576188664	567.5746045160515	4052.5601205483495	4081.584644723928	211.1978597540188	482.11226879506125	0.0095873864042242	497.5565181630871	2988.627382776341	387.4334820513336	7.020908525974645	5.522420569967838	123.84801569557548	544.5652721574611	17.842149538777566
K01138	K01138; uncharacterized sulfatase [EC:3.1.6.-]	14532.556390746053	5267.012196078691	17441.95831604033	6538.4783666978265	14789.44596243191	7951.917137620313	3536.057141466021	13333.016035690413	3643.378024872104	2292.722231722587	1199.5398010027836	1398.1845950750817	1218.6348243857915	6979.38547229422	188.14670624159112
K01139	spoT; GTP diphosphokinase / guanosine-3',5'-bis(diphosphate) 3'-diphosphatase [EC:2.7.6.5 3.1.7.2]	92.89694567126648	189.99541950140505	262.7288411294669	300.5988449259173	668.3584791516356	679.9285371641893	1386.9993929088175	310.61242800592777	189.8928123022061	251.45355414524204	130.33000197537137	268.0164969542472	244.60035190202623	709.3355279337151	35.22860981129821
K01141	sbcB, exoI; exodeoxyribonuclease I [EC:3.1.11.1]	203.670380387878	240.0334144985881	987.2250736943238	189.03371977878592	243.11545447613196	249.655271714062	529.4169351716395	808.0838425741175	376.1035375784729	175.88245378157805	47.48481353452068	862.4165917626415	124.46561014514914	401.48024934281534	66.50168605135426
K01142	E3.1.11.2, xthA; exodeoxyribonuclease III [EC:3.1.11.2]	40487.89567883183	42849.88436474308	97789.08182761564	30836.98901758575	83536.16394869387	45679.04244220598	17173.089698249387	60288.447903666325	23309.346605551	11306.117326528987	5844.561349178198	7074.908920182788	5617.462470729641	38524.35325771308	1123.3448951655182
K01143	E3.1.11.3; exodeoxyribonuclease (lambda-induced) [EC:3.1.11.3]	0.0	0.0	7.125	18.75	43.27036881107404	0.0	65.53841614358089	5.0	9.75	10.180120294199757	0.0	21.5	0.0	27.853378026397788	6.604592944317825e-09
K01144	E3.1.11.5; exodeoxyribonuclease V [EC:3.1.11.5]	12052.18376578037	8525.200730523302	33328.03134690493	8958.20564281893	1105.3048120416377	988.8252707444342	457.994333944646	16752.489584985404	8754.871104513557	2659.632273144509	12.587926939329211	1014.9817398546656	136.62320007434482	276.6825345854684	500.51982686933366
K01146	xni; protein Xni	10.089881296826952	54.01635108281364	22.06794076072257	75.32200757175967	158.03001704487596	160.07071908523497	99.53975037685692	71.26174305067869	76.17502070562975	75.0810607414664	32.7771910588811	26.90623061479319	75.02667508858875	72.60003566292487	15.640720929150625
K01147	rnb; exoribonuclease II [EC:3.1.13.1]	223.2195591346194	253.7705470741504	1013.5879228476904	196.879768284308	294.2239396654106	174.0301649103124	923.5693305068108	925.9092895614494	370.9548807220325	140.64072863973092	62.580960173755	977.810633993266	103.56708710468205	536.6846039054692	58.23258197665817
K01150	endA; deoxyribonuclease I [EC:3.1.21.1]	210.2888548581872	226.75857439618744	987.2602287443318	189.3150620023952	185.0158663116532	243.58626215864743	215.81824053312783	842.9273054138885	220.90695730787183	93.7915901695203	38.097193215160544	187.05424468551732	77.9513901433728	107.86640855014645	15.538594553986812
K01151	nfo; deoxyribonuclease IV [EC:3.1.21.2]	42834.09975705927	37847.70595565824	63720.110201616	37963.66500739114	88859.84609895624	51265.076723536935	17994.22142028768	62269.85291202836	23382.4355486554	12698.954617783533	5622.817782343804	5705.826733033711	6523.988201578233	37538.78407861585	1358.478961552851
K01153	hsdR; type I restriction enzyme, R subunit [EC:3.1.21.3]	84275.37541631245	79919.19880402864	152107.9205653568	64141.66596521103	256908.12247871517	121034.03707452942	22843.299404476005	109281.54606959475	40473.83576539605	15811.321935016267	16463.20180684586	7775.271418535199	6778.561363854145	128543.52289917348	2281.6248042045354
K01154	hsdS; type I restriction enzyme, S subunit [EC:3.1.21.3]	136450.35458236627	116174.22840210731	252573.02959178825	78272.09031775841	148684.73615816684	93045.0934415359	27130.933238795	184918.79293122003	69777.59023200546	25771.62964565028	7592.601866658135	9636.748044555978	7570.605628007946	53560.975061178375	3821.9550150913774
K01155	E3.1.21.4; type II restriction enzyme [EC:3.1.21.4]	10811.352020189852	7761.291778331271	31115.795077592276	9081.120125127489	9747.595056878145	8601.750457710883	2836.649150832139	16976.207163971056	8539.619336837246	2697.97798518484	317.5236655106097	995.998929562287	560.9881163705311	1279.5309160751574	294.4115491175626
K01156	res; type III restriction enzyme [EC:3.1.21.5]	24643.94515005768	29109.67213638595	48380.21687620546	10273.540254051695	8429.770781439056	8177.677184738169	9668.658499160589	36011.76104194174	11241.230088092265	5086.434606289846	741.4233006138927	2088.577135282484	2475.96942339542	3441.1766088472605	499.4247172102854
K01158	DNASE2; deoxyribonuclease II [EC:3.1.22.1]	0.0	9.18100212380872e-07	0.0032167529894707	0.0	0.0085035930762664	0.0	0.0136077784191805	0.0	0.0	0.0	0.0	0.0	0.0	0.0	0.000766515960209
K01159	ruvC; crossover junction endodeoxyribonuclease RuvC [EC:3.1.22.4]	37835.26361155825	33249.248460670526	92965.80061275528	31032.871088539105	24699.768193360094	23462.01314990585	15126.694501100825	60094.01982828928	28279.11902373953	10631.80851094616	1239.3902907829229	4985.622887882666	4837.147415423608	5066.015532692414	1243.8423580587942
K01160	rusA; crossover junction endodeoxyribonuclease RusA [EC:3.1.22.4]	199.69901758765545	1076.1134031005329	441.2238068170743	1126.1043693209765	1746.4246024821275	1808.7002154486845	1669.345894254859	714.959238438148	1080.8987672530282	871.8912426378666	292.2545599338381	355.42194898287795	405.6729893411178	530.3976295108142	91.09626500017863
K01161	E3.1.25.1; deoxyribonuclease (pyrimidine dimer) [EC:3.1.25.1]	5.460022887576514e-07	1.533598567760227e-06	1.0350564367041665e-07	1.9707193642842363e-06	9.50925665609382e-07	2.8704096622868348e-06	2.4397730011274422e-05	2.158566233643804e-06	1.479643747890887e-06	1.1082200352396334e-06	1.325859411296568e-06	2.768588953339252e-06	2.4928663792039397e-06	7.80062518116144e-06	2.917726403844623e-07
K01163	K01163; uncharacterized protein	40414.000203595504	37380.6144934633	73172.92705068676	34175.51393158548	82796.03925377046	46676.28278300325	15736.192650110825	57578.96428772403	24140.449335907368	10719.539558266602	5281.964194188389	5143.39970510762	5268.20905733252	35919.32646192376	1352.919790126209
K01166	E3.1.27.1; ribonuclease T2 [EC:3.1.27.1]	18.627013834392827	37.09169663446399	77.34845617800575	114.02310431898825	253.0995469204672	329.6892248819784	371.2805752369901	85.97538834051102	42.5940891211036	93.08331225068096	8.397232681025839	205.53997367684784	79.36312058059772	290.24496653294943	7.96577724859721
K01167	E3.1.27.3; ribonuclease T1 [EC:3.1.27.3]	4.00112482581076	14.57431097600781	18.30498956361477	37.50405990240765	239.3873614261504	79.14591336509402	428.4744262850096	61.004446887978	177.36304823168808	101.52436755647018	30.33273141874672	739.8657036030402	50.67513558368498	347.5669683945562	0.0021276291033559
K01169	rna; ribonuclease I (enterobacter ribonuclease) [EC:3.1.27.6]	9.885631807514253	53.20453635000975	21.90871078893913	74.26664696053606	156.54998739510137	158.2932335052193	85.01402868324136	70.17424510228078	75.19357047668097	74.22395065518158	32.18295417414696	26.071110189103425	73.86508593272686	70.14787071534631	15.443310115752222
K01170	endA; tRNA-intron endonuclease, archaea type [EC:4.6.1.16]	0.0	0.0	0.0	0.0	0.0	0.0	0.0	0.0	0.0	0.0	0.0	0.0	0.0	0.0	0.0001091307428552
K01173	ENDOG; endonuclease G, mitochondrial	28856.711835674974	17078.32780985119	114560.33153323882	15902.24554413304	2468.7119011224117	2192.41295373758	1953.984789610264	43182.99733593266	25677.89554971893	5762.563163271547	63.046842428806485	3411.435426315794	428.64826835853376	1530.0053147731735	893.6688265583152
K01174	nuc; micrococcal nuclease [EC:3.1.31.1]	262.0068120446793	767.4850448959495	765.8901833007502	1197.5074513358022	4912.692637106353	3543.35918837524	683.0878781496095	552.090063896743	653.0374473786547	2557.719522936636	526.0540004108424	156.94684135193705	225.61595624999444	1697.9876379836078	18.012829617258966
K01175	ybfF; esterase [EC:3.1.-.-]	16.670005724031526	68.06025511748805	21.876769781918767	74.64589045598095	156.62493380434375	158.6305193906376	179.41804948544626	84.62275881996085	75.51651012894729	74.40494021822727	32.48411429276435	28.16981665887996	77.18447790780289	205.9529697426661	15.508497039288445
K01176	AMY, amyA, malS; alpha-amylase [EC:3.2.1.1]	27994.09480078597	43244.66711481824	61729.898894638216	17387.74906588171	56185.70323942187	27232.143403330152	8994.840531909987	35125.74210722294	17671.202540606104	5287.102866853443	3710.30868632347	1658.8289729138946	1052.0978637464586	27486.375916198987	673.5468715729435
K01178	SGA1; glucoamylase [EC:3.2.1.3]	149.81769079189172	736.3507714377004	340.1648151963302	736.0422332992842	220.80800707984207	275.8087249884836	1307.570933100851	386.1268734541876	750.6755200050259	510.1121792324981	83.94224821726758	171.3105227387266	67.38174857171813	130.00558878440117	21.232894455554565
K01179	E3.2.1.4; endoglucanase [EC:3.2.1.4]	84105.37421944237	94998.64905018327	166615.88293613237	74413.48812008179	85363.40342848933	79983.27888784379	40687.71926557277	141938.10600507417	51446.6142111855	27612.580642975427	2817.8067565910887	10821.05315168534	13462.32042302618	19053.821706960807	2968.9761789725785
K01181	E3.2.1.8, xynA; endo-1,4-beta-xylanase [EC:3.2.1.8]	9381.461393574313	19905.225609334542	67722.49055007513	14119.50284335383	3990.504556348213	5076.215800867352	9981.353521776922	20640.826196697824	12699.621639341018	9212.088944823205	785.2057088877746	1643.816369564619	2700.6802060648006	5672.409692201927	574.0004269110914
K01182	IMA, malL; oligo-1,6-glucosidase [EC:3.2.1.10]	19475.597270969232	10580.6873097918	7520.732942940108	14120.371310320985	105373.87014350166	48818.799870613	5623.645637802083	18373.525856271117	4633.021671062443	3244.575123140029	6864.040134504681	3815.912986474782	3145.916537819679	52204.53125086768	417.2567710420568
K01183	E3.2.1.14; chitinase [EC:3.2.1.14]	3755.1034609595313	2783.4875376924724	24768.816923161743	4559.977630756317	2721.254584301308	2113.263804275136	3540.736904675394	3503.681674392244	3890.994539306374	2451.4786996819084	304.93084110101546	1650.4284112114635	579.3912470892998	1634.4357171124768	93.74794283678828
K01184	E3.2.1.15; polygalacturonase [EC:3.2.1.15]	0.0024544065373014	0.0073928591561263	0.2778439174746656	0.0133210274422966	0.7391854884138251	0.0148201905010063	1.27404233657903	13.894045820407907	0.0066521260585039	0.0054551611830322	0.0058149859819994	0.0116355396211287	0.0108075632853585	0.0349337742159096	0.0011736543378127
K01185	E3.2.1.17; lysozyme [EC:3.2.1.17]	5060.969980924189	7730.198436062547	37866.410359639536	2150.5112782720103	1668.038579095105	942.3373949393928	2221.5090530209363	15556.4342106301	4394.278015230568	951.7796621293244	174.17941549671806	1197.336402875874	387.9245364781037	816.6199461488917	51.26259002339739
K01186	NEU1; sialidase-1 [EC:3.2.1.18]	27924.118424283464	19765.520993964037	84257.33049630595	26857.291032102883	26186.83884036019	12106.652070238591	1393.9395044573428	40780.24200122211	25285.13346603045	6589.829056375536	1669.8404962463774	1578.7683375261113	507.3180318621567	14365.998334103857	1085.9459343185551
K01187	malZ; alpha-glucosidase [EC:3.2.1.20]	75942.86397402751	59938.8883360082	218755.83423643943	50323.37317829148	119312.99546435905	56039.75854795621	14557.086193891144	89215.67707560911	44608.22950972301	14901.958949687882	8206.111256833901	8085.238870885783	3772.056168399397	61608.70540844584	2088.067681929449
K01188	E3.2.1.21; beta-glucosidase [EC:3.2.1.21]	104.63282433028456	21.58876535644716	0.4408332911717143	0.2054208603321605	1.1757037862696336	0.3007510277879066	0.0028973828980583	135.0046385547069	19.27089424045603	7.714534899914913	2.30364855110966	2.009663571189178	1.462794072915674	0.0011887639501276	0.0109630041123563
K01190	lacZ; beta-galactosidase [EC:3.2.1.23]	153095.481553549	98473.090965282	421715.713812581	94022.8180026354	158292.6222044573	87013.55821647754	33550.81135221227	195837.2317526506	105221.728866769	34387.895671574064	10301.148135993231	13061.725277069943	9113.381281655007	73470.49518972877	3904.910732278833
K01191	MAN2C1; alpha-mannosidase [EC:3.2.1.24]	15258.18344725231	10308.719306450232	24387.902200798708	10159.192509227456	4277.456596213029	5600.987362604946	16777.54559331964	14545.166565691588	11318.186342516048	9763.019992286929	956.6662180826488	5049.917146131394	3024.739086631317	1685.63034265458	407.78470424097225
K01192	E3.2.1.25, MANBA, manB; beta-mannosidase [EC:3.2.1.25]	15214.828763801592	10651.333939239674	28545.970375625697	14445.46127063744	48138.72187085695	20914.82159603697	8089.363020005077	19710.579832327265	9596.95067440566	4547.511318319804	3539.458029995515	3573.017876908573	2116.052767733024	26188.70770895236	554.5989047124601
K01193	INV, sacA; beta-fructofuranosidase [EC:3.2.1.26]	37765.49203206108	38381.26489608537	59849.87908301802	38864.638049377245	275082.8202764912	119876.5761297671	21207.26167136587	48322.31563647976	14929.01692934851	8696.672996956193	18700.4736879206	7426.6653466705775	4942.139261346074	146438.05915052537	1046.0533733650427
K01194	TREH, treA, treF; alpha,alpha-trehalase [EC:3.2.1.28]	1013.1214719615942	506.8959807418812	2841.2967464596472	499.2866290833743	500.0089271678299	402.19177068429207	401.8458526575499	1751.3010655461271	423.4109587433292	174.92652470258685	85.55980290519416	124.96254728295004	161.43946138861327	236.0256097354757	32.636723723579806
K01195	uidA, GUSB; beta-glucuronidase [EC:3.2.1.31]	10336.46432155961	6389.380740371161	30600.936019593995	5951.286063099584	13448.32324870916	6376.101971163149	1923.3913085914205	13194.508920948934	4632.109869372017	2340.5488508474746	911.9530828409077	906.8197920381724	573.7850839853327	6920.658734798726	327.86241360180736
K01197	hya; hyaluronoglucosaminidase [EC:3.2.1.35]	23072.774694538588	19056.16331977619	69157.51463369986	29743.335078326567	72782.65060677774	30307.170109419327	1606.1038146984074	33352.02589779401	22894.21351263716	6860.017512085186	4852.319889282691	1654.2129398471866	656.8946100789815	40145.03202139075	1130.7692434265932
K01198	xynB; xylan 1,4-beta-xylosidase [EC:3.2.1.37]	7353.4841930613475	6844.986309063857	3100.846412576652	8319.883872111523	49356.10947153536	21455.039444433627	6367.00301186539	8155.719659864812	4253.393490394373	3882.7045249081407	3572.071498927752	1924.7535243667044	1605.884237256303	26649.53494589121	299.9825682116184
K01199	EGLC; glucan endo-1,3-beta-D-glucosidase [EC:3.2.1.39]	1.0423847753039854e-11	4.623283230043155e-11	1.1117532214323551e-11	2.178271293004372e-10	1.0900508243534475e-10	1.3221832341713512e-10	1.4012447238770426e-10	3.0151827492113136e-11	2.827991199487829e-11	4.027759347503455e-11	1.945413297225085e-11	2.0147817433534548e-11	3.1500706875793644e-11	1.4359887709698694e-10	0.0
K01200	pulA; pullulanase [EC:3.2.1.41]	15511.314749673738	11884.47298097541	63392.10417917574	23434.8747549647	170676.61470523267	71069.39522633285	5630.477152244468	26361.033464134303	12196.59595357108	3418.054613800636	11330.18138228704	1919.571817980054	1343.299060356545	90940.17529144727	431.61966906663247
K01201	GBA, srfJ; glucosylceramidase [EC:3.2.1.45]	13980.13402774404	6182.722467054735	32682.196745475656	5930.506956016812	2687.8210390518416	2792.19244722912	2148.0916256444666	14862.05316403049	8456.997311193652	3812.258880189468	66.44837225314953	1036.0307121260646	1331.5246186165818	501.44071492455646	241.314067259592
K01202	GALC; galactosylceramidase [EC:3.2.1.46]	344.426116660298	123.91943308514551	2310.8073050714247	30.41476054969588	6.41463443203974	1.1581620166830668	7.277438483297197	627.5528197609101	420.8892454634451	31.40357774754292	0.0050160744259774	1.4080439011944064	1.402352066342024	2.0189956084978284	0.0022364472132155
K01205	NAGLU; alpha-N-acetylglucosaminidase [EC:3.2.1.50]	26518.03419460001	18386.144158732244	84666.87049272184	23264.153580785573	2536.537605089905	2604.180705937969	907.5345195158052	40003.34712930408	26252.003856542804	6360.957605602442	8.394953580815125	1174.600421714195	347.7490202385194	1270.4461893818025	998.064324675233
K01206	FUCA; alpha-L-fucosidase [EC:3.2.1.51]	57405.1376564996	41876.4417966491	182753.82641638172	46772.41933613006	15855.661124320928	15993.02079207344	16055.562638118614	83935.99343558153	54996.95869689406	18456.62432691508	1107.2765016479448	5100.819664601944	2947.161041325292	3540.983446055663	1837.625362336228
K01207	nagZ; beta-N-acetylhexosaminidase [EC:3.2.1.52]	36724.909309304654	32220.5271082522	27383.452684658696	36412.30705617504	125894.66505584084	61839.18917203516	15777.51382705126	38530.12043916268	18280.610495273097	9657.241879310985	8380.176790654159	6110.334694294408	6975.72730705062	62657.78399293899	961.9266461040982
K01208	cd, ma, nplT; cyclomaltodextrinase / maltogenic alpha-amylase / neopullulanase [EC:3.2.1.54 3.2.1.133 3.2.1.135]	0.6014110510841073	2.5525049219533846	5.562395564506559	10.002374952255222	28.271115350185696	6.427660069635647	21.699957092108605	6.968110264360179	2.4828945680766217	3.422208051777305	1.805532824404104	3.8413187116604326	2.4379771858073447	9.26051926160403	0.2591815560394028
K01209	abfA; alpha-N-arabinofuranosidase [EC:3.2.1.55]	33055.435887789135	22655.70651868977	81497.09792732325	30548.982069774684	156586.67005829618	71545.55425865091	14136.316273284465	49687.072305575886	22320.961412139543	11241.482661205446	9973.715484248629	5419.097732874861	3605.1173856036858	79551.86963384632	1140.579751548145
K01210	E3.2.1.58; glucan 1,3-beta-glucosidase [EC:3.2.1.58]	304.7561439762162	91.93531675211618	71.6035791159221	74.33609419342044	161.53665835081466	224.71925185918585	607.367405888377	398.9813159366095	146.53769253613166	108.2594661625474	14.112417609988071	190.76678243275623	125.63284031114392	35.81995453992401	22.388503269102003
K01212	sacC, levB; levanase [EC:3.2.1.65]	3874.499458151863	2252.397291800444	18281.97965650348	377.18716698547	192.744085544505	164.3669566188573	763.8375957561602	5712.254243366164	3672.377422826245	630.8745318111035	19.07287922930271	130.49747601666638	73.80609881873703	97.92726259118008	29.87179474552516
K01213	E3.2.1.67; galacturan 1,4-alpha-galacturonidase [EC:3.2.1.67]	0.0030299165648915	0.0134385716050081	0.0032315509411647	0.0633161614584875	0.0316846823508046	0.0384321123825828	0.040730205399477	0.0087642801146501	0.0082201674311648	0.0117075527727643	0.0056547640703055	0.0058563984465787	0.0091563610511219	0.04174011619549	0.0
K01215	dexB; glucan 1,6-alpha-glucosidase [EC:3.2.1.70]	3435.6231244924275	3057.870683864732	3736.672484355267	10006.16653089786	92831.38158275349	37486.53677184822	2490.26691422751	3633.651089603348	1323.1654401614303	1018.9689321871264	6465.400694066558	612.4753780939539	1065.6064598647015	51219.66237552535	131.17047118732268
K01216	E3.2.1.73; licheninase [EC:3.2.1.73]	162.8430168611656	16.06681175944348	396.3406669482563	40.9	5.655832334578434	0.0	0.0	206.1956170403688	0.0	4.62	0.0	0.0	0.0	0.0	0.0727250352075403
K01217	IDUA; L-iduronidase [EC:3.2.1.76]	0.0	0.0	0.0	0.0	0.0	0.0	0.0	0.0	0.0	0.0	0.0	0.0	0.0	0.0	1.997333235156946e-09
K01218	gmuG; mannan endo-1,4-beta-mannosidase [EC:3.2.1.78]	34273.91686779326	24682.280816768103	78184.71261405971	26491.93292568127	99522.11198580048	64676.28335281286	7042.461009192508	69315.36746768354	15746.478314928603	7058.539451432412	3535.9703996239687	1800.9307884564018	1656.7929782460387	31232.593212619995	1026.521787681687
K01219	E3.2.1.81; beta-agarase [EC:3.2.1.81]	17.902886674675816	18.85873211676716	10.092999789370303	4.695398016962959	1.7808889966192272	0.0673609949544971	1.937708391492679	26.034655079805	24.686805742346127	6.605312533231298	0.0072123113136161	0.479429408740092	0.0125031252491031	0.7897001347803561	0.0232959733160227
K01220	E3.2.1.85, lacG; 6-phospho-beta-galactosidase [EC:3.2.1.85]	806.3529590904706	5258.8121320785485	13927.96976945583	399.8124513656648	631.2884926783506	842.6060431915429	1817.6757101446992	7537.610883712896	268.92302459125995	449.1293887084216	127.4744482352276	210.82007849023597	104.28121476973077	253.40877810094025	19.58819855665953
K01222	E3.2.1.86A, celF; 6-phospho-beta-glucosidase [EC:3.2.1.86]	3434.5659787434897	5024.047036051521	2823.994925102383	14492.344105205506	62999.74376760042	27615.45918211857	6059.591855930605	7535.544218819771	3385.814665894833	4285.981247071592	4573.392233662181	2937.7372229995103	2285.588558682184	33806.729655400886	247.6008547050894
K01223	E3.2.1.86B, bglA; 6-phospho-beta-glucosidase [EC:3.2.1.86]	47928.16211694072	52991.87717014173	110679.2836002974	55758.837899551945	391757.8206741157	173933.92369867195	34053.604555467886	76176.11949330696	12973.53331339216	10049.420553621869	26895.744273335287	9821.307746493734	6076.70063624761	206457.9195174452	1043.77519508716
K01224	E3.2.1.89; arabinogalactan endo-1,4-beta-galactosidase [EC:3.2.1.89]	24662.127911231004	19458.586691594894	70718.5439890124	8583.802492655363	49374.51358964096	21467.84656030817	4058.611569193955	26720.97978104324	8820.32163756292	2724.797862846181	3190.4625973030684	1723.0686048716166	1057.7886269803098	27198.646644940505	258.40991929954447
K01226	treC; trehalose-6-phosphate hydrolase [EC:3.2.1.93]	4824.773868114519	4084.457120616463	3361.254388556088	8938.836555011414	60396.69810584674	25683.90955298365	3959.0202071182734	5117.935687188012	1828.600712258978	1035.1129990731752	4197.017629416185	1641.2972345061853	1296.609608483072	32947.53134989925	160.13405150013168
K01227	E3.2.1.96; mannosyl-glycoprotein endo-beta-N-acetylglucosaminidase [EC:3.2.1.96]	0.3154993482148215	86.24606898543236	32.008844657716786	139.4684682937317	917.7738398073216	519.6348446088957	25.07682969787408	15.690138891313724	38.0657910053586	293.604066075383	89.40239293386112	23.73385613324753	15.855326338703511	353.9842741668235	1.7764390474843197
K01230	MAN1; mannosyl-oligosaccharide alpha-1,2-mannosidase [EC:3.2.1.113]	0.0	0.022657541904057	0.0364749182305005	0.0	0.0964226545020802	9.0	0.1542992597700354	0.0	0.0	0.0	0.0	0.4350539508774928	0.0	1.0374943438603643	0.3547244870528907
K01232	glvA; maltose-6'-phosphate glucosidase [EC:3.2.1.122]	3235.584159132173	8248.41834856684	16763.76444466024	4872.115171933579	4842.889262018696	5005.552588790763	6141.379339083602	11906.261391537497	2475.509799609684	1598.103999505353	395.026315646718	1956.7200889838916	1229.8865841211054	1741.6189542889836	123.98850238525952
K01233	csn; chitosanase [EC:3.2.1.132]	250.96752380304275	47.64494488936237	59.82625122983712	5.096294421008825	54.75469265209029	34.7681579890379	52.22276828401012	280.43459133568945	48.55287745359367	30.77984858495661	6.065909171294985	3.449499949838789	6.073341500823826	49.97600692141189	2.432870717429975
K01235	aguA; alpha-glucuronidase [EC:3.2.1.139]	3439.6627810095224	2556.793311273492	13586.750194926595	2448.320352957777	782.5757278473882	846.4970250414619	2495.329704667549	6450.771601722292	4233.835350382302	2264.901686323307	181.5964426816421	645.5105430770636	408.7750675211472	429.7481119876205	102.33135368259072
K01236	treZ, glgZ; maltooligosyltrehalose trehalohydrolase [EC:3.2.1.141]	57.418345451549584	55.66799052085454	249.3693083879642	165.260546593317	324.8988542783278	247.27057036912203	1049.5306024947386	208.97118041140817	224.4137000259324	124.7664289508786	62.3913719063565	860.8639480358405	103.93905947281948	562.0771486269757	5.476216623177778
K01238	SUN; SUN family beta-glucosidase [EC:3.2.1.-]	1.0686019546508831e-14	4.739564135602429e-14	1.1397150972063786e-14	2.2330573283608858e-13	1.1174668598101953e-13	1.3554376674679456e-13	1.43648764482633e-13	3.0910180729541244e-14	2.899118439855291e-14	4.129062140561664e-14	1.9943426854179585e-14	2.0654558279734535e-14	3.229298598546875e-14	1.4721055447760386e-13	0.0
K01239	iunH; purine nucleosidase [EC:3.2.2.1]	35805.99411877702	21556.066331671333	38060.52268309346	17695.445806901655	92383.9391858514	76144.32083619681	14673.685316495405	79259.97354654204	8471.024252442121	6851.145218652339	2304.62975814373	2993.728095803124	2399.6135258847758	9332.618081980796	692.730919992217
K01240	URH1; uridine nucleosidase [EC:3.2.2.3]	2730.235060491562	480.040302529728	252.09151544629515	1144.0965352452458	7249.334316572177	6263.50249438035	106.5906580928693	5599.316720595653	221.2675212513444	185.99051783416692	19.228534830063285	4.695478640198759	104.04977846843744	42.02247249962687	40.30695140228296
K01241	amn; AMP nucleosidase [EC:3.2.2.4]	7797.524169283773	5585.01684316247	23882.17492198924	6031.212490476269	1192.0115766924198	1008.3026392556528	925.0140836191014	10706.650120839344	6131.047023431733	1978.2313423658536	78.90790613244837	1616.3149134887287	193.5908453725012	722.1997386656045	355.0604259130174
K01243	mtnN, mtn, pfs; adenosylhomocysteine nucleosidase [EC:3.2.2.9]	44623.86324713637	45457.32290575809	106407.20774043216	28626.05628204709	94847.6251859256	55499.64518139263	13831.048182768372	68597.69564377828	23800.95135722569	11137.393633021924	5531.639982964666	6518.305335573419	3546.8453561729216	38266.83574211176	1342.2758874165488
K01244	MTN; 5'-methylthioadenosine nucleosidase [EC:3.2.2.16]	0.0	0.0	0.0	0.0	0.0	0.0	0.0	0.0	0.0	0.0	0.0	0.0	0.0	0.0	0.0040954731507342
K01246	tag; DNA-3-methyladenine glycosylase I [EC:3.2.2.20]	34179.92570706767	25215.808353160843	76574.7731821615	21104.95947731998	18328.00418251343	16189.166341241962	8165.476943720483	53563.67222346917	20408.761732057686	8165.0222217341025	1036.2798162388794	3623.809243589068	3598.99413776412	3862.377801145219	1018.2019829702564
K01247	alkA; DNA-3-methyladenine glycosylase II [EC:3.2.2.21]	5834.718206880136	4908.783969735081	8321.776823067521	4752.448324557599	2128.0889479362045	1914.8562089032664	2807.544019780644	8892.490094346718	4031.010979504519	2058.870115789696	236.1612700370647	2039.9583837536588	678.5561505434121	1265.6977533026636	340.6294237783638
K01250	rihA; pyrimidine-specific ribonucleoside hydrolase [EC:3.2.-.-]	33374.14421810847	12046.490506695802	19930.963130474447	14345.02671882563	74799.84825012376	64138.99075252828	4576.763712438996	68988.87260540808	4893.096155578922	3745.6005294985534	538.1265755137101	1015.5251348360442	1152.562652777236	980.459194142418	498.4522488454412
K01251	E3.3.1.1, ahcY; adenosylhomocysteinase [EC:3.3.1.1]	22876.105390263463	13049.079350693812	20297.594831708466	18640.7795362358	20288.80500564532	18832.573624913668	10031.747776799832	30963.766156505462	13040.51798289151	6036.781561955622	752.36486753298	2278.072818451567	3214.030843726944	2992.734641750109	493.1055737408867
K01252	entB, dhbB, vibB, mxcF; bifunctional isochorismate lyase / aryl carrier protein [EC:3.3.2.1 6.3.2.14]	52.85195140030129	77.01198034911133	74.86319520891263	101.31525750880914	228.8402052586895	184.16774951713788	175.422398597127	102.87009671707344	187.3378643705302	138.90079164190553	36.19033178035033	88.16875147953327	80.49330317349069	169.0299825226253	17.51341217004094
K01253	EPHX1; microsomal epoxide hydrolase [EC:3.3.2.9]	173.15282614242813	36.55063783862245	3.689199197449019	0.5073519840558215	2.025079455643016	0.6115241655793594	0.3740147284154315	226.23079517060177	31.866457044106586	12.772520960429537	3.821410888432403	4.223163191207293	2.4557831199974576	2.24979118309296	0.0039841987446552
K01255	CARP, pepA; leucyl aminopeptidase [EC:3.4.11.1]	1283.93468420997	3610.3131103855935	3627.3712871222288	9668.495293876533	62943.3958883825	25917.702450912213	3672.228497450333	2636.332682090254	1121.640795319206	1759.1164589032717	4548.959521527229	2514.957451838388	923.4761025151568	34652.721351777844	185.02614482186183
K01256	pepN; aminopeptidase N [EC:3.4.11.2]	2098.670368585603	6094.069220745075	26485.44391857977	1788.8576389498423	2392.686800290893	2026.2339387294764	3666.40219095887	11944.41080386085	2084.3393216751133	1247.0057657188809	287.7620502335934	1334.8757938775498	237.20128997569336	1021.4155888873046	155.0883094549262
K01258	pepT; tripeptide aminopeptidase [EC:3.4.11.4]	38813.174476552005	33875.51569082179	101487.41634967636	29434.34465638764	80419.15432474537	44451.82740354346	13219.737601910869	60108.197557867534	25899.016055698703	11896.98582429813	6142.759635459713	4117.343670298038	6384.439128137668	37320.93751660909	1195.027443760839
K01259	pip; proline iminopeptidase [EC:3.4.11.5]	2006.1838993748747	3339.0265106592724	12968.542025878149	2833.820747890526	12205.050038267344	9756.480874283485	3448.3620300545444	5485.845354010957	1992.3970222828848	3215.2736511582234	1207.7156177570837	820.2273730005969	381.339589473063	3154.311875188966	145.4761948139593
K01261	pepA; glutamyl aminopeptidase [EC:3.4.11.7]	74.09959970843217	400.1522332972237	178.7348164384963	501.91055027576783	3183.574979496277	1803.9211278185355	323.4410074256756	303.23465392003266	166.88595687802544	1035.7584181729526	379.61084530731546	134.7280833399265	82.27479994246751	1273.9275096626768	7.088992956155936
K01262	pepP; Xaa-Pro aminopeptidase [EC:3.4.11.9]	67338.4022519293	61799.8756312864	167272.9386861475	50311.98458223905	166141.6147312	86578.3633426644	23828.614186221253	99235.8344001204	42416.57692787693	17093.281158267753	11096.928688993392	8293.889366148172	7611.4989971884515	79005.23346517043	2029.3493223433447
K01263	E3.4.11.14; cytosol alanyl aminopeptidase [EC:3.4.11.14]	22.165464906791765	349.3960972622665	1134.7011257179354	7.560000004058819	501.610784282708	991.7800000024636	539.7942463093743	350.2665346446071	120.00000000052694	510.00000000075056	46.2200000003625	5.780000000375419	4.89000000058696	19.330000002675707	0.0
K01264	APE3; aminopeptidase Y [EC:3.4.11.15]	0.0	0.0004798726834288	0.0	0.0	0.0	0.0	0.0	0.0	0.0	0.0	0.0	0.0	0.0	0.0	0.0
K01265	map; methionyl aminopeptidase [EC:3.4.11.18]	76468.36728717858	69677.63107258095	161303.80719256174	54533.25387092415	168115.46291856273	87615.46368227899	26191.46137177943	98936.31818690235	42495.00662536194	18522.98289276234	11142.512586930465	9871.489483507128	8132.083924059914	79682.50179431916	1977.4299964215195
K01266	dmpA, dap; D-aminopeptidase [EC:3.4.11.19]	1240.7987160939692	723.0553628999776	567.6447092261728	689.41727759601	1526.462667873399	1364.4888160605997	952.1810682349504	1473.6656182451893	330.8775579986225	270.6968582851184	151.98881514641408	392.8631638184152	360.98543333215	412.4517604340766	10.950512521500167
K01267	DNPEP; aspartyl aminopeptidase [EC:3.4.11.21]	19604.38614918375	16962.728444124128	15791.457426473577	13126.94582242562	77022.20217638233	34520.94117245294	4455.454116983867	17742.20105226057	7138.426272528186	3482.8083894505894	5290.4510187093765	2059.176784051479	1769.2498988849268	39996.0530592123	537.903431485683
K01269	E3.4.11.-; aminopeptidase [EC:3.4.11.-]	0.0988225943290383	18.947560953077044	6.936209012087176	31.466912735511784	196.22146737186716	112.2290823418294	6.4066608381771255	3.574639996415405	8.327780719295774	63.14350097177543	19.285704555139564	5.232853885331347	1.491128995461786	75.47149402073285	0.3796189889109929
K01270	pepD; dipeptidase D [EC:3.4.13.-]	56575.41312290903	41089.6634409015	160445.6196722144	35626.55766408298	92951.69545909743	50375.4126506204	10772.509537360422	80938.38378516318	35259.22742032644	10253.26656871585	5754.986596277134	5236.845523848711	3405.3564059187147	41686.42779558865	1446.4490788381677
K01271	pepQ; Xaa-Pro dipeptidase [EC:3.4.13.9]	12102.791684557991	23957.963655893487	38218.1117843221	17328.107708322386	69599.17551297057	33371.43460797264	17505.91404639586	32230.678517138334	9647.495524823014	7846.407394378163	5613.499444576577	2863.223576774412	3880.096170538862	35784.80917466569	648.5950786631612
K01273	DPEP; membrane dipeptidase [EC:3.4.13.19]	30283.003636220405	23354.800997101087	12440.84676660817	20090.056461890024	77133.97227221163	41135.28296961799	10656.60461031933	29246.551543602225	9300.251504077718	5829.2958809643005	5091.726753835602	3568.1588568035704	4009.804030819747	34862.10122611943	744.3890819295088
K01274	E3.4.13.-; D-alanyl-D-alanine dipeptidase [EC:3.4.13.-]	29.233040750631133	29.370397126102716	43.57912789255074	24.72113261353769	20.51149106869195	5.925529858852283	77.14489778032618	25.746614535993213	15.976238736741228	5.826851060376843	11.944116827404956	28.90218198875192	8.083405746401306	36.7559008189212	2.586620524082897
K01277	DPP3; dipeptidyl-peptidase III [EC:3.4.14.4]	17367.780270364063	10284.863546377735	69326.83003879155	9455.402654856174	1197.244418717502	993.2572795217244	536.3976998951515	26245.492208995587	15227.568500138394	3326.980941980547	4.32	940.7939266541994	101.96353449178342	264.6222452063813	500.8646855231507
K01278	DPP4, CD26; dipeptidyl-peptidase 4 [EC:3.4.14.5]	23762.04529918702	12207.703084992194	116663.309153925	11623.237198978835	2383.945491143242	1406.9680355086389	778.6956862410377	37104.98177250518	22091.296172656504	4155.699948798006	56.20871900157124	1486.608264147351	160.20443233753792	394.4442546754848	561.2612431322565
K01280	TPP2; tripeptidyl-peptidase II [EC:3.4.14.10]	2.1143378910094665e-29	9.377710751097825e-29	2.2550424921936973e-29	4.418331542068253e-28	2.21102208671887e-28	2.6818715862870116e-28	2.8422372280008875e-28	6.115894328096287e-29	5.73620134347674e-29	8.16977032479261e-29	3.94601028856847e-29	4.0867148897527004e-29	6.389496443062477e-29	2.9127108736217757e-28	0.0
K01281	pepX; X-Pro dipeptidyl-peptidase [EC:3.4.14.11]	2138.9238453383155	6259.569087076614	17113.181759819032	438.0307905691623	969.1591872233304	1362.458398985043	2855.458948137743	10950.179506441527	1034.1973014674095	1288.9743141398058	161.87867357803594	228.3709679047709	236.6010662598832	188.4467972159652	62.360654136544056
K01283	ACE, CD143; peptidyl-dipeptidase A [EC:3.4.15.1]	0.9882441934459558	2.9029386277331755	0.2559144083754447	4.918691353936811	2.402639123603409	14.776077293799256	53.21614382319339	17.777586013954526	2.678339012788811	4.949264993296963	2.355813481075669	9.230513548246204	4.391292627929929	24.72638031433116	3.9876130102791314
K01284	dcp; peptidyl-dipeptidase Dcp [EC:3.4.15.5]	31267.251205242053	19604.41094573129	117336.88693806157	18944.84791047337	2660.3489026719863	2283.251513196511	1261.6907238309177	47057.22017710722	26427.999347969693	6440.127323499068	83.06986783471285	1980.4741839770536	338.07231347389825	825.2499635204987	1183.7332591468762
K01286	E3.4.16.4; D-alanyl-D-alanine carboxypeptidase [EC:3.4.16.4]	22779.286419472453	28828.670870720056	25857.54100237965	30386.065279381102	185905.0465150291	80716.03053071222	11094.331919165066	25275.84592995241	8375.59205798173	6159.757802285938	12611.853389929382	5243.3794935713095	3290.7952487719176	100359.5385205584	799.7678097529281
K01293	E3.4.17.4; Gly-Xaa carboxypeptidase [EC:3.4.17.4]	65.79812184283756	149.66864500007992	157.46032702123594	138.8801246350723	32.144900153373186	33.28886006349795	32.712039869385904	109.67481650889712	26.83229128747344	32.73449539322725	4.556829123602622	3.045908257129407	15.524455953331104	3.797123273990596	13.442603354402287
K01295	cpg; glutamate carboxypeptidase [EC:3.4.17.11]	6945.207160121374	8378.789021834169	18144.18901174689	2410.2413879797405	1039.1097085194513	1223.067099279785	3684.074503972505	13709.780121551652	2067.6433677685263	841.8665436402403	136.24649219303183	2512.858087770871	549.6503511210992	1367.8564360203522	195.35808078529868
K01297	ldcA; muramoyltetrapeptide carboxypeptidase [EC:3.4.17.13]	13579.740518558028	10973.939692541817	34219.45185032747	12086.173464355505	5877.882684027628	5044.04013641038	3255.710635592776	20143.892452878645	9757.535123547244	3655.184374970981	482.97278308221496	2321.08367313464	875.1158118556452	2297.453328393919	723.170949571461
K01299	E3.4.17.19; carboxypeptidase Taq [EC:3.4.17.19]	6061.103080676367	7122.910632980967	3792.14936628298	13996.401837765336	71987.33326072854	30078.489823028925	4934.560684280885	9818.426389503928	2827.161601371945	2017.9769873268483	5079.0043046884975	1821.909678578662	2494.059348984805	39476.72789653284	283.1198512595764
K01300	CPB2; carboxypeptidase B2 [EC:3.4.17.20]	0.0	2.3292202155198318e-30	0.0	0.0	0.0	0.0	0.0	0.0	0.0	0.0	0.0	0.0	0.0	0.0	0.0
K01301	NAALAD; N-acetylated-alpha-linked acidic dipeptidase [EC:3.4.17.21]	0.9276382886226652	2.7157469290730227	0.191275312024995	3.652209860818015	1.7688662781198512	5.007338981924248	47.02480620964667	40.19464742226904	2.513915117181472	1.915084673795645	2.2427040651220405	4.692374692213133	4.208142519830549	13.34850860028642	3.0310465687502552
K01302	CPQ; carboxypeptidase Q [EC:3.4.17.-]	1.953135771294808	20.236998470341145	25.085016097163603	12.93279486779727	2.993397369290781	2.650514111389348	28.74283248275365	209.25788265560783	5.976731884162965	4.298228818816946	0.4243410384171996	2.241374170161017	7.079128140980724	35.00472699781615	3.679062539555749
K01303	APEH; acylaminoacyl-peptidase [EC:3.4.19.1]	104.00881395813153	251.21131063591983	271.76694706886195	698.851237492248	646.2410853960012	428.49190974179743	607.4557733834196	217.776988125114	87.01810715530893	195.43980944910325	88.51910655322433	207.94851305511028	109.55670755626836	259.80647935893774	15.606379001409373
K01304	pcp; pyroglutamyl-peptidase [EC:3.4.19.3]	1437.504961508534	4150.419343957129	3653.4662058587296	7643.021049569499	64213.967356452646	28004.324485621622	3051.550994060626	2681.4194015485846	1261.04265677207	2104.455962229268	4685.1895046921945	2207.990090558596	820.3367889850708	34608.97348943295	181.471839134348
K01305	iadA; beta-aspartyl-dipeptidase (metallo-type) [EC:3.4.19.-]	3882.2875738564494	4054.543853392348	10705.879337302122	8942.406520036488	60071.79814758537	25301.30620234292	1606.985703448578	6899.42296823642	1932.186367714812	1767.2633101705371	4245.461880135306	1394.476873382137	1695.805033985549	32865.04364177837	238.4348577642188
K01308	yqgT; g-D-glutamyl-meso-diaminopimelate peptidase [EC:3.4.19.11]	13590.11927379389	15448.8669073602	5348.299785337745	6359.197094029269	10413.010577407398	9644.398832329074	3145.382890172561	16892.45147648756	3797.806859046455	2572.524172624691	435.3138471128565	1182.2418485634123	2927.1779914182857	900.1752332769424	281.0207733750375
K01312	PRSS1_2_3; trypsin [EC:3.4.21.4]	10.448356581876665	0.3921854951010641	0.1217547644929315	0.0	0.3218627528235855	0.0	0.5150572214038522	0.0	1.3749245476407077	2.8	0.0	0.0	0.0	0.0	0.0
K01316	TMPRSS15, PRSS7; enterokinase [EC:3.4.21.9]	0.0	0.0106425506531468	0.0	0.0	0.0	0.0	0.0	0.0	0.0	0.0	0.0	0.0	0.0	0.0	0.0
K01317	ACR; acrosin [EC:3.4.21.10]	35.826239485125804	37.77788239601959	20.18981785628703	9.464665706109647	3.597259574094973	0.2423153005694878	4.789671622212689	52.15022101021397	49.42907387095897	13.252165151872086	0.0641226171002914	1.0626355205973452	0.1184478767220586	1.871795846223444	0.0123276676920482
K01318	sspA; glutamyl endopeptidase [EC:3.4.21.19]	1218.7279578399712	165.62472116802442	59.01260215528414	26.89144437040165	38.776323491756486	62.05624368700927	155.27605323159742	418.3866884845601	168.25979243623703	67.37789232925387	17.006585659750183	1.7789220865668698	7.398805987367672	6.285045220087024	2.511908764002401
K01322	PREP; prolyl oligopeptidase [EC:3.4.21.26]	9306.675212737848	6445.5129317622	22787.84332405741	7833.38242765492	2133.824255079372	1306.480317675439	1055.9839343528702	13491.39312260683	6974.534082829301	2310.742331632831	112.40158276097527	1262.1730350708312	190.5167594005985	794.627774201586	472.9119401550946
K01337	E3.4.21.50; lysyl endopeptidase [EC:3.4.21.50]	0.0	0.0	0.0	0.0	0.0	0.0	0.0	0.0	0.0	0.0	0.0	0.0	0.0	0.0	0.0709752365296523
K01338	lon; ATP-dependent Lon protease [EC:3.4.21.53]	66319.322959694	61109.15040701278	111406.25475861836	47305.01867817201	158498.27487529645	84129.61376523355	22496.73776154121	86872.37262672828	32609.995227481784	15126.411080806442	10074.708963000696	10477.500833771435	8760.747318908241	73153.95178733137	1915.4220194640247
K01341	KEX2; kexin [EC:3.4.21.61]	0.0229598061338685	0.054782772723826	0.1127942681852273	0.1494497675000524	25.7989100863816	0.5861292420663592	129.1015148413667	25.59668230864184	76.03948326955557	29.63696748319106	7.514497598174603	307.5821741590857	22.16154165069372	138.0108784743217	0.0197416794685741
K01342	aprE; subtilisin [EC:3.4.21.62]	2.076952861191004	8.156255595641419	1.882569302756062	37.50234059390355	18.450876268705603	22.898741286118124	26.530731616141296	5.320820247415284	5.236410842542646	6.904333285872842	3.425365032591208	3.707355221583135	5.586086396922255	25.05704964619689	0.0367126987361021
K01346	CELA2; pancreatic elastase II [EC:3.4.21.71]	0.0	8.833671324801771e-26	3.0950584978483743e-22	0.0	8.181889656772675e-22	0.0	1.3092976169131453e-21	0.0	0.0	0.0	0.0	0.0	0.0	0.0	0.0
K01347	iga; IgA-specific serine endopeptidase [EC:3.4.21.72]	1.9256209339664093e-29	2.282361803491823e-29	4.487332764977489e-42	8.79208439037848e-41	4.399736097287816e-41	5.336684467041147e-41	5.655797743589332e-41	5.206857172124274e-29	1.141452736442722e-41	1.625711186715578e-41	1.781754943969093e-30	8.132196927282323e-42	1.271452615190836e-41	5.796033991977888e-41	0.0
K01350	PRTN3; myeloblastin [EC:3.4.21.76]	0.0	1.891655773826172e-16	0.0	0.0	0.0	0.0	0.0	0.0	0.0	0.0	0.0	0.0	0.0	0.0	0.0
K01354	ptrB; oligopeptidase B [EC:3.4.21.83]	16.05744841689879	71.44546999430676	28.44195391677948	117.5215173354788	217.8085507235221	304.57042800184297	500.8226506664979	132.50633829610436	98.49274589944312	109.14912542056408	60.24284200172627	187.8753501878944	112.87714123099808	308.16547757258786	21.468518172403687
K01355	ompT; omptin [EC:3.4.23.49]	0.3622521157617746	1.9532192759500355	0.8032067216484423	2.7251656627357863	5.749695002862522	5.804860299679036	3.0874177784975614	2.575483824040312	3.996733684719468	2.7251656627357863	1.181272889164284	0.9528885603439168	2.7093516109817197	2.567760682486	0.5670992512737628
K01356	lexA; repressor LexA [EC:3.4.21.88]	52863.60493108481	58321.521211831074	48068.24332201078	34382.833689493404	98601.72114867256	54861.56654261941	25006.05357389039	66136.76095576311	20598.33105815097	13620.026686637895	7150.910938558804	7689.753837705942	10086.455833247788	46313.749345595264	1488.8218252760876
K01358	clpP, CLPP; ATP-dependent Clp protease, protease subunit [EC:3.4.21.92]	94213.3604747931	80393.52918878995	130460.82756819316	62252.73917831374	207032.7318345925	105600.0121039836	28937.97489609248	104508.8929068099	41820.35806117144	19556.791783944635	13637.447689013246	9027.13764098016	10103.864725153027	99938.84622633776	2277.357951184089
K01361	E3.4.21.96; lactocepin [EC:3.4.21.96]	978.7839579584778	908.9171238992628	2026.089939691184	782.5444266788209	3425.394755131064	2488.146141092703	806.3225566907469	2302.5808818253527	964.367037395254	1040.4824796765947	382.1307052112063	130.9985627992524	213.21615092844328	1241.1586945180622	44.22298414574525
K01364	speB; streptopain [EC:3.4.22.10]	2.361032190892473e-26	2.798437425692005e-26	5.501984800058878e-39	1.078010417552352e-37	5.394581235534774e-38	6.543387432627368e-38	6.934656921435584e-38	6.384204274016897e-26	1.3995520133717956e-38	1.9933084322173427e-38	2.1846359814585528e-27	9.971006437098348e-39	1.5589467795598584e-38	7.106602651218112e-38	9.572714532126435e-15
K01365	CTSL; cathepsin L [EC:3.4.22.15]	0.033923323965266	0.095283045727105	0.0064308438897835	0.1224415223448108	0.0590813630007911	0.1783396130231367	1.5158399813172168	0.1341125177533547	0.0919308128306441	0.0688541203110585	0.0823761351699647	0.1720134547503178	0.1548827093312617	0.4846557250781186	0.0225748348747915
K01372	BLMH, pepC; bleomycin hydrolase [EC:3.4.22.40]	28199.37600892043	23779.891420392283	129697.5080548971	10477.221679601593	4073.978947050329	5101.794673257388	4233.742040201757	47397.06393478034	22626.277520391912	5993.359295508329	300.58357751679574	1477.2458999110308	353.62882146110115	666.8038822258839	566.5708625415542
K01379	CTSD; cathepsin D [EC:3.4.23.5]	86.73239357170323	197.2870875326292	207.55776415252672	183.0661011557048	42.37209290083945	43.88001407512736	43.11967328279695	144.5688582582159	35.36922913900872	43.149273236065056	6.006625811164003	4.014991710122874	20.46370300579414	5.005212626382517	17.719490041784944
K01387	colA; microbial collagenase [EC:3.4.24.3]	2.3634357572076823	2.088626110784083	1.8150803478926243	3.7914243599777793	5.553106289750288	1.8041112932658057	9.297709022728938	0.6725508925186516	2.051085882343328	0.8350005517656115	0.133162009385328	0.1379102249380681	0.2156198598324668	31.91955328079172	0.0715794499711131
K01389	MME, CD10; neprilysin [EC:3.4.24.11]	0.0	0.1860738967149827	0.0	0.0	0.0	0.0	0.0	0.0	0.0	0.0	0.0	0.0	0.0	0.0	0.0
K01390	iga; IgA-specific metalloendopeptidase [EC:3.4.24.13]	1.442521685514962e-09	49.72918816691032	18.556121036542837	79.87100778953712	530.2347924738469	301.46887156125024	13.7951527435086	8.934100197990515	21.894373167492635	170.4941012227367	51.88923365816488	13.69633539634524	3.2394348023726787	207.8225745944313	1.0312475266261756
K01392	THOP1; thimet oligopeptidase [EC:3.4.24.15]	6.16318057026144e-16	2.7335637101211283e-15	6.573326870837363e-16	1.2879197421017322e-14	6.445009770306213e-15	7.817510589401971e-15	46.00000000000001	20.070887639821265	1.6720716597641101e-15	2.381443852629461e-15	1.1502406518830173e-15	0.4533498980892581	1.862503647079601e-15	135.07112558019207	0.7104958546546627
K01399	lasB; pseudolysin [EC:3.4.24.26]	0.0	0.0	0.0	0.0	0.0	0.0	4.201359235131884e-15	0.0	0.0	2.422856387928387e-15	0.0	0.0	0.0	3.393740439155755e-15	0.0
K01400	nprE; bacillolysin [EC:3.4.24.28]	13.344862784210775	10.929990909447966	0.4858342907763333	25.201902706269166	783.5718429981023	505.90050156178427	17.430798477837588	315.1537429370082	199.15417611520672	4.419806359912258	0.8505584114905306	41.6918310381156	1.3777113611182097	10.933762536583204	0.000443068708207
K01401	aur; aureolysin [EC:3.4.24.29]	1.4903269879165872	95.79011675878444	14.3033502802823	64.91496387051534	887.8282469995045	891.121744900389	71.35987464195439	13.158567132350717	3.110395430464143	34.25171641040091	88.8654684965328	10.13329713406003	9.739107757951786	122.07594736932542	1.4212371354394244
K01402	MMP8; matrix metalloproteinase-8 (neutrophil collagenase) [EC:3.4.24.34]	6.742217744473741e-15	1.1425882166899387e-10	7.190897713208774e-15	1.40892113084527e-13	7.050525088675423e-14	8.551973775975469e-14	9.063349029554732e-14	1.9502413231846343e-14	1.8291645175690536e-14	2.605182959938031e-14	1.2583069480328e-14	1.3031749449063032e-14	2.0374877865949764e-14	9.288075959930106e-14	0.0
K01405	PRD1; saccharolysin [EC:3.4.24.37]	0.0	0.0	0.0	0.0	0.0	0.0	0.0	0.0	0.0	0.0	0.0	0.0	0.0	0.0	1.0625680269121673e-07
K01406	prtC; serralysin [EC:3.4.24.40]	0.9410998771636492	2.643339512406526	5.512757057978914	20.065474732864143	30.28419951287135	103.21059655535676	219.0108809347192	9.332408061519043	9.29279941731888	21.57222388457951	2.285276371178917	116.52335601107995	19.595596962339016	113.44562713131592	0.5038059647872837
K01407	ptrA; protease III [EC:3.4.24.55]	14.960923795789192	64.31635680367546	21.868662904991734	74.64588627553002	156.60350147871478	158.6305168531582	98.77375330778165	75.08535338835355	75.51650958621148	74.40493944523675	32.48411391940882	27.7854650589748	76.4593346809485	71.96296698677435	15.50002200353846
K01408	IDE, ide; insulysin [EC:3.4.24.56]	4.561978212013158e-06	2.023371586300456e-05	4.865567968249327e-06	9.533165117114966e-05	4.7705878179554376e-05	5.7865111324364646e-05	6.132522319468128e-05	1.3195893045472187e-05	1.2376652596509871e-05	1.7627416307173724e-05	8.514066288730439e-06	8.817656044966609e-06	1.3786227680510352e-05	6.284579016371068e-05	0.3547244870528907
K01409	KAE1, tsaD, QRI7; N6-L-threonylcarbamoyladenine synthase [EC:2.3.1.234]	71455.27122665342	75277.61871360462	134582.47248923243	52187.94374668313	104364.73395716336	66508.23426579908	31845.009081057364	105571.30523645824	41158.92727349003	18819.11861120821	6843.036453758356	9288.402056661964	9926.000295821445	42358.47079320402	2108.508820827656
K01411	NRD1; nardilysin [EC:3.4.24.61]	0.0	0.0001907826992008	0.0	0.0	0.0	0.0	0.0	0.0	0.0	0.0	0.0	0.0	0.0	0.0	4.274959447064906e-12
K01414	prlC; oligopeptidase A [EC:3.4.24.70]	297.78310336359857	1104.0687353831222	6943.814251469268	6230.064091882872	837.3225085055823	1203.811658630373	1017.777402670976	1611.7810645695631	4866.085733159898	834.6970088156869	78.50609633437082	1336.2597102747604	373.4389907969664	1623.6989620555137	98.11368073534192
K01415	ECE; endothelin-converting enzyme [EC:3.4.24.71]	0.3831772115065959	1.07734203090656	0.0726389165378784	1.3830248814280257	0.6673471537764104	11.014415677229604	32.122005513359134	71.0657473284488	1.0383944848107638	0.7777342176365936	0.9304706638251732	2.7248689654366727	1.7494607760992178	21.793194905437662	30.3988496636377
K01416	snpA; snapalysin [EC:3.4.24.77]	0.0	2.4416020486991923	518.8922423985662	1251.96	934.6108805362726	380.48	53.31336610876088	0.0	0.0	106.51	49.57	93.78	38.18	5.36	0.0
K01417	MEP; extracellular elastinolytic metalloproteinase [EC:3.4.24.-]	2.4834980877568827e-17	5.838568850025895e-15	7.293830310150338e-13	5.189765544315877e-16	1.928337887083791e-12	3.1501223075434593e-16	3.0857190998341767e-12	7.183720224348145e-17	6.737733419094827e-17	9.5961998625245e-17	4.634977714583701e-17	4.800249126246666e-17	7.505092854623592e-17	3.4212657851837976e-16	0.0043960253416503
K01419	hslV, clpQ; ATP-dependent HslUV protease, peptidase subunit HslV [EC:3.4.25.2]	2076.7352559997107	9753.94652450328	19166.964005482736	4414.021842185712	2795.4319172473765	3645.2740877930687	9698.933347590204	10405.922669931017	4628.542386291429	3723.897803203757	671.8764264955521	1952.1932572649275	683.0101530223938	1292.2614713075193	202.5011583088068
K01420	fnr; CRP/FNR family transcriptional regulator, anaerobic regulatory protein	27051.68782997516	31706.606005825743	24670.679642588988	23865.34641492844	69847.55570792903	35776.39936558906	14807.553952760409	36571.45410810586	11078.112806772187	7676.949807274435	5641.83813709421	5219.216646564983	6463.89490322509	36700.5153570244	1076.303223486917
K01421	yhgE; putative membrane protein	32424.04047806395	35812.48029175228	34311.58382668419	21611.80731994993	104002.5094489608	57364.35058112296	11566.322934394364	48672.54275979957	8579.063848982763	6986.050005124555	6318.001098226219	4872.959677464207	4956.017578777866	43028.34146889312	766.4816271811587
K01424	E3.5.1.1, ansA, ansB; L-asparaginase [EC:3.5.1.1]	49994.14738660162	41104.398002303016	121797.7185848321	27558.34441695395	85624.22371568703	47567.919733296585	11194.327418789611	74763.01748908205	25657.6636850127	8857.900436327116	5180.89176508997	6400.005625911915	3862.149191325575	36877.940298555644	1262.0640624344826
K01425	glsA, GLS; glutaminase [EC:3.5.1.2]	17655.91242217278	12501.318859842951	37199.012829368	17254.490687241778	62456.31000081142	28075.85463108302	2769.0579679826888	22518.73883721269	11063.866658012106	3565.057208913292	4346.568784294908	2214.366834798027	1109.434726954889	33848.36780156343	574.1094545802705
K01426	E3.5.1.4, amiE; amidase [EC:3.5.1.4]	2902.4281986543406	4409.715035352787	5093.455020703097	4673.832510178561	5331.70954661265	3821.163717725876	7565.569939837611	5066.156647349092	3499.9452392807607	2272.761428758751	678.5381438218506	7107.137356703253	997.0528939472111	3905.447034614213	249.398476333601
K01427	URE; urease [EC:3.5.1.5]	7.876437950216118e-06	0.1998133820598123	8.400597813807447e-06	0.0001645939108529	8.236610783285902e-05	9.99064304227746e-05	0.0001058804520381	2.2783237433412424e-05	2.1368786012849564e-05	3.0434439691199723e-05	1.4699876174467515e-05	1.5224036038058842e-05	2.3802473805584776e-05	0.0001085057717621	0.0002209383844568
K01428	ureC; urease subunit alpha [EC:3.5.1.5]	6075.463728717119	8414.717604205434	22705.233999457807	9446.571471146235	57951.04259839319	22988.6090621346	3088.579318550903	13813.450393335272	3549.609353414431	1787.457861339814	3970.0051722602793	2250.404415017314	624.3455222268751	32654.038188391205	235.5543238750784
K01429	ureB; urease subunit beta [EC:3.5.1.5]	5924.1766143810455	8327.548813433366	22569.332296931323	9352.146018132717	57894.95211106273	22955.31475919768	2872.0106566742797	13048.69818191506	3503.7627512662093	1752.826673199302	3943.328864399235	1659.659462861858	439.0928926249597	32545.22895376154	231.65066886854817
K01430	ureA; urease subunit gamma [EC:3.5.1.5]	5975.3158717637225	8333.352991016858	22598.12171185193	9364.244477890938	57897.96797345708	22961.24667988991	2918.139436287081	13089.013104668307	3515.03687219148	1760.2467194649976	3952.8839277495017	1882.364155895368	503.8312449500372	32544.80210784078	231.67345004797576
K01432	AFMID; arylformamidase [EC:3.5.1.9]	3.9539317921209487	5.970652592729375	21.040921073849606	10.74688888360236	72.2622566304664	25.231450398553143	340.12804056094814	51.83343138614368	158.43129659520423	80.48694370768528	15.511919824263725	753.8288569299884	44.96250606050838	410.3433539727507	0.1127179263176348
K01433	purU; formyltetrahydrofolate deformylase [EC:3.5.1.10]	6506.467972696295	4328.740105359972	28097.89410064496	9625.1078449799	3243.852847518733	2715.8786401791835	3603.356694827271	11208.3870262307	5672.131349420122	1923.0557315780047	396.85616405761857	1938.7390681103584	1110.166451705128	1208.1366632725244	335.79939904096045
K01434	E3.5.1.11; penicillin amidase [EC:3.5.1.11]	8.691110421913914	262.1654102778998	118.16123967172317	492.5553536239112	2669.415506664947	1597.0540937014357	627.6746247192477	138.02314572975564	273.7203788191839	910.256856905342	270.1549344914368	926.4203258776588	83.1628219245817	1423.060977623399	99.09328762972224
K01436	K01436; amidohydrolase [EC:3.5.1.-]	8194.67004918629	6593.020858826654	3308.340411516596	5042.798278518612	15151.341105664203	12589.600136690911	2536.683650443513	11539.296451405891	2526.6631339445576	2443.5922541230307	878.7217913370419	2346.88017098442	1021.5890768537768	2725.896907663167	267.9815660867139
K01437	ASPA, aspA; aspartoacylase [EC:3.5.1.15]	5.053733685470453	12.1700114639266	23.57994691896075	32.12982785897793	62.815266495627	123.66021910982144	32.97871851311744	21.212937358253416	8.952300880308588	29.10869957713981	3.6656800548162582	18.48149362575097	34.90487760304913	6.042714523643441	4.372516998756128
K01438	argE; acetylornithine deacetylase [EC:3.5.1.16]	16191.469379056916	12708.244433455237	52623.08485132397	11822.447232116529	2928.8255992825707	2659.5397967089966	5163.449851196523	23965.69369394543	14224.774053596328	4633.712580170686	334.77525940714185	2712.951791320477	762.2037595981352	1496.818829015638	656.8074622259717
K01439	dapE; succinyl-diaminopimelate desuccinylase [EC:3.5.1.18]	28658.34563253768	36756.523986083404	38422.00383792826	26805.85613349478	93847.70602462011	54872.32706548474	21571.0918565552	55473.163837595945	12796.7163051633	9210.43133961572	5938.183215447707	7466.0547822262415	7094.35506873749	38919.40290480434	1088.5684718135622
K01440	PNC1; nicotinamidase [EC:3.5.1.19]	0.0	0.0	0.0	0.0	0.0	0.0	0.0	0.0	0.0	0.0	0.0	0.0	0.0	0.0	1.389454458924435e-09
K01442	E3.5.1.24; choloylglycine hydrolase [EC:3.5.1.24]	42365.03740501597	41640.36567574335	84803.84103719583	30989.94934145432	108717.00520036522	53085.10354806227	14479.49719717466	56864.4737494778	21119.3593373358	9647.741487757015	7180.838362243848	4340.642551943975	2963.7462983862843	53949.86570822924	1231.0403024318414
K01443	nagA, AMDHD2; N-acetylglucosamine-6-phosphate deacetylase [EC:3.5.1.25]	40077.98463862408	38508.92096991824	67656.65394708002	38383.774401882736	91762.29932842328	48226.24977649735	25635.935592528243	56534.0899854812	21683.08071711979	13109.079606427773	7222.133554213187	6680.581306776455	6105.063263764468	45141.059132743656	1312.732867381396
K01444	AGA, aspG; N4-(beta-N-acetylglucosaminyl)-L-asparaginase [EC:3.5.1.26]	384.9349010456049	118.57500092574853	143.05760578925953	344.55421494805444	748.6043212697687	461.8850201094584	680.4235828483396	379.7878915577302	142.4519760423763	236.1944078108476	85.75201025072255	275.1237770228061	66.10890421552507	511.4381396177431	29.40673830309501
K01446	PGRP; peptidoglycan recognition protein	4.891028478634933	4.256482953801962	0.0747949260276044	6.461505651053402	7.924461349491071	1.9548218791534029	2.8355426357787623	1.3822854679154768	4.802406856192091	1.6860567519098082	0.13088077230958	0.1355475734639539	0.2119259018252903	0.966083765988863	0.0002209209882308
K01447	xlyAB; N-acetylmuramoyl-L-alanine amidase [EC:3.5.1.28]	9719.786546653786	9947.745482843438	40667.62880589175	18238.68716491569	26606.29700464429	13536.67885886068	6153.13261496268	15305.09028722134	12906.931877385232	4030.861820844484	1972.3872713278863	2258.7361723315244	1520.0850490456287	15762.01572992448	236.1389131320476
K01448	amiABC; N-acetylmuramoyl-L-alanine amidase [EC:3.5.1.28]	109182.5516034018	116242.86354631562	171265.61764296464	114547.84878607187	481857.4391217152	229091.04303103	53688.44066129615	141609.026091966	62559.125829116485	32596.375362014074	32807.48741663364	17426.13776827737	15415.902129364713	244521.0970915703	3482.589934534294
K01449	cwlJ, sleB; N-acetylmuramoyl-L-alanine amidase [EC:3.5.1.28]	27435.946604555134	26469.231656603617	14027.366630228846	25127.870351026668	74008.29445441038	39016.47484328491	15882.78720898681	42338.52198158106	14217.251087274017	9981.134588731464	5428.529931431818	3647.436726190845	7073.794485415852	35286.68394249276	1048.2996194422112
K01451	hipO; hippurate hydrolase [EC:3.5.1.32]	10389.413105057578	10091.259105542114	15262.306880930117	10027.74863008326	7863.97004679226	6215.480287824592	13438.612288900196	14941.04849021116	9321.844623087209	5050.219696999403	1107.59471890653	8627.45951459114	2077.69802525922	5039.671527524757	380.3813890262099
K01452	E3.5.1.41; chitin deacetylase [EC:3.5.1.41]	0.4077724970383204	1.659122091059921	0.3652272171491462	7.17772268343696	3.613518632926364	4.553297294085321	10.270231236467428	5.783626280778162	1.0878290980917926	3.090495711073665	0.7752317813203944	0.9688250497863656	1.2964248115856356	8.065350395163394	0.0726230460198676
K01453	nylB; 6-aminohexanoate-oligomer exohydrolase [EC:3.5.1.46]	1222.5467024050272	178.87462963950756	75.77366663273015	72.9227971402412	341.98702438419804	167.28617006741644	779.4127121484502	531.8911704111367	498.5221771784832	222.9166672724677	45.53388046462504	1378.805490074899	103.1877506587923	630.4879157038341	2.5733201972921003
K01455	E3.5.1.49; formamidase [EC:3.5.1.49]	131.6557294863829	78.16951108851022	118.32854984874984	149.1083490198245	139.70389898386483	95.32069808519682	528.3597905787907	155.11270442303947	186.14611727788812	104.73662752517092	44.29391696125289	1020.5555247755372	160.09611236949576	408.8674656085796	5.890950320898936
K01457	atzF; allophanate hydrolase [EC:3.5.1.54]	76.36516337755495	247.4077940633647	243.3374451084514	243.41317631152967	147.0420921877066	91.62793091302284	547.5790521320354	355.54457439267856	351.5129771141712	604.1752108621536	24.773314163906907	776.2325478540843	87.07337090870017	629.111203124563	28.308201910184327
K01458	hutG; N-formylglutamate deformylase [EC:3.5.1.68]	6.584315772926189	18.41755285169677	28.20186257987825	47.618077052531945	348.9962825003711	103.43836104352604	955.145187673682	163.11980006238883	485.8009009691461	216.19486470885468	60.403676759940126	2091.8920748078776	138.8080273008949	941.4814554217808	51.02151083058284
K01459	E3.5.1.77; N-carbamoyl-D-amino-acid hydrolase [EC:3.5.1.77]	0.0207480812349877	0.0920238459942189	0.022128821043852	0.4335726193421889	0.2169684706624307	0.2631731180276104	0.2789098617889977	0.0600155126025592	0.0562895703476626	0.5882706087323201	0.0387223548182391	0.0401030946271034	0.0627003809632486	0.2858254684689186	0.0
K01460	gsp; glutathionylspermidine amidase/synthetase [EC:3.5.1.78 6.3.1.8]	12.40373784645838	53.10999999799308	35.28713457410693	74.0999999971999	156.33999999409224	157.83999999403554	95.97553664614638	70.02999999735371	75.10999999727284	74.0999999971999	32.11999999878625	25.909999999020915	73.66999999721617	69.81999999736163	15.419999999417309
K01461	E3.5.1.82; N-acyl-D-glutamate deacylase [EC:3.5.1.82]	0.0177943730220552	5.078907928525176	0.0189693524292227	10.36166767524016	10.175989312576636	23.24067792497216	38.20953175537448	0.051482796962506	0.0482761243630118	0.0687379565087273	0.0332157132188649	46.99442690453325	0.0537905101662834	55.2151405553551	0.0019669027025547
K01462	PDF, def; peptide deformylase [EC:3.5.1.88]	76782.49953302293	80579.53663546791	151173.31320062495	69080.43851038246	219906.8517828267	117783.02883960074	33996.16946155025	119363.77138371656	42335.859621509495	20972.178499264053	14146.32736929926	11043.453989387115	10674.470552941197	101212.05604419878	2230.8989345323826
K01464	DPYS, dht, hydA; dihydropyrimidinase [EC:3.5.2.2]	17188.793570882954	20402.455075488982	8455.057104511949	16300.767535502662	74027.97476372379	37451.09148934892	5798.46753894704	24947.0273395079	5434.579810800409	2995.080165088561	4792.56491856142	3596.86773921468	4257.066494874807	34573.570719364	621.890912798788
K01465	URA4, pyrC; dihydroorotase [EC:3.5.2.3]	55863.10058332233	54696.55711165283	117533.054738603	44516.42710279838	91893.58246146324	54345.31979474535	22790.63952096717	80582.32185552272	34159.28918519312	15347.715597011567	6204.062873463003	8031.123683499028	6682.593302702261	40717.87234583579	1720.3573291127152
K01466	allB; allantoinase [EC:3.5.2.5]	1384.1857070154706	960.7209990117764	529.9456767407833	678.2017368883288	1736.5966327045358	1689.8251471534286	1205.9310019904442	1141.0849364364958	358.60362514510325	298.26415636992675	236.0175773119664	649.6644026446647	735.4816680255985	617.8653481448018	111.92077780314456
K01467	ampC; beta-lactamase class C [EC:3.5.2.6]	24.326703396359587	101.3957575623065	69.01491638805528	170.34110952786793	624.5343046921753	485.920882911408	514.3589583335272	110.35334643210324	129.38487793673676	132.67148981605845	91.43554105745672	307.86651075557234	103.01154589695795	291.2461653333147	16.02171364460791
K01468	hutI, AMDHD1; imidazolonepropionase [EC:3.5.2.7]	9420.217014949889	4276.616868336536	35911.03695601198	3533.103171388809	4558.546143458828	3934.4385208103167	1658.985273265148	12207.670231394492	5914.916964987381	1260.100058976588	460.2118357273709	1842.2008987020183	523.5417657941666	1241.9481745327955	119.47667843742464
K01469	OPLAH, OXP1, oplAH; 5-oxoprolinase (ATP-hydrolysing) [EC:3.5.2.9]	19.9341360689556	48.440531034472926	581.7985865593537	1356.4720828808506	1288.0076438174974	632.3609381276633	1051.0029323872702	157.12683749455235	349.3034141776453	287.5769667819003	113.2761969334773	1466.0570991432062	203.30950733880107	778.606172466807	58.51541529021459
K01470	E3.5.2.10; creatinine amidohydrolase [EC:3.5.2.10]	9543.315549097477	8266.703525973551	22026.364324935683	9758.759141854787	6143.94242922074	6391.359024322015	11042.913321981929	11900.026856349366	7851.351941580828	4240.902353704612	896.8064286474348	4738.229354885574	2107.2524457389354	2458.517552350004	345.9880959569334
K01471	nylA; 6-aminohexanoate-cyclic-dimer hydrolase [EC:3.5.2.12]	0.0002495071435978	0.0011066376064782	0.0002661113028865	0.0052139503681846	0.0026091657706872	0.0031648021909645	0.0033540452318493	0.0007217197075443	0.0006769131927298	0.0009640919108799	0.0004656577171959	0.0004822618764846	0.0007540067334156	0.003437209224192	0.0
K01473	hyuA; N-methylhydantoinase A [EC:3.5.2.14]	1417.2956466837209	1373.450613287793	2274.415735710076	5246.4679936489565	3502.7460791188123	1932.7348974567767	1382.0745807087771	3080.3864089700846	720.133913877287	759.0045857064102	279.3439506277472	1751.720668036277	1076.861624235787	814.164597465786	114.89740212527607
K01474	hyuB; N-methylhydantoinase B [EC:3.5.2.14]	1403.2949067776613	1198.406854451559	2190.1229869535737	5067.041497533413	3504.348315825242	1935.4387779539456	1419.7887512708176	2734.440706573353	686.6080045430768	764.6976725657978	262.5072594411097	1673.9903918977643	1046.7936405726978	852.7151988227414	121.6478652653606
K01476	E3.5.3.1, rocF, arg; arginase [EC:3.5.3.1]	6475.58186943817	3143.918945589321	9553.935951846484	8365.267085253632	60740.83782650855	25786.912989875625	2512.3031154749297	5791.740451385054	3083.3908739383296	1133.753607083754	4237.033415306564	1343.8312286734044	718.3122242544149	33020.228140093786	173.0468649886345
K01477	alc, ALLC; allantoicase [EC:3.5.3.4]	8.036185578129825	28.56238661682426	37.03776624465081	85.61553884587815	377.06108887634514	228.8037632652168	363.7633510639262	26.23185970333784	45.62222722121407	53.34586626365039	30.68284879795514	189.1395097805492	16.874596140242474	137.8071449131672	0.039472316995275
K01478	arcA; arginine deiminase [EC:3.5.3.6]	2597.20732990169	2305.810201969118	1915.6011669926952	3055.2263459927326	3190.4239999128404	2473.9098127396087	960.790205122854	6075.606169156939	1264.8203227752915	1625.111787213864	227.1393308899107	485.9530913512392	1054.1902827154186	551.0192156396386	72.1518040058009
K01479	hutG; formiminoglutamase [EC:3.5.3.8]	435.25971279767566	494.3504693318526	325.715545895673	479.5831709115516	522.866388122516	653.3104923697267	595.9358901604801	1316.698230882159	211.72183579913008	268.3194759811807	126.23848626862537	353.7816260927776	187.83565928129804	324.121686632963	26.46911003926973
K01480	speB; agmatinase [EC:3.5.3.11]	12994.658764065298	12154.826855592872	17752.261879340083	9668.495563569431	6752.138577695829	7344.987100406025	8217.498868823037	18607.99248881667	7083.511741219643	4549.274247586891	991.6376106137124	2438.12714732679	3158.2298361216	2884.061949740697	396.95325713171553
K01481	E3.5.3.15; protein-arginine deiminase [EC:3.5.3.15]	0.1449798460438443	0.8783804835791689	1.3427456431091138	0.5232846013881207	3.729437222342258	0.762179132743197	12.04225382015285	0.5731635318620898	0.3928894204034631	0.2942653783692481	0.352055105415279	0.7351427063192663	0.6619301627603265	2.0712979800575466	0.0783349496596703
K01482	DDAH, ddaH; dimethylargininase [EC:3.5.3.18]	2166.45812671724	1346.7649119329185	1143.4793886588177	703.2647685383444	278.51504247128594	222.2857025132251	395.0385076735497	1849.88484477941	359.68444838250525	131.9630245687032	28.72824850078599	157.53767938273302	509.66451207803857	79.92877264248324	22.733214917028636
K01483	allA; ureidoglycolate lyase [EC:4.3.2.3]	909.636481354332	2086.9172710951416	1141.3750776123186	2124.739358009579	1219.906236774829	1180.0516386341858	3813.392086670449	1290.6362560820514	2193.404954449221	1500.0147538840308	279.1781697653472	1099.3174654792615	373.9603294827464	730.8759512093893	107.54608995809131
K01484	astB; succinylarginine dihydrolase [EC:3.5.3.23]	14.000005524967	66.86175187027776	41.30866290717726	122.5258862829452	354.6435014943597	323.5105168689533	371.2177378034586	91.21743607418946	101.57650959343351	117.80091889210924	47.814113922623065	183.80948736478211	84.30447731062705	281.4714647371478	66.50002200508155
K01485	codA; cytosine deaminase [EC:3.5.4.1]	3522.557355348224	3135.731355671993	5800.397556091695	6045.636209747503	49878.91656765977	21884.756203231227	2223.137138941433	5213.0173398990255	1872.2034734297688	877.2857262671628	3536.298879074157	1887.4374533512805	753.3193187607786	27128.0521747328	177.94074013295216
K01486	ade; adenine deaminase [EC:3.5.4.2]	19569.18110488655	15511.34451027112	11402.97758374084	19289.920264979508	80299.39438294267	43657.12680308237	6834.885958980219	27586.923443525706	5100.3216575215865	3176.8636265681944	4903.784404683754	3168.4940761056223	3547.12310958355	34371.96393414684	573.9697693754174
K01487	E3.5.4.3, guaD; guanine deaminase [EC:3.5.4.3]	10547.26549095318	11421.765943006918	20452.31603278661	16059.72979340142	62585.53970676452	27701.53439921528	5763.189807679936	16124.409303263905	6825.23170507151	3170.849800901794	4489.250383810714	3749.633197661652	2391.760469634974	34616.52243641705	673.2874128969736
K01488	add, ADA; adenosine deaminase [EC:3.5.4.4]	11838.669012977263	18892.634294445816	23634.56227174405	7591.728249088417	13509.863769196414	12953.835843297988	7869.910517137749	22546.26767049233	3361.4922294822745	2651.132565810469	775.2429776400637	3875.793065261669	1976.5215245778545	2715.381043830442	412.6656438946256
K01489	cdd, CDA; cytidine deaminase [EC:3.5.4.5]	60245.16127251429	39398.1449722184	92953.03334214356	36337.39968099177	138198.04234654753	66535.12994163926	13078.321471737936	67243.15200045503	27589.906006489524	11353.30784281735	9235.846784888829	4574.2454111878415	6307.399459368918	68696.90881367747	1563.3174654782158
K01491	folD; methylenetetrahydrofolate dehydrogenase (NADP+) / methenyltetrahydrofolate cyclohydrolase [EC:1.5.1.5 3.5.4.9]	54496.3027721586	53822.564373197456	117286.79759087786	39577.42094276476	92870.588080789	55729.26153936245	21610.445772401014	78888.90265812934	32191.766815268144	15044.34885582284	6135.924953048426	6607.1011162398245	6134.777259164105	39561.41501344726	1546.2756155706472
K01492	purNH; phosphoribosylglycinamide/phosphoribosylaminoimidazolecarboxamide formyltransferase [EC:2.1.2.2 2.1.2.3]	10064.160752140306	10760.716249637391	15794.282267026334	3412.786629353769	1223.9031876919682	1251.84393737381	1791.2502964443568	9490.604293120858	3215.855086952959	1096.378814301354	168.839675550022	847.1184607853005	1399.0938903340768	438.4575024250273	223.4243736091595
K01493	comEB; dCMP deaminase [EC:3.5.4.12]	52121.99329708609	53636.68062144208	112494.10925229405	39308.7547463594	89514.05378286769	52045.3032310632	19610.061636872266	77857.62004695146	30893.57791265533	13846.042948595388	5849.31939409198	5368.805429971086	5968.7169951425385	38535.9421641996	1473.3205925168324
K01494	dcd; dCTP deaminase [EC:3.5.4.13]	4062.9223585928585	5177.057840032334	10477.866214037576	6257.271032626115	4181.659353940418	4149.214947524451	4441.3101294619455	7922.198567410991	2690.037088478487	2076.9165759879875	381.5040064007616	2405.561591816284	2777.4908837806365	2126.58773961634	214.13183855321253
K01495	GCH1, folE; GTP cyclohydrolase IA [EC:3.5.4.16]	28466.3045982996	26020.02423999945	84881.81315997074	22430.204382767995	69412.77991558243	32672.63807736816	7431.58531827156	39393.79166127698	20023.564344156395	8099.888518010581	4932.899064876099	3551.1529923793146	2541.0486924732672	36891.3343222247	966.0888233137376
K01496	hisI; phosphoribosyl-AMP cyclohydrolase [EC:3.5.4.19]	10072.84208540849	13265.254435841349	15692.751336195004	15267.19155053414	67547.14951931266	31475.07156590228	4722.687337117892	13378.926114828251	5480.841510484395	1814.766511615536	4181.0399050140295	2531.883617992525	1264.1196575010051	34900.09124039519	386.9095973169759
K01497	ribA, RIB1; GTP cyclohydrolase II [EC:3.5.4.25]	24.230051104241085	54.08056948403256	499.0495780887961	1065.627023525852	1052.1803521166307	717.402848635184	429.1028709097836	98.87374463426222	58.04375586641504	199.07545859025703	64.5593141481191	255.6426572135588	118.43696378596846	325.90834229105093	61.76925632424811
K01499	mch; methenyltetrahydromethanopterin cyclohydrolase [EC:3.5.4.27]	501.8704323315399	656.6450162868462	293.24336352223884	549.2387268499493	175.4588409424673	171.5839754335816	228.4696758952228	1668.4132039802482	197.2647873382042	133.40183282948743	33.67720805435739	48.420183885531486	711.5744979956794	18.76848672561596	10.977960433833406
K01501	E3.5.5.1; nitrilase [EC:3.5.5.1]	2959.9911358362856	1605.2718442122532	1876.11521236372	814.2046827905865	545.0872563393525	393.7704128861071	1275.617824648723	3103.155635046078	938.5188510355684	333.68436157388123	71.57087823901213	1647.2378594873262	232.43832188582357	833.4396606997504	78.00727752339056
K01502	E3.5.5.7; aliphatic nitrilase [EC:3.5.5.7]	11.692885351254825	14.691987628309391	17.679087032788175	32.69903256625419	87.54424261139762	30.611895106969875	378.2922056873314	75.74502365349507	169.25473795260396	75.31717482779118	19.17966759095007	688.3875353829217	48.80479683118397	438.4127858503604	21.370217413402425
K01505	E3.5.99.7; 1-aminocyclopropane-1-carboxylate deaminase [EC:3.5.99.7]	568.1082393703433	111.3136045422734	568.9371632823606	1339.88326502082	1367.840025985088	718.8780087200528	768.498573349698	231.3368463597532	281.22055520635047	284.81762860598377	89.49647355754755	1070.1028184224708	98.45206288680924	544.7754085538063	22.69255242528234
K01507	ppa; inorganic pyrophosphatase [EC:3.6.1.1]	16951.528666269216	20609.123617277	16323.00293870244	12675.349957696752	21706.506500257976	19100.584448318248	8957.541950055574	28427.96683518624	6955.359965583514	4263.35749886574	903.3068818892884	3525.6918031786336	3718.160995760229	4491.547222447245	633.6237853706227
K01512	acyP; acylphosphatase [EC:3.6.1.7]	14126.120236250345	17449.150881353547	28799.788622587286	12416.688050406734	77209.54988815064	39967.14096048936	7735.606678413385	29983.309289731864	3578.2566846506584	3443.8548623450947	4581.838229395237	2449.592743585761	1717.19297576352	34880.25544329177	481.3454532896707
K01513	ENPP1_3, CD203; ectonucleotide pyrophosphatase/phosphodiesterase family member 1/3 [EC:3.1.4.1 3.6.1.9]	0.0008610827134143	0.0031511826599589	0.0007296871746051	0.0144212053480116	0.0071741384152326	0.0087151078917308	0.0092659661360389	0.002022747707126	0.001985205096027	0.0026960856683963	0.0012768509278188	0.0013223801554264	6.50018826740768	0.0094249566257494	0.9229635232292368
K01514	PRUNE, PPX1; exopolyphosphatase [EC:3.6.1.11]	25.065198709051277	0.4789425521202779	2.8828972040130765	4.349692276545468	0.3355791040721833	1.2955125389619964	0.0026613909769627	0.0679470008995036	0.0372054304162539	0.0269385103438744	2.116016298612444	0.0161862463688786	1.343649446143459	0.0010919391005513	9.952663834987846e-05
K01515	nudF; ADP-ribose pyrophosphatase [EC:3.6.1.13]	45616.79030831327	50585.8177938571	54482.99103356341	34650.906095088256	151074.35071260488	77970.95337839259	19351.976106190872	56906.01260957011	16688.585458133304	10952.502919125523	9917.64944953368	5326.433525442524	6345.686733369938	70869.49803123364	1138.735180373733
K01517	ADPRM; manganese-dependent ADP-ribose/CDP-alcohol diphosphatase [EC:3.6.1.13 3.6.1.16 3.6.1.53]	0.0	0.0	0.0	0.0	0.0	0.0	0.0	0.0	0.0	0.0	0.0	0.0	0.0	0.0	0.0003070312584063
K01518	NUDT2; bis(5'-nucleosidyl)-tetraphosphatase [EC:3.6.1.17]	1.2757532537498904e-20	5.658292660469171e-20	1.3607281321265606e-20	2.665907742651049e-19	1.3340938346698546e-19	1.6182164268494745e-19	3.79472201420958e-14	3.690246559244949e-20	3.46109436270039e-20	2.188350273882353e-14	2.3809224436570436e-20	2.46587949430982e-20	3.855382310987899e-20	3.0652739912282517e-14	0.3390095496862682
K01519	ITPA; inosine triphosphate pyrophosphatase [EC:3.6.1.-]	0.0005739442221998	0.0025355093785998	0.0006094002165635	0.0119396771249592	0.0059745159612621	0.0072466531282981	0.0076809115598038	0.0016531024198245	0.0015518043038794	0.0022081670692622	0.0010661641593393	0.0011041808374183	0.0017263645063355	0.0078697917969701	0.0
K01520	dut, DUT; dUTP pyrophosphatase [EC:3.6.1.23]	56276.85853342058	55644.81627273424	109132.13607602856	33394.14601788546	87383.32403652325	50459.2038394088	18004.620784075138	77044.0753650954	27968.480157052323	11717.295876996935	5412.167725460815	6347.482368102128	6198.301518079503	37538.82200460738	1518.15223109393
K01521	cdh; CDP-diacylglycerol pyrophosphatase [EC:3.6.1.26]	10.30023063145786	54.381496116932034	22.999508127114503	89.87961643981303	203.83073450752823	177.5487214117598	142.2232712308501	72.97563568724105	77.68536417839756	81.76875772475823	33.21252296481104	49.47636783032095	76.4032338995631	83.6438236567783	15.66040593286616
K01522	FHIT; bis(5'-adenosyl)-triphosphatase [EC:3.6.1.29]	2.041643930056007e-09	9.055291641989552e-09	2.177510905793543e-09	4.266422983855167e-08	2.1350039848238892e-08	2.5896650051134325e-08	2.7445170466848734e-08	5.905621133176697e-09	5.538982536465346e-09	7.888881935328213e-09	3.8103408106392865e-09	3.946207786376822e-09	6.169816416081315e-09	2.8125677075667574e-08	0.0029242439610893
K01523	hisE; phosphoribosyl-ATP pyrophosphohydrolase [EC:3.6.1.31]	8815.078327134597	12533.89649317682	13014.044957665055	13189.426992012151	67730.39679643622	31495.630426554148	5135.740126213734	14380.393501869325	3334.862001809003	1668.673714748098	4220.547407454077	2724.1502556359246	2034.472639349404	34152.90352982341	378.3838554371794
K01524	ppx-gppA; exopolyphosphatase / guanosine-5'-triphosphate,3'-diphosphate pyrophosphatase [EC:3.6.1.11 3.6.1.40]	27749.80420487332	28663.92827064692	50120.98300351169	30802.817137682643	134651.87436465273	62897.91108834285	10297.876467638602	45306.71495453937	15932.668136270118	9320.604437105252	8941.115035415742	3761.01860702168	4305.497725377079	67737.004131716	960.6470427925703
K01525	apaH; bis(5'-nucleosyl)-tetraphosphatase (symmetrical) [EC:3.6.1.41]	271.088315384471	290.61620187687515	1022.4559105805328	271.9989706795712	438.9796499759496	360.6377494547186	782.1579992149615	869.4844927525145	430.5679332003722	203.36568378125983	63.23168800500041	1000.145539898072	132.40964286788204	678.7833139632008	66.69883331330865
K01531	mgtA, mgtB; Mg2+-importing ATPase [EC:3.6.3.2]	15798.461200908028	13173.842257064964	26844.07820204896	10561.009356782355	13644.341928014095	13843.124745093608	9691.121260354548	24946.58481344026	9961.993525982449	4960.752246384434	919.479534679135	2645.952629904341	2922.930219364722	2015.4371851091448	416.7004596974377
K01533	copB; Cu2+-exporting ATPase [EC:3.6.3.4]	38154.213687987736	39612.85170720555	118577.20240238064	22620.40418109158	15677.116834052686	14286.404296105316	12640.35044028142	59519.14721000204	24886.55048637594	8037.946463326881	860.3610828765122	5604.319744356894	2939.161912796206	3645.7177008198632	1147.5850588632725
K01534	zntA; Cd2+/Zn2+-exporting ATPase [EC:3.6.3.3 3.6.3.5]	61489.80070126732	59819.25826109994	103966.68191008845	42360.49381114525	98119.71168935034	61403.336999263054	30745.858666332355	85349.9782565163	32981.293587766886	17514.29546938146	7174.484478978589	9972.602065369612	12083.68313251342	41001.49277804144	1522.2169117156454
K01535	PMA1, PMA2; H+-transporting ATPase [EC:3.6.3.6]	442.0203040350875	393.178726806207	358.3646797880129	177.9577129043723	368.62935207113	637.7469105498396	103.32386091396668	264.8091225131499	47.56410324609772	132.80441766278489	13.74121172399359	79.60963625265813	151.6677130670953	11.393446944301829	18.89921486990819
K01537	E3.6.3.8; Ca2+-transporting ATPase [EC:3.6.3.8]	71670.1806766369	69041.48618147895	151382.78264330223	60245.62315953078	234451.2177300226	120513.11116241183	27355.778420287774	111351.06992852142	38860.17394839368	18707.99452880264	15724.220210116271	9424.282089738212	10714.918830015107	113007.60366078324	2187.227740184887
K01539	ATP1A; sodium/potassium-transporting ATPase subunit alpha [EC:3.6.3.9]	0.0113210356871061	0.0270123241210731	0.0556166688856456	0.0736907856030201	0.1473867738878818	0.2890089762953805	0.0500550019970811	0.0476721737136736	0.0194684354508967	0.0675360129845244	0.0071484848502223	0.0405184861816097	0.0796530589933803	0.0053639649785875	0.0100592008565619
K01541	E3.6.3.10; H+/K+-exchanging ATPase [EC:3.6.3.10]	3.659059313863432e-22	4.336937279483572e-22	8.52681670544293e-35	1.670669325900089e-33	8.360365771554769e-34	1.0140752346337868e-33	1.0747130468913617e-33	9.894054897073676e-22	2.168985179244261e-34	3.0891716819626993e-34	3.385685576923653e-23	1.5452777015490727e-34	2.416010571804052e-34	1.101360698137573e-33	0.0
K01545	kdpF; K+-transporting ATPase ATPase F chain	0.003130671797164	0.0168802009274058	3.2347635217738566	6.479195575149088	88.81253909066837	52.21774127957264	326.3877615528863	54.41800135231619	157.44535301496944	70.92109203068009	15.010208850569215	679.0733498269748	46.06334863941249	298.2811025495506	0.0049010110753214
K01546	kdpA; K+-transporting ATPase ATPase A chain [EC:3.6.3.12]	20183.49770331102	13083.42129664764	38364.29213067424	17979.40845635552	19844.824111953003	18232.23516427885	8503.835377195597	32362.14284416866	14618.23865923352	5789.179589653983	835.6254641048231	3755.173845410668	2929.5133870425248	3325.5787922572604	675.009947659958
K01547	kdpB; K+-transporting ATPase ATPase B chain [EC:3.6.3.12]	19786.18496057505	12446.50623320134	41646.78573263779	17744.904127923586	19742.81452070303	18108.691095861068	8264.02157169766	31988.30161832889	14960.261469792367	5639.696113822161	801.6519326765157	3757.999046293942	2843.266359120812	3326.1726493633323	626.2816729708438
K01548	kdpC; K+-transporting ATPase ATPase C chain [EC:3.6.3.12]	18949.65849015341	12234.441073258664	37983.2739427228	17623.6437934405	19671.32612592225	18077.440604538675	8010.161866237018	30747.33443643964	14252.069388606673	5471.05972639539	774.0252467223415	3287.6369905069187	2728.3157530668923	3263.361059257421	617.3966867855756
K01551	arsA, ASNA1, GET3; arsenite/tail-anchored protein-transporting ATPase [EC:3.6.3.16 3.6.3.-]	4577.868429074733	2827.9783846560185	8942.500862619669	4418.303114822942	3912.146371244672	3004.274349365798	948.6846545300268	4792.569226904265	2768.2904850498526	2056.5618789373057	291.1204001189347	427.5681722315509	572.7730057163808	878.3271318194527	101.75665302110716
K01555	FAH, fahA; fumarylacetoacetase [EC:3.7.1.2]	4.273666850963364	21.19822553054555	539.7946238198666	1313.910949793789	1206.5465004894654	563.2575927927719	662.7707009130083	92.52533782499292	184.82818124482264	217.9397264699992	80.46399164176815	986.6128261540664	93.10326891528078	616.5096205287481	1.8921855600907933
K01556	KYNU, kynU; kynureninase [EC:3.7.1.3]	76.17637076785094	47.569967010336526	31.192423547858244	88.17633812967462	319.87586253811367	164.17865298497793	1013.076940889326	233.9712798289596	356.6429987600593	173.7990651394158	75.57112003256682	1458.92405186011	122.24292723964192	747.6034813610618	57.68012151869881
K01557	FAHD1; acylpyruvate hydrolase [EC:3.7.1.5]	0.0	0.0	0.0	0.0	0.0	0.0	0.0	0.0	0.0	0.0	0.0	0.0	0.0	0.0	0.1456719990141335
K01560	E3.8.1.2; 2-haloacid dehalogenase [EC:3.8.1.2]	15049.00960312952	14609.457580878145	26471.356023157878	6754.248093414169	13680.981105219767	11427.94862543587	7263.694497306713	27336.645935143657	4971.524026019511	3488.320658938834	781.8186862196109	3303.6128197909075	1873.5577190380752	2847.056082931223	362.6556029294455
K01561	dehH; haloacetate dehalogenase [EC:3.8.1.3]	41.54860359433695	46.30145300088735	74.0794428210884	82.8069942914272	296.9227050666421	191.64623298763365	567.1433481905241	106.75405102233438	212.56622550652503	115.67598779275662	32.04234670556426	901.5850271583612	61.606907029545006	446.5865256739676	51.256860388319936
K01562	DIO1; type I thyroxine 5'-deiodinase [EC:1.21.99.4]	0.0	0.0	0.0	0.0	0.0	0.0	0.0	6.1508229439064745	0.0	0.0	0.0	0.0	0.0	0.0	0.0
K01563	dhaA; haloalkane dehalogenase [EC:3.8.1.5]	1.9380977258342904	6.278046161038122	524.484525789335	1398.4520224659263	982.6794256395935	411.3530496847361	371.61139746033376	68.37351583219396	169.0308894091114	190.84744000209585	68.37993746087132	721.3811997350308	90.61103926620328	305.684999565099	2.406906296253104
K01565	SGSH; N-sulfoglucosamine sulfohydrolase [EC:3.10.1.1]	56.96630898637618	70.08368350575363	5.87491154053279	52.863678228489306	88.46149759534518	122.27884388650524	7.68990691944056	68.82636653414437	1.1305927644424965	9.057046658818964	7.24358283148375	1.0870179436201273	63.1370207593369	0.3675888851957587	0.2191874171345567
K01567	pdaA; peptidoglycan-N-acetylmuramic acid deacetylase [EC:3.5.1.-]	19578.307361044725	16511.903583785657	15165.559045289529	18095.69374800903	79924.61754609033	43711.07719770317	9357.052603877972	28338.04567156127	7123.62174084563	4852.525515216492	4739.073699780473	3237.9449585229763	4207.087498606697	35268.84947138895	571.7982389574917
K01568	PDC, pdc; pyruvate decarboxylase [EC:4.1.1.1]	0.0645661346456463	0.2870696036735117	0.0687923010725517	1.3478472848609266	0.674484729459021	0.8183730656683411	0.8704560188817938	0.1868481596800484	0.175167759251928	0.2493349850874369	0.1205456563483691	0.1250496656737516	0.1952420807681207	0.8895038680300702	7.063797674105701e-05
K01569	oxdD; oxalate decarboxylase [EC:4.1.1.2]	509.3861350378156	672.9501225666951	294.7990865330977	599.4549992420997	181.41881382569608	204.6121185378532	348.6062905147006	1701.148425523356	212.59290650692893	149.12176858634848	43.18897084747488	76.87324247964261	733.8870571556331	116.8385358014816	13.572976733015407
K01571	oadA; oxaloacetate decarboxylase, alpha subunit [EC:4.1.1.3]	30521.800880338076	31861.999234777883	25538.048106051792	18952.5646936215	24995.911751180603	23783.32319352047	14291.112241362567	36749.93544070901	14374.911443418196	8168.226554113473	1276.537098175542	3491.7578088893165	4587.068801988089	4011.721895965009	759.5018586042903
K01572	oadB; oxaloacetate decarboxylase, beta subunit [EC:4.1.1.3]	62774.80474887994	54870.98602075966	100114.05360607532	40791.20578021718	39013.10079800237	37204.06468081223	26056.917330164848	79451.70327170855	34428.770268460226	14946.532988189869	2166.3184856668067	6901.061117020085	5928.098042731261	5740.815602112156	1727.871540793186
K01573	oadG; oxaloacetate decarboxylase, gamma subunit [EC:4.1.1.3]	1097.1450193241103	441.8161327688084	9981.02479396169	935.307179551247	533.2551732372077	562.8199868896041	559.3934693645394	1264.1795845569302	680.8680016203525	178.25612377398627	25.45007431283134	554.7497818316527	174.40055144965123	126.30837451206614	11.284605663899397
K01574	adc; acetoacetate decarboxylase [EC:4.1.1.4]	54.34909875235697	721.5812616625076	409.2943045886778	4769.058212297001	45946.26899957271	17932.43483767822	512.7527811686009	130.17545943230652	34.78719845863422	22.677973703746105	3112.822369163752	245.7977764838978	174.93017405397205	25642.01464847478	47.27808909155058
K01575	alsD, budA, aldC; acetolactate decarboxylase [EC:4.1.1.5]	1468.0534790893323	6718.034667522639	18919.706852782605	643.5559006346062	2632.394445564865	2220.016693343068	2157.7896419169056	10584.464177178565	1036.617789977036	1268.2892617821492	271.9765373231088	302.4892126839377	118.02924995793234	1023.4260647491164	25.229458468753545
K01576	mdlC; benzoylformate decarboxylase [EC:4.1.1.7]	6.553898146282969	23.221423040510604	152.6000075867389	495.6301286040342	529.793724394428	221.86922313946704	422.75650483764497	72.4513839032167	190.28115975934708	131.9040868162141	51.03554613090156	764.6113850629406	66.19087604381285	334.8004235793825	0.0813744696043229
K01577	oxc; oxalyl-CoA decarboxylase [EC:4.1.1.8]	3465.976154920292	3158.597490466635	8680.672951361792	2842.381470092256	714.8572295346514	654.8804462421424	933.833561870832	6532.0222863367	2924.908987376	1398.772620426332	91.65790421080683	198.127915014214	101.92257112581356	163.09109116140726	201.51424012472583
K01578	MLYCD; malonyl-CoA decarboxylase [EC:4.1.1.9]	6.296855888016168	5.127749775324145	34.15714987354563	15.99	91.58	24.13	308.97	51.0	157.86	73.42	15.0	743.82	44.0	315.97	5.285438557726676e-05
K01579	panD; aspartate 1-decarboxylase [EC:4.1.1.11]	24030.405824731988	26943.809273448725	74960.88079507083	24147.54488051478	62446.92773210452	27089.67042762399	4136.7661588150495	35348.91391068367	19228.323887058505	6850.326005873481	4286.931311286162	2698.8837404493333	3072.9702159003546	35189.8128377959	834.4094263658707
K01580	E4.1.1.15, gadB, gadA, GAD; glutamate decarboxylase [EC:4.1.1.15]	11157.69440137069	9671.57570476462	33069.22353300359	12057.457943411437	3139.736072305596	3358.2589973617014	3887.9022680936655	16196.869317657314	11067.303693435528	4252.884768297353	408.4834649584991	1190.704359795966	773.9095092935598	1284.664406217997	478.42373504087936
K01581	E4.1.1.17, ODC1, speC, speF; ornithine decarboxylase [EC:4.1.1.17]	1056.383316651796	6386.798448279458	17616.11942927272	6319.660678166738	58536.18761997621	24012.585060446643	3497.392524734359	8579.461368050179	946.6222270248868	1478.2795404389703	4082.687532040404	1263.096856939963	456.6877894133344	32626.502060247647	92.9139921474028
K01582	E4.1.1.18, ldcC, cadA; lysine decarboxylase [EC:4.1.1.18]	5863.840234992734	8236.768184075065	4576.303516893349	6875.803374390298	3658.031970340824	3778.955346785535	7509.051756712735	8747.077468006402	5437.542067892507	3174.449478355912	554.7004844483458	2167.371658287069	1991.1146979840632	2130.9208161916204	238.95681609230584
K01583	E4.1.1.19; arginine decarboxylase [EC:4.1.1.19]	2677.2759271602763	4000.700949937	1973.3752370369268	5849.4807819335165	1478.6740414596388	2039.3710311257	3450.1763127316835	6979.884320881152	2993.8897573507743	2477.2088620712093	281.3520293081284	756.959416063157	2291.108375551717	435.57689884344177	130.7394597545943
K01584	adiA; arginine decarboxylase [EC:4.1.1.19]	22.049787380505204	120.83331135139264	72.12036750860939	234.29322963354997	635.2833872955423	428.84090268786775	826.2985013416928	202.26489497831648	332.4337570760862	263.447750955542	89.13927220815414	957.8640230785307	186.38696373067964	666.3438711342594	79.28217344765152
K01585	speA; arginine decarboxylase [EC:4.1.1.19]	18195.380347322203	12055.081482525486	74266.51112718589	15924.864835867436	6943.464859822385	7264.806429490129	1942.665138498064	29249.298522575074	18466.383353194105	5016.958252886111	547.7730837406365	1551.2919758187068	978.303976119146	1671.904894919473	591.8562862673879
K01586	lysA; diaminopimelate decarboxylase [EC:4.1.1.20]	60776.659094972354	65386.99898350137	114405.08391790642	46643.94530451129	104632.68611063644	60314.56945434405	24366.14237960692	84406.72967843656	33227.52008357638	15763.629927873326	7042.783110841538	7760.526019345909	7658.139723834543	46331.8908296271	1868.302089007987
K01588	purE; 5-(carboxyamino)imidazole ribonucleotide mutase [EC:5.4.99.18]	50812.07323040592	51959.03080278916	111982.87227251571	37934.27313986822	82843.9888882106	45783.26022240458	19945.26791009503	71866.03178608266	31151.00226568586	13343.889359173503	5843.075270750782	6519.660281856481	5965.990135141381	38914.65367211484	1466.8360836319848
K01589	purK; 5-(carboxyamino)imidazole ribonucleotide synthase [EC:6.3.4.18]	2909.322648632955	11211.191349250485	34043.05479381849	2640.6957749330813	4600.7534935323965	2640.2846638847623	4557.166339444177	19898.464139233496	1539.726756117316	1935.643310591092	557.9728716849564	1574.249315101128	307.3979014650091	2140.1848124059384	79.67531878139543
K01590	hdc, HDC; histidine decarboxylase [EC:4.1.1.22]	145.431729501838	50.81913531656281	581.8554538004972	136.78413294277095	42.63989256539048	36.34140094240853	233.1982679230589	882.9585641357028	138.27059115317772	154.395617296913	11.28843428474179	18.752465860614656	15.644980904786724	104.6883967739694	1.6785653722427791
K01591	pyrF; orotidine-5'-phosphate decarboxylase [EC:4.1.1.23]	53651.41887359695	52376.07727362714	112440.0210522259	37825.03936384303	90474.8053468008	52506.44758488908	20178.773874883853	77114.68922611923	31310.81089863339	14222.056670386844	5937.879810062492	6371.404276791607	5769.374103555351	39159.94045397907	1528.4990721594186
K01592	TYDC; tyrosine decarboxylase [EC:4.1.1.25]	36.562908340553015	14.38279993266774	16.66626826708359	6.8328963032100045	28.446168888739745	16.8982172077396	2.491470818024327	9.200225709893855	104.27210259582492	52.03447160458177	0.0002077788034365	0.5861430866438542	6.149361824417992	0.0395417524154179	0.0
K01593	DDC, TDC; aromatic-L-amino-acid/L-tryptophan decarboxylase [EC:4.1.1.28 4.1.1.105]	0.9774399888192992	4.140151210932864	0.8664650256135232	17.005448550701846	8.390873940568634	10.488297714450017	59.37520070997749	16.175947932485187	2.459137831374533	5.449467829784821	1.6247432561591466	1.8439679875576167	2.670823481962941	14.949701237399006	8.236271672686012
K01594	CSAD; sulfinoalanine decarboxylase [EC:4.1.1.29]	0.0117595427030977	0.0330299308598503	0.0022292562903405	0.0424444347529087	0.020480593584404	0.0618215448800508	0.5254669327102374	0.0464901930351945	0.0318678771077809	0.0238683263736521	0.0285557417733954	0.0596285779281239	0.0536901936914372	0.1680062278446671	0.0153523375523978
K01595	ppc; phosphoenolpyruvate carboxylase [EC:4.1.1.31]	78.0079065934694	1548.3718789968646	2590.6257732088707	6536.812725497929	61130.3230103274	25426.79094515404	3066.019407837512	748.2192524299588	679.9903218846684	1793.646770636709	4361.714680425595	1653.053155297444	448.12850065988346	33999.94597579211	139.1994559276626
K01596	E4.1.1.32, pckA, PCK; phosphoenolpyruvate carboxykinase (GTP) [EC:4.1.1.32]	11411.30086892054	11338.403753867851	15363.365269709013	17619.722199974	18405.628617338327	16376.221224778054	7643.666309747895	24745.37197126853	7658.516036062632	4726.138379885194	751.3030947847408	1802.8027428610228	3187.130251288368	2811.8383651350305	578.1343386830298
K01597	MVD, mvaD; diphosphomevalonate decarboxylase [EC:4.1.1.33]	901.4232169965844	5840.651444205532	16554.94663710942	520.3028012713957	3921.263061901262	2966.304031917569	2448.721117675307	9162.753135509029	472.6433621074871	1815.6359830734011	457.8658526566881	253.3854281573124	68.49182140478678	1354.3315913923152	7.763019136946243
K01598	PPCDC, coaC; phosphopantothenoylcysteine decarboxylase [EC:4.1.1.36]	858.7190659767277	1646.5192170081689	3527.5476019934245	4202.555515595512	792.9904823188651	964.933825435317	493.02664976938433	3013.960327594088	2873.6501598478044	1193.197589763099	105.64579908231688	125.01800364442818	1145.7383809006058	670.2008537645485	52.84842830143258
K01599	hemE, UROD; uroporphyrinogen decarboxylase [EC:4.1.1.37]	22536.66602389953	33742.93270633684	47945.53663265392	35120.267162521166	16061.398995016736	17704.270813158797	43344.861241320585	36878.941966945655	31300.931690727604	17963.65243467972	3006.63037866108	9956.407760309476	7402.456673998658	6391.237081876503	1568.7431107561429
K01601	rbcL; ribulose-bisphosphate carboxylase large chain [EC:4.1.1.39]	36.7930336024324	37.750237507985545	144.94584422711094	308.76132480711647	84.83761321166214	74.34930733468872	489.38488618985366	76.90766243861142	199.01491575712376	113.18786028871898	36.05154755453143	693.142052385855	72.66712127587608	398.806796028264	2.667020969820931
K01602	rbcS; ribulose-bisphosphate carboxylase small chain [EC:4.1.1.39]	8.284017419694024	10.190807100394723	26.054724501959548	16.212528064936503	7.918515314639234	19.929595200681728	157.96849327064285	13.6078686882239	9.47940433833402	7.48007551203902	8.376976429617782	17.084691885870633	15.649221328628984	49.86571589210608	1.7582251538068012
K01607	pcaC; 4-carboxymuconolactone decarboxylase [EC:4.1.1.44]	35088.82279410083	32177.235006005725	50837.92124777284	27836.51354845122	76297.74275626341	39440.75446479424	14915.158489979036	47281.24050349428	19127.321386527383	8519.349808212275	4988.443737675176	7801.919152335431	5217.604936577812	37087.61639160565	1069.134462270832
K01608	gcl; tartronate-semialdehyde synthase [EC:4.1.1.47]	879.84712798651	404.5818827260416	197.8325128566633	320.6721412170418	550.5704510280256	460.69649945918513	1138.1195977435657	1158.0628384306483	637.4400288098395	301.2575929196256	77.68820718168571	1223.1067016362194	211.0093955237789	765.1333107769375	110.9129288530484
K01609	trpC; indole-3-glycerol phosphate synthase [EC:4.1.1.48]	28029.42657797842	34588.45219256832	54367.94901430863	26207.451084739325	55793.59263494637	27976.39449828549	13038.716497856154	32677.041154309554	19555.71432410588	8650.450399958212	4309.934547181026	4423.961316009875	4275.2653679626565	30459.468140609493	865.2411616151461
K01610	E4.1.1.49, pckA; phosphoenolpyruvate carboxykinase (ATP) [EC:4.1.1.49]	41499.41258866154	39242.64097937872	96749.04574435404	15781.010907676791	8070.012907776155	8623.910416216495	10297.0634117077	52238.955954659374	22212.4102267399	7605.844321773267	772.6818626355545	3122.232011233752	2571.80259651295	1905.399238075928	901.285141718901
K01611	speD, AMD1; S-adenosylmethionine decarboxylase [EC:4.1.1.50]	9578.877608296	12638.637013553642	14361.678628046571	12349.612428283102	13962.42430937523	13949.339216926634	12229.31218643431	17643.366985514785	7861.084690142533	5079.572370189616	1037.4951028482446	3024.8234729319797	3558.5894386027658	3866.8614465871	413.7208511168224
K01613	psd, PISD; phosphatidylserine decarboxylase [EC:4.1.1.65]	20716.767650764887	20771.649002164835	86454.41946512889	22647.67154375457	66199.53895095339	30257.715965881755	5433.924281734167	33085.62031594389	19603.759233748384	7647.455717096751	4690.225310847836	3333.865113131958	1593.5398186777998	36233.60544232006	858.7150723217692
K01615	gcdA; glutaconyl-CoA decarboxylase [EC:4.1.1.70]	9216.671776888918	7330.513003403608	11092.461204423082	3360.234779270931	1046.214633271009	1275.7334068416983	1131.49285269912	10960.072317074262	2585.738173541018	1077.743600146247	207.49158844975923	450.6105663511173	1337.6767014057534	1047.7710569240942	240.20289174506024
K01616	kgd; 2-oxoglutarate decarboxylase [EC:4.1.1.71]	0.0	1.4124115775713848	515.7902110439304	1251.96	926.4105579016202	380.48	40.19089277574327	0.0	0.0	106.51	60.97	93.78	38.18	5.36	0.0
K01617	dmpH, xylI, nahK; 2-oxo-3-hexenedioate decarboxylase [EC:4.1.1.77]	4.28171944945836	15.02405426540752	14.855156767377736	49.09140789580624	245.2743461774093	75.83735199196214	401.81516714419496	61.84198988190444	172.4099022856034	85.37390553955787	42.79039800030468	670.4599133003186	51.60384044501127	341.6989644584013	0.4290450945627548
K01619	deoC, DERA; deoxyribose-phosphate aldolase [EC:4.1.2.4]	51388.144717234914	56479.173202794416	109118.1528808708	45853.19035176725	90107.45257270124	53397.60215344974	35906.71057358592	78782.87162390567	38313.52909454184	21494.20943564697	7403.877537381099	7636.797224878399	7207.669488731965	39202.05520842235	1880.531861102412
K01620	ltaE; threonine aldolase [EC:4.1.2.48]	26556.44884240575	18346.77463527068	33539.24719796305	16610.889792922226	19105.519970163543	17780.98995181424	9971.830057908064	32040.503580799395	12136.296310810443	5494.264484461413	1023.1242591643132	4574.576765879798	4519.627641939534	3395.2639130268917	595.2045455049483
K01621	xfp, xpk; xylulose-5-phosphate/fructose-6-phosphate phosphoketolase [EC:4.1.2.9 4.1.2.22]	8985.006256599525	11831.399587945947	19342.50789966091	2568.284728397518	1898.5576971956089	2369.484441112367	3453.149522026393	19415.15757788008	2417.510997436269	1711.124275099376	253.36852509759632	462.905018666726	1456.704823903485	440.1146188561551	180.05381886093215
K01622	K01622; fructose 1,6-bisphosphate aldolase/phosphatase [EC:4.1.2.13 3.1.3.11]	2.9902629501042663	13.27851974291252	3.189258464312037	62.48751993568939	31.27001344435566	37.92913741702179	40.1971544587906	8.649578808488231	8.112587124637612	11.554331791984747	5.580758126130423	5.779753640338193	9.036528439827867	41.19384818667108	0.0
K01623	ALDO; fructose-bisphosphate aldolase, class I [EC:4.1.2.13]	1727.874522064932	1239.3569680937835	6069.765537850516	508.583635816428	895.1895719314639	664.6253175544671	882.4966707692886	2179.124221382745	1358.653288776752	972.373352343586	178.78380231438882	727.2067589630478	224.8318675966988	539.5690051717786	35.99503675733027
K01624	FBA, fbaA; fructose-bisphosphate aldolase, class II [EC:4.1.2.13]	84378.21624994231	87928.98274561035	136725.55058562174	63772.253768318056	108324.7862506949	71074.38243271332	50880.07037588134	113419.91428159314	56640.34269909889	31916.99934261968	8220.11305997234	13733.453672930464	10328.411873230349	44507.95921731472	2881.975468582803
K01625	eda; 2-dehydro-3-deoxyphosphogluconate aldolase / (4S)-4-hydroxy-2-oxoglutarate aldolase [EC:4.1.2.14 4.1.3.42]	29343.89583349951	25921.762675715563	51340.53714662022	25292.69271257521	23456.4680709822	16971.21205384728	20047.81138869724	39283.72443003047	19668.89672201161	10427.491667054568	2259.0249686905945	7504.062122844542	5198.21126145742	11064.961894201278	995.4674311399532
K01626	E2.5.1.54, aroF, aroG, aroH; 3-deoxy-7-phosphoheptulonate synthase [EC:2.5.1.54]	24027.022522001287	24170.30025632219	28215.214043402266	11379.877522821034	22245.654928766864	19759.01168278575	7197.414570951472	26231.31871983604	8536.46542502518	3719.834406457508	680.0567422334809	4234.853865552703	2294.504837505384	4366.46591972318	617.1607107423628
K01627	kdsA; 2-dehydro-3-deoxyphosphooctonate aldolase (KDO 8-P synthase) [EC:2.5.1.55]	17824.281315938668	12229.883463396458	73556.69391997904	13005.405895154376	2485.815111272872	2535.687678676415	2186.922953003649	27775.114925382004	17783.89962914615	4080.2388460358216	147.82191160219034	2092.105282019744	546.147949866938	1710.911138566244	618.8764310980521
K01628	fucA; L-fuculose-phosphate aldolase [EC:4.1.2.17]	28827.53831430123	26985.666304745035	18004.81418586083	23836.55802203038	41355.45826428544	27934.59299168292	21444.80303043636	37198.00478929829	19172.10009408786	12086.08743430514	3187.7895265555426	5165.8672175815145	4923.84826530662	17965.189938538457	1102.0143949590288
K01629	rhaD; rhamnulose-1-phosphate aldolase [EC:4.1.2.19]	10367.421193794193	6561.557505880233	40635.856460990704	8560.486288993416	47389.75285874592	19203.497243650665	2209.9374256538104	15020.124784372603	7969.03522898102	2548.4602321124985	3262.920424716744	1706.3191982073536	936.1787500608618	26106.90792517788	297.79728373487046
K01630	garL; 2-dehydro-3-deoxyglucarate aldolase [EC:4.1.2.20]	3501.4498104820323	1880.583119526295	2925.165685508536	2242.6446980184937	1291.7716338737755	1397.680317830016	2245.788419484541	3491.738796434005	1206.4594109705893	1017.281009192224	137.39147625335335	1277.696601463457	682.1609699840342	776.5209803128214	121.87559056482306
K01631	dgoA; 2-dehydro-3-deoxyphosphogalactonate aldolase [EC:4.1.2.21]	105.76106780250844	81.43597928096675	51.46472016701557	187.3872248611703	535.4680189551818	373.9810600743656	1300.0556473079737	327.3663569345478	361.4923011087218	225.30692790551348	75.61461039332718	1261.638223488534	206.30610583729845	735.3635109813602	23.1917155194514
K01633	folB; 7,8-dihydroneopterin aldolase/epimerase/oxygenase [EC:4.1.2.25 5.1.99.8 1.13.11.81]	18932.75881525128	13186.88928295516	71496.22001088553	13953.393725487933	8549.740418572052	6727.455762926824	3900.552180403297	31090.066640477016	17140.432557708235	6029.986088495584	839.2858948870498	2539.26703993089	1307.1436280181206	2857.7821176028806	668.1098422546374
K01635	lacD; tagatose 1,6-diphosphate aldolase [EC:4.1.2.40]	895.4215200217814	5452.205210265978	15282.465811062862	135.34841705487298	1114.8930390185296	1310.380130315422	1774.659013758155	7846.629478987199	184.59971045833709	543.2137672875883	166.17581883971866	186.74256552705617	56.42112969282789	394.8215098429659	1.11255077293942
K01637	E4.1.3.1, aceA; isocitrate lyase [EC:4.1.3.1]	21.85772125992476	98.54877528436847	46.69173226783609	208.5001985974549	466.0373534034337	416.3397864652048	942.7829352819318	186.86718850130248	275.69073794716024	221.38610247046367	93.30329422216435	974.2282909890982	167.25865826447276	869.3640573300539	69.67219322522985
K01638	aceB, glcB; malate synthase [EC:2.3.3.9]	40.73533217775721	180.82178796859264	603.2709460730741	1601.9166359260123	1760.0337731840832	1062.6507952370296	1409.4526235819503	293.7768833188137	380.92033421404295	425.0432079161849	190.8460375265403	1161.3741017188174	308.3746853275992	1059.5945899634016	87.74754561718986
K01639	E4.1.3.3, nanA, NPL; N-acetylneuraminate lyase [EC:4.1.3.3]	34115.15412239269	21199.472280291902	66710.71909059098	20555.37664463769	56309.063506089326	27673.200280986308	7601.399816827225	38851.61783855464	15678.465113267026	6231.946753722425	3901.820941523132	2831.2760283432344	2737.7848004147045	28781.16123315675	877.2136892085653
K01640	E4.1.3.4, HMGCL, hmgL; hydroxymethylglutaryl-CoA lyase [EC:4.1.3.4]	3111.839561135628	1497.2050711037332	2225.623478945005	4222.0604138441	3412.332946798928	1768.3048026001848	3048.507555542735	4134.898988239602	2142.2180128866794	1570.2302300719464	316.1268458783352	4480.183148782062	644.9372333604573	2412.066698526614	204.3954021481744
K01641	E2.3.3.10; hydroxymethylglutaryl-CoA synthase [EC:2.3.3.10]	887.5475759370511	5826.458487240975	16543.549401080996	553.1816493510547	3968.856535327919	3057.254377870708	2477.965134654759	9089.625330664108	478.4625228636445	1836.4141909935356	461.9365768989982	267.4787090720946	89.42676462057797	1367.5594728387855	13.66047084352162
K01643	citF; citrate lyase subunit alpha / citrate CoA-transferase [EC:2.8.3.10]	5853.953518506548	3003.4268947228275	3054.220376573849	1413.032478547395	3081.771699674141	2962.8748758509337	1913.2220112128996	5183.485699125361	1309.414810145332	1051.8428432107771	354.8802457731142	997.7679516117375	432.4775955456322	791.852877700675	107.94813232164977
K01644	citE; citrate lyase subunit beta / citryl-CoA lyase [EC:4.1.3.34]	5881.164809733853	3877.7624885739606	5492.087531254174	7183.18171556905	7424.464068887872	5048.768387973365	4794.595924039711	5986.148966957213	2690.9091698237016	2330.5200190700853	714.9753478188711	3974.381526056126	924.4969738207816	2079.8488137251206	214.1586244256744
K01646	citD; citrate lyase subunit gamma (acyl carrier protein)	5529.113012848166	2944.196194024495	2960.9813330991583	1396.8767446152065	2954.917885419218	2838.662831396115	1828.078669742228	5059.088228445758	1248.1431689239682	1006.596144818542	348.02528090995133	912.7636923332044	419.3083738051933	749.0295423143015	98.4913045000307
K01647	CS, gltA; citrate synthase [EC:2.3.3.1]	41922.41836491742	48711.22793913391	53145.88702032761	29733.16007906109	31008.042872043086	28290.9809568552	21002.76400454799	51227.581802927576	18559.03833671356	10243.045090952584	1729.9089221624904	9517.235180384356	8409.261866878669	8017.882005667972	1226.4745772200288
K01649	leuA, IMS; 2-isopropylmalate synthase [EC:2.3.3.13]	55055.53581837281	54811.91209235999	84954.29824924181	63859.46280379591	155129.57979685703	83031.95359195654	29116.86084833077	78418.4213957761	36730.69242694104	17824.86910100371	10186.80522796094	8961.476204694713	9615.042656606096	72048.02455818492	1938.5778264486487
K01652	E2.2.1.6L, ilvB, ilvG, ilvI; acetolactate synthase I/II/III large subunit [EC:2.2.1.6]	87949.25579579476	81253.22619211426	116655.91349897	51593.20133230442	99446.04203789934	62025.86921728155	30490.869347219148	104745.54558568148	39626.871090895234	19162.009341035708	6695.848778924261	12274.58504474324	10153.82188330449	41626.654680172345	2449.579392375651
K01653	E2.2.1.6S, ilvH, ilvN; acetolactate synthase I/III small subunit [EC:2.2.1.6]	65925.64986028585	54903.33423907348	86772.76743824194	39523.66199169739	88645.10975753487	52080.6350987605	20541.03693942791	75422.94469321288	31561.432181290773	13781.074435088343	5608.986325668583	6644.0675411256925	7415.071591334847	37932.30248929886	1806.9376020987563
K01654	E2.5.1.56, neuB; N-acetylneuraminate synthase [EC:2.5.1.56]	9007.476235418264	5741.322849148728	14102.718888914324	3320.8307179848507	8795.012314539335	7918.605838349634	3950.529611128338	11086.755624531474	2561.346494712495	1363.4091914746748	248.7270150040447	696.0431462140363	819.2893512980652	859.9923339053975	190.373087379621
K01655	LYS21, LYS20; homocitrate synthase [EC:2.3.3.14]	0.0140152795236489	0.039365792134559	0.0026568762772347	0.0505862032482622	0.0244092182105169	0.0736802658023084	0.6262629532718023	0.055408026225795	0.0379808311230632	0.0284467920508764	0.0340333559785313	0.0710666399502204	0.0639891440732724	0.2002334873393148	0.0074894834628732
K01656	TRP3; anthranilate synthase / indole-3-glycerol phosphate synthase [EC:4.1.3.27 4.1.1.48]	5.265710474206677e-09	2.3354975539203123e-08	5.616132086275096e-09	1.1003754309335403e-07	5.506500266700151e-08	6.679140246427891e-08	7.078527233184518e-08	1.52314958548192e-08	1.4285879104253671e-08	2.0346627355093242e-08	9.82744895988305e-09	1.0177870571951469e-08	1.5912895705178352e-08	7.254040246255605e-08	0.0
K01657	trpE; anthranilate synthase component I [EC:4.1.3.27]	26164.78688909484	32847.78158420679	51506.47750389647	22987.35915995288	55121.080131836985	27013.668756242667	13262.457551610149	31216.845328904838	17085.88419171945	8229.376167766033	4285.728708080624	4350.42610227788	3844.082162743657	30126.011106971186	833.753345095151
K01658	trpG; anthranilate synthase component II [EC:4.1.3.27]	27289.600902329737	30162.28893669954	61741.13787034295	19707.160406993116	54035.15069363424	26293.557678125715	9891.55733475048	31441.32280664158	17471.04654451632	6836.446803032764	3976.2606522905967	3894.73862410758	3610.907470717263	29077.122343082352	711.1047292394401
K01659	prpC; 2-methylcitrate synthase [EC:2.3.3.5]	22.076166804493905	74.68126870743642	75.09583916073846	138.71184768029022	428.3100526634443	351.0106077737873	715.6842720946343	155.05533197934034	259.30083113147595	193.35683885899144	74.77090718473613	912.8469279267728	129.61801524236753	740.0807501914265	66.75573342461382
K01661	menB; naphthoate synthase [EC:4.1.3.36]	16617.712782949042	10934.816208805838	66999.38870716773	14738.232621526064	3527.1796444381207	2410.5490485676587	1286.4852166661058	27450.152427410638	17749.096161617697	4078.220718465311	238.80180446666492	990.077615154624	408.5934679785606	955.4831209882668	535.3762731787637
K01662	dxs; 1-deoxy-D-xylulose-5-phosphate synthase [EC:2.2.1.7]	64955.29107231805	56824.61741489849	151311.77245810302	45849.71917776732	155138.55416119038	81804.5212842685	17573.74398503167	90854.44436987877	37325.90821034496	14239.08814078404	9778.951456225934	7616.680819041651	6433.006825538937	72228.7223682814	1660.0471864909655
K01663	HIS7; glutamine amidotransferase / cyclase [EC:2.4.2.- 4.1.3.-]	0.0004710583330533	0.0013230977228059	8.92985193888813e-05	0.0017002195737455	0.000820402163366	0.00247641890618	0.021048911819667	4.24592319805463	0.0012765487100432	0.0009561063995612	0.0011438727217966	0.0023885740483566	0.0021506969939346	0.0067299159184344	0.0002517240979388
K01664	pabA; para-aminobenzoate synthetase component II [EC:2.6.1.85]	1148.9293074941747	3062.731187533172	2901.437262720128	8492.290715150577	61775.49528326923	26297.83640266146	2608.5119368981186	1800.914440791908	1511.8920679596984	1185.5506627770192	4336.452950201551	1065.2918898290743	673.6375286772748	32780.437180643115	125.91655336451372
K01665	pabB; para-aminobenzoate synthetase component I [EC:2.6.1.85]	5750.301631712895	4653.80977698437	38514.903900721474	12191.217290577872	62096.401881614285	26933.8080505467	1987.2793888769415	9771.912066727791	7854.52467385821	1722.1638777313738	4235.700264919988	1813.2937660691148	888.2636553748523	33574.566846569294	145.49285836653277
K01666	mhpE; 4-hydroxy 2-oxovalerate aldolase [EC:4.1.3.39]	19461.13619466064	20946.034072122628	14888.002921444617	6719.453753848802	10103.144382620592	9317.460091155062	4763.391522011007	20319.021213070784	4550.1574895755	2458.2564940640623	439.6787807937209	981.7057737463988	1399.7148514024193	2155.414366027323	502.8184118398792
K01667	tnaA; tryptophanase [EC:4.1.99.1]	5212.663911844727	5670.362192907044	20914.05086309469	7033.649233794029	2183.180151134896	2494.0749961322	2169.106884320041	8814.77546749427	5541.7762592661575	1612.1011728519468	183.74268134228103	1236.6290213332366	1554.8289355155584	1140.842909940911	158.695739877596
K01668	E4.1.99.2; tyrosine phenol-lyase [EC:4.1.99.2]	306.60594856163743	86.50118595949701	106.319198820288	86.49294905013744	596.6533934860859	394.0345621996792	125.57876119840584	480.3585318753666	161.55684964878162	106.13283361884488	28.83371354395856	82.36816160416367	15.912442820102932	155.9061139610717	8.322396189399647
K01669	phrB; deoxyribodipyrimidine photo-lyase [EC:4.1.99.3]	354.4611255828363	632.8530193044332	1158.7950642625528	4008.606822923354	2291.3711837193914	1609.9400296698968	2993.1802244766886	1801.16775463083	611.198824286809	681.0554277251391	349.0018498946969	2041.7433945895557	776.49476894217	1543.789740410124	126.9963033947384
K01671	yihT; sulfofructosephosphate aldolase [EC:4.1.2.57]	9.850258114404328	53.1702006090507	21.840275291358004	74.10539381628315	156.34269917429543	157.84327397853403	83.95346974990288	70.03074661690877	75.11070026470128	74.1009973502385	32.120481721535164	25.91049889848908	73.67078001774182	69.82355578280794	15.4199999999998
K01672	CA; carbonic anhydrase [EC:4.2.1.1]	0.0	0.0	0.0	0.0	0.0	0.0	4.517698954455988e-23	0.0	0.0	2.6052844229582977e-23	0.0	0.0	0.0	3.649270813469889e-23	0.0
K01673	cynT, can; carbonic anhydrase [EC:4.2.1.1]	18538.175036901863	14398.373476305216	47842.57792474449	21711.961484383053	125022.4592783444	52875.37119135051	5475.0374798771045	21703.67570056908	10157.360709198394	4303.708177215389	8646.92239986925	3000.0508864968488	2338.5769826649625	67620.97081013529	586.7586069815077
K01674	cah; carbonic anhydrase [EC:4.2.1.1]	110.79179943236733	188.0939514838631	212.34737694325077	56.82246492852815	211.7909288586324	196.65537715305047	703.3709490492112	410.0652415990727	336.0444496162719	178.75964775194393	42.64889666666242	1271.329064379521	146.6879271566832	722.6597830124251	59.28017857135269
K01676	E4.2.1.2A, fumA, fumB; fumarate hydratase, class I [EC:4.2.1.2]	17622.49887668877	11046.391221791866	73354.95457788138	14100.946478727692	3162.2249231789274	2425.258596665504	2425.703895107829	27584.707433063973	18264.0294124681	4204.555084495267	229.7966483966744	3654.199954211396	632.5608849380999	2287.5503457683008	617.4080006696267
K01677	E4.2.1.2AA, fumA; fumarate hydratase subunit alpha [EC:4.2.1.2]	32611.4009647354	27756.78368818842	17349.44516714239	19605.437037947315	81959.5468366692	45317.39143000671	11100.75420617376	38169.01880199347	11264.527315175275	6731.685316978222	4888.783512059663	3846.229418168896	5041.981159997984	34770.95168572848	815.7255544907914
K01678	E4.2.1.2AB, fumB; fumarate hydratase subunit beta [EC:4.2.1.2]	31255.41248370053	26250.121315380155	17362.060241789302	20501.0321561507	81839.00293228615	45462.96430640787	11973.835569967232	37334.18573909067	11388.65975515374	6844.207837916318	4888.526208091285	3869.160241490929	5180.637406820551	34882.67841191063	811.6946469548157
K01679	E4.2.1.2B, fumC, FH; fumarate hydratase, class II [EC:4.2.1.2]	6035.982253523643	10268.135395235056	18666.18822272873	6517.718929079433	3919.585350596956	4044.8359462353337	7658.233470807066	10815.295811083364	5009.649203454146	3044.7508539507453	681.1474009749202	2622.5560881546417	1055.9835245791055	2603.813421914033	273.45393260788313
K01681	ACO, acnA; aconitate hydratase [EC:4.2.1.3]	39002.40216766228	37440.74434292127	44947.03312762044	29189.406556475777	86008.54689938128	48963.200728901546	19574.547907271477	47499.016393112	19109.37826281273	10121.7753963751	5559.866692205007	7864.800170115546	6115.891222063541	38668.06413929857	1181.413888303444
K01682	acnB; aconitate hydratase 2 / 2-methylisocitrate dehydratase [EC:4.2.1.3 4.2.1.99]	58.200012716237495	120.1298323005276	88.26511489734035	201.5921368793628	550.6234037338895	591.7204200014831	886.7336187472874	207.76186217135307	285.4212424562568	251.85847503119183	76.449286174747	980.2007995525064	209.4657337218772	736.8083926348125	25.471491419283293
K01683	araD; D-arabinonate dehydratase [EC:4.2.1.5]	527.4468446693986	162.15107797588556	107.24907679107142	131.11497166198257	120.41382319354896	88.22677933388046	765.4791918086469	272.7435868019025	152.37836574253348	76.67588112838351	21.269048686030303	436.4027129973923	33.44458057707358	364.0922465715285	64.00840379520332
K01684	dgoD; galactonate dehydratase [EC:4.2.1.6]	2994.500730941112	5136.525016263452	4353.69061433762	4816.890069592139	2168.291604257501	2541.5027273541245	7541.4464797092	5927.453629986625	4734.886048916593	3770.938894586079	486.388799655133	2310.127332540112	1451.5872315020506	1519.4190468802942	216.5668330257057
K01685	uxaA; altronate hydrolase [EC:4.2.1.7]	16576.136540316897	11396.407398177407	37917.89753404916	8574.492211481127	3351.446371547985	3316.9080871424185	6682.072480414272	21102.216808956266	10838.908334315172	4212.285877884351	555.7342165940541	4416.2740666664695	2203.289178634724	1647.1929210713747	510.0151542679987
K01686	uxuA; mannonate dehydratase [EC:4.2.1.8]	24890.19480653543	17414.81776656805	53871.12393866725	14607.50342781429	19440.86908919737	12627.034300982214	11601.449721356716	29588.0109212014	15607.228539439491	6832.068475586696	1686.5723709493427	5169.105045282549	3005.1901447399887	9571.649357235745	783.2895213994075
K01687	ilvD; dihydroxy-acid dehydratase [EC:4.2.1.9]	57489.05881533858	50020.18060806867	79728.35832972516	42640.75768844672	82799.67739856827	47111.87778505993	24063.887423135195	72199.49867463537	32053.00568098054	15009.161828646253	6037.645149651127	12445.833752954246	9733.434261490202	39828.54731847688	1950.28408818332
K01689	ENO, eno; enolase [EC:4.2.1.11]	53685.39804794165	57867.53379220435	123907.65849714048	46252.50995927752	142132.9195359105	71180.56418804228	21700.300397982093	73562.31467901546	34072.323003713835	15064.459917387794	10022.702212883229	8717.86288123253	6507.266211636642	72351.3690229687	1614.9600510611408
K01690	edd; phosphogluconate dehydratase [EC:4.2.1.12]	14.0490045744278	67.8513440093498	41.71638346732474	128.84111676207164	434.370106476839	336.1047040453344	600.1596691151555	145.35404462368717	258.6865263234614	188.21059778849192	64.64473483781127	893.4856658219323	136.65026309151764	510.7606793237989	66.54285100575495
K01692	paaF, echA; enoyl-CoA hydratase [EC:4.2.1.17]	2106.1921359986013	1639.3618260181906	5201.954648158392	12181.07750302846	9277.5069004604	4832.082380707165	4102.112393577692	3479.984736609917	1606.2451898126292	1875.203552863292	657.0737314425918	5453.595490308794	1664.9113934023317	2591.602609780137	121.00734063424474
K01693	hisB; imidazoleglycerol-phosphate dehydratase [EC:4.2.1.19]	30322.35881959768	32991.976607701785	26385.16208907892	26755.77014343381	76741.7596084197	41259.28422301345	16859.037648939127	34645.297062441925	15009.970433053682	8316.561204135995	5276.453088367802	5055.389655312315	5543.31896187607	37015.85163377597	905.2492842448446
K01694	TRP; tryptophan synthase [EC:4.2.1.20]	0.0908115103375009	0.4027757722342219	0.0968548194033358	1.8976879817230743	0.9496412845756192	1.1518726988602344	1.2207502713249014	0.2626796801781825	0.2463717411564814	0.3508943321971573	0.1694824444266728	0.1755257534925077	0.2744309813288946	1.2510189347444791	0.0205444056645824
K01695	trpA; tryptophan synthase alpha chain [EC:4.2.1.20]	29856.16534190195	35307.52060901732	51375.17660018223	24147.32935862693	56144.10371896334	27997.31173860047	14473.845660009953	34948.498133309375	18146.558317395884	9560.02397309476	4420.256518024022	4920.082174693657	4418.36556839102	30629.28215353157	943.5986832170272
K01696	trpB; tryptophan synthase beta chain [EC:4.2.1.20]	30396.488662569856	36410.74155045116	54614.5641765403	27869.53229054469	59006.58225301599	29930.485848518165	14847.604096318946	35676.54019472449	20371.26729009588	9797.65926909282	4667.81584177347	5220.57434940286	4497.408961198827	31911.09372295945	920.4633119646272
K01697	CBS; cystathionine beta-synthase [EC:4.2.1.22]	27.202272110079036	25.58108000190755	629.2575447797119	1453.9391469032944	975.8974086825826	500.0348353602101	505.0661137887913	97.69304656783268	179.87600467593197	650.9605694987839	67.46558764822555	245.72827836060384	72.67217502669165	263.76322904908443	80.1981625275336
K01698	hemB, ALAD; porphobilinogen synthase [EC:4.2.1.24]	14323.179324120249	16360.72884474118	12780.51860004965	19928.95993105189	74180.45032281059	38593.63306329031	10129.401755351391	20169.591635795638	9240.903555941986	4874.101170601834	4807.2887022107325	4244.809993598319	3377.1097398619518	35679.14069559316	501.6038838496042
K01699	pduC; propanediol dehydratase large subunit [EC:4.2.1.28]	1648.0809823579957	2993.070286111593	1294.1842900160989	870.020714916938	563.3416814269998	514.3906208530454	433.9775535489862	3440.720850263425	889.0845450924273	490.3375350133656	48.006050308981145	56.32991227445307	232.10466895118049	110.1525640055808	77.34042930344035
K01702	LEU1; 3-isopropylmalate dehydratase [EC:4.2.1.33]	0.0	2.3920687793639428e-29	0.0	0.0	0.0	2.9749518304431573	7.667928254072732	0.0	0.0	0.0	0.0	1.4094851096631094	0.0	3.361267783182736	0.0
K01703	leuC, IPMI-L; 3-isopropylmalate/(R)-2-methylmalate dehydratase large subunit [EC:4.2.1.33 4.2.1.35]	55508.44885760729	50867.89205885961	79589.58820975244	41783.27735930045	81373.51593812078	44908.7496035996	21317.44089028441	67364.21240041353	29661.888929741774	13189.706107749298	5738.950507754527	9827.781553887771	7650.280640065604	39231.93921892378	1715.5863243394388
K01704	leuD, IPMI-S; 3-isopropylmalate/(R)-2-methylmalate dehydratase small subunit [EC:4.2.1.33 4.2.1.35]	50358.08408711979	49323.78029448994	75550.58819213096	40728.84120796462	80089.57298772049	43866.238287149215	20897.092848900746	62915.576817268826	27825.285884084085	12476.737020298064	5663.642013008546	9141.485544120194	7372.831121227076	39175.43378724039	1639.086641348283
K01705	LYS4; homoaconitate hydratase [EC:4.2.1.36]	0.0	0.0	0.0	0.0	0.0	0.0	0.0	5.879805845814821	0.0	0.0	0.0	0.0	0.0	0.0	3.790312634319532
K01706	gudD; glucarate dehydratase [EC:4.2.1.40]	2557.424165013896	1190.4063071709895	914.13176397745	951.1604252001672	1444.128280907032	1146.8490993340986	2592.31990069086	2842.6630948472107	1279.1090964853115	574.9892433437167	170.23258750577548	2026.613478542976	754.9681864932213	1345.5709563244582	410.7013998250208
K01707	kdgD; 5-dehydro-4-deoxyglucarate dehydratase [EC:4.2.1.41]	4.0717816998752605	19.72502877313646	23.954526491990148	65.36600801762734	401.1577196969069	185.11366780502985	1063.467522844658	180.76519111422184	487.2807548183001	222.82342928663573	62.26396691580997	2133.276775920555	152.20362267696152	1001.581955616158	51.00034238435593
K01708	garD; galactarate dehydratase [EC:4.2.1.42]	2521.10052877003	1377.5865237853943	883.2314245824438	934.4917082712828	1177.7548271104438	1002.931351952686	1390.3565840018732	3426.8746756370087	1625.5872443901796	685.3607493887283	146.4607904265356	1243.3372473071877	466.0789423772258	854.9058274115191	214.37099130960064
K01709	rfbG; CDP-glucose 4,6-dehydratase [EC:4.2.1.45]	16798.0050032961	15844.204457559166	9272.513481756614	5529.129777513152	11947.753043184575	11057.018998054988	5221.647414923312	14955.474061501667	4613.802716755421	2548.765369865228	404.25084137731534	1975.003007017941	1233.3776264547837	1614.7792251692526	288.0443830420199
K01710	E4.2.1.46, rfbB, rffG; dTDP-glucose 4,6-dehydratase [EC:4.2.1.46]	50078.16578794811	55294.32942912166	135574.80125971936	34439.01989900578	73695.22816288237	37613.91395208325	15152.393392483304	65353.09647118578	29948.903252287437	11609.371784058978	5381.1516534468	6303.634309361714	5672.998876030597	38061.350106770464	1285.278023161204
K01711	gmd, GMDS; GDPmannose 4,6-dehydratase [EC:4.2.1.47]	31573.838314363147	22868.06206023271	97015.59671375544	16353.628881819584	5325.466580307152	5492.407428688978	5747.56301927839	36425.31356051024	23023.62278809028	6693.0461948850325	369.8509268859032	2413.154413594287	2223.216402208712	3039.337462780173	838.7534364987221
K01712	hutU, UROC1; urocanate hydratase [EC:4.2.1.49]	9864.85934197021	4361.7216189509145	34684.0355793096	3626.3603906586463	4649.457314111279	4072.5233692688394	1893.011396566816	12211.965393280294	5743.894692290638	1313.3384116772015	504.36033366485776	2799.784305473274	799.2202197571635	1310.579466968759	122.00927096256716
K01713	pheC; cyclohexadienyl dehydratase [EC:4.2.1.51 4.2.1.91]	354.25946430460607	236.1627987574999	2052.720290436417	173.97244470881657	256.5035916570856	158.7487117655724	495.5333108226281	994.4779340638386	494.6878482549736	132.67472010297791	30.97001159361212	810.1829840168853	55.08121896864747	370.2285730726044	0.0800229855728061
K01714	dapA; 4-hydroxy-tetrahydrodipicolinate synthase [EC:4.3.3.7]	76459.39718684228	63470.588031049454	126256.2842885922	49904.72932209389	98749.41198326068	60353.84274520626	32773.842841182915	101142.00132542007	41260.77809480952	20406.155085470364	6972.90155621842	15673.55728936654	10061.285768674694	44619.668370390966	2334.2013287409663
K01715	crt; enoyl-CoA hydratase [EC:4.2.1.17]	32492.766779253725	31963.6117976736	23269.94304207856	24039.46901082839	67959.73760591967	33317.46931631199	11781.244525613603	42526.92903592148	10651.814774688395	6615.301115689064	4991.605614164579	3517.0293217907883	10120.47809905792	35123.577032530244	769.3313596607408
K01716	fabA; 3-hydroxyacyl-[acyl-carrier protein] dehydratase / trans-2-decenoyl-[acyl-carrier protein] isomerase [EC:4.2.1.59 5.3.3.14]	16.67000552398141	68.03175186496321	27.05866290499195	91.02588627553077	263.0635014787164	253.85051685315975	484.95987732058967	141.08275824130067	238.93650958621225	163.75493944523748	49.28411391940914	850.9798162722116	132.46447730325565	450.27296698677503	16.065164751903936
K01719	hemD, UROS; uroporphyrinogen-III synthase [EC:4.2.1.75]	18475.06399835479	10903.588130579828	76011.88426779522	9918.376499210435	1804.970272707685	1870.9738572931367	1617.5075392322383	28726.104753547017	16673.48097282323	3730.8429721555	134.17873218669922	2017.456077585923	435.9105940031069	1122.483712909196	592.1027826724871
K01720	prpD; 2-methylcitrate dehydratase [EC:4.2.1.79]	40.1732536987592	87.29849581771427	165.43192436495326	176.20887394779842	417.93383825911496	378.4431144602586	451.86705594153074	147.16391299374862	114.314557011791	133.75647674873792	91.3403348432624	178.15108181929037	113.84248426343872	211.7156060539375	24.211114663770758
K01721	nthA; nitrile hydratase subunit alpha [EC:4.2.1.84]	1.1314211517569317	4.181775735538125	16.71853409266111	58.96946162183042	139.16701957354607	22.474683447918583	197.95626174524708	15.233564923768306	23.74068060551563	23.09423686767409	2.6327385423721728	67.30746676216019	17.365243390769287	124.51814940378524	0.4955486151102559
K01724	PCBD, phhB; 4a-hydroxytetrahydrobiopterin dehydratase [EC:4.2.1.96]	44.17608409682615	75.81573766218156	659.9753688239311	1411.5902174071998	1315.132368613528	677.9555755814896	1733.731125200691	320.97288179095096	407.7899717513376	334.53382100206863	179.56043472017413	1723.0520484803644	227.6938136074492	1031.1984238732375	65.94487912460221
K01725	cynS; cyanate lyase [EC:4.2.1.104]	17.95998518907875	76.28534876807933	28.516746365524288	146.4352454228417	269.2044875686459	214.28075313066688	518.4383126533972	134.9151942885922	236.4157153156328	150.5188779786052	54.92063060751472	706.2419403418779	137.18695005108347	463.988091395453	37.15113685048624
K01727	hysA, hylA, hylB; hyaluronate lyase [EC:4.2.2.1]	1124.6184111334674	1069.3610215825902	797.3545996507441	1923.1719079990328	2497.775369561369	2015.5053004481213	1698.214155411957	1759.867810755598	1088.6922178906736	977.8826602746436	226.2991199506579	914.9938294890924	531.9933945080345	878.791765289813	19.39477881489873
K01728	pel; pectate lyase [EC:4.2.2.2]	2341.6972652258555	1134.236623772416	13919.962940127863	649.2872714551927	387.968316757753	315.7764487484193	226.208366644132	4215.912455531418	2541.5769125137444	292.3502142949316	26.307386706098512	85.91611899698228	161.95740746343836	231.1581539754903	30.5059487800282
K01729	algL; poly(beta-D-mannuronate) lyase [EC:4.2.2.3]	480.4430249278604	72.28114013805032	302.25586233381324	12.115611028550628	57.97828653941707	103.91831769156263	77.8303362242625	581.590504759503	7.65606827372644	25.125995981074507	0.0001442639005463	197.98345330229589	5.864862365963084	52.04461741903411	0.4965228974942517
K01730	ogl; oligogalacturonide lyase [EC:4.2.2.6]	395.91292462604633	1339.3319615717453	587.8091747135891	1308.3515860126747	497.3449104496915	657.9162956950358	2457.942466374141	913.0529350943972	1339.1630102373902	927.746168589268	163.44027583047136	275.7433310157508	190.80496301873185	242.60603299620095	129.4150500835751
K01731	pelW; pectate disaccharide-lyase [EC:4.2.2.9]	0.0334456792263846	0.1483414297178819	0.0356714166437079	0.6989143036228646	0.349750793330127	0.4242321777551169	0.4495996359769182	0.0967443476039255	0.0907381695838026	0.1292336096317088	0.0624200109626109	0.0646457483799342	11.74447566777123	0.4607475180414307	0.0
K01732	E4.2.2.10; pectin lyase [EC:4.2.2.10]	279.1823586990889	2420.479428941248	409.0713756068607	532.3657598538083	107.41592308373264	190.152931011532	434.8118225455588	544.3605857060911	504.5169610750428	221.75291281068817	29.533313247086937	150.16631601457917	81.33848241502793	847.076488651211	56.82211122641316
K01733	thrC; threonine synthase [EC:4.2.3.1]	55427.14850131613	53658.61792943277	96408.17285100555	41071.878964822	92249.55623478506	53726.157447668695	22298.778346998763	79138.2324157116	27744.71316776342	13517.47732281986	6068.959924320812	7266.910753424628	6800.078312201725	38793.742056202456	1598.0434929484068
K01734	mgsA; methylglyoxal synthase [EC:4.2.3.3]	46778.26964324969	44658.00666686555	52064.48429311504	29213.961591483625	84991.8847135352	48476.91972385784	14839.597105561556	55778.39016797389	19432.58033017709	10390.380064365932	5223.794184785143	6701.619299353239	6226.007781573802	36853.644022423214	1376.2625071093855
K01735	aroB; 3-dehydroquinate synthase [EC:4.2.3.4]	53092.10287455413	47752.75810315389	100139.96699253027	41867.59879945569	87291.04246420378	50711.73803866968	18556.84060777333	69818.26351182339	33510.55103514521	12743.85296089758	5536.5195519869885	6537.721267063565	6409.802167646391	38359.42381909028	1507.4434822365292
K01736	aroC; chorismate synthase [EC:4.2.3.5]	53406.11740089284	49943.09682489015	104462.59946093618	41036.068465736615	100537.21119813484	56844.00168389628	19608.910451498705	70647.834065415	31927.850790921068	13001.654692649554	6500.539241769533	6911.0955573676965	6405.645765199308	45310.090551484005	1610.8466835565032
K01737	queD, ptpS, PTS; 6-pyruvoyltetrahydropterin/6-carboxytetrahydropterin synthase [EC:4.2.3.12 4.1.2.50]	28048.278785620478	26029.529246508024	83734.90304148712	21357.28902826049	12778.852176526258	12064.281692590224	6701.684132156151	42128.78327427254	21902.892821780697	7271.370926957988	506.7770022861761	3472.610186493698	2021.3685321803373	4033.346973556028	1038.2542150361044
K01738	cysK; cysteine synthase A [EC:2.5.1.47]	70766.94577629401	88835.12908659961	161014.39773009386	64796.90841882616	155023.18605080835	82453.02752044969	36164.53338212315	112852.14880650627	42663.635791181056	22373.810725145464	10945.073383590776	11120.375716661969	14226.788584042446	76387.44676246699	2259.816885367295
K01739	metB; cystathionine gamma-synthase [EC:2.5.1.48]	3929.2231800334735	8536.998304669016	5207.245701204564	7676.502226108942	6562.430717776376	4512.235075986322	6095.240683670391	5664.006847122248	4332.815111898558	4275.995567305909	943.9549493383004	1128.763325656934	1424.427055761891	2065.633043555596	181.50857956873728
K01740	metY; O-acetylhomoserine (thiol)-lyase [EC:2.5.1.49]	87201.3982043173	83294.97548247091	164700.5748395605	57188.79087128084	102661.27942681548	64367.24160143712	30440.67171993925	111068.16494768964	49184.85951276347	22037.348257205616	6518.419270371434	12287.064422549392	11161.020875189352	44161.73685107975	2359.1525914197973
K01744	aspA; aspartate ammonia-lyase [EC:4.3.1.1]	14282.627995297926	9458.20143219961	42155.50230875988	5466.871817465967	9993.895773505554	8770.493825598563	2895.2777044762925	27621.10849434211	9062.376329160586	2857.1750221022457	368.45028677282846	2048.2933932804303	1554.9499645418557	1595.5415515542577	277.1673888121321
K01745	hutH, HAL; histidine ammonia-lyase [EC:4.3.1.3]	17009.821737339193	8061.76937474262	44097.02392968016	5357.958985765274	5248.912566807157	4840.986581602642	2985.037881069103	19817.94089080581	8134.368616082	2284.996395322304	607.7278138921026	4409.386119694018	1298.0866429963312	1789.7253702934977	215.1036147247985
K01746	E4.3.1.4; formiminotetrahydrofolate cyclodeaminase [EC:4.3.1.4]	4459.6497911387305	2883.174386949505	1697.258952487566	1509.8267426137106	1796.8217383025951	1691.8040393305084	508.06654543796014	5268.69790748744	985.4069541703308	608.2395140409124	186.27520272059093	326.3808985375026	281.1942586283369	420.7137331645485	48.50329719573019
K01749	hemC, HMBS; hydroxymethylbilane synthase [EC:2.5.1.61]	14876.223119787695	15159.610481504344	12603.240687931017	20101.743541788976	74151.4976576144	38514.75244402708	10075.377072787182	20254.22124369376	9211.540564477513	4911.665672714247	4854.977490826771	4166.021417201983	3297.8830082849604	35730.36139816755	546.730314925394
K01750	E4.3.1.12, ocd; ornithine cyclodeaminase [EC:4.3.1.12]	13577.849164654022	13419.770416311385	17402.208199295943	11537.05234765794	19110.427852333527	16310.308152232725	3546.686551200116	20958.497289074247	8048.049491373909	5214.482233619955	1097.271024192236	4416.304446793427	1875.472942891454	4497.181808402551	652.0786314451684
K01751	E4.3.1.15; diaminopropionate ammonia-lyase [EC:4.3.1.15]	8977.205774313516	9782.26270540044	5389.698632591775	10281.772803896589	61724.54635933913	26802.687788914485	4811.161030703151	10219.550391770394	3507.238901632614	1558.0929816084013	4347.633046871351	3111.7322828351107	1685.3717826277616	33762.27867384572	399.2473636774001
K01752	E4.3.1.17, sdaA, sdaB, tdcG; L-serine dehydratase [EC:4.3.1.17]	46311.73609952814	51132.20707985112	118090.65364383315	40124.401174015205	161651.12724767285	81386.20681554514	19458.99070825098	83475.76322166872	26625.069079472887	13053.445278842708	10977.431597973504	8189.719648764348	8080.106991176966	78865.09359656878	1612.42045612078
K01753	dsdA; D-serine dehydratase [EC:4.3.1.18]	2064.296476543485	1383.5364220981965	1145.4821817562392	1207.6824590202336	2333.2649343970043	2059.8443833452184	1697.6876282711437	2576.2914729566	918.1044261538724	608.9117761751179	266.70927695978867	1209.5081380847848	640.8016262523049	889.9339989353215	147.17219901490523
K01754	E4.3.1.19, ilvA, tdcB; threonine dehydratase [EC:4.3.1.19]	39411.00725628447	33706.63097658407	50470.30899489448	27297.47916569016	81686.19609524892	43860.64229111064	12059.993545155165	44843.2668945301	18769.43534673604	7105.9390244608585	5405.355622560759	8404.631379057213	4727.955734049127	38502.963338316586	1085.3486813170548
K01755	argH, ASL; argininosuccinate lyase [EC:4.3.2.1]	52656.73626298383	52213.01356149399	100599.13190747851	39196.74377467694	87694.87479027043	51014.86645886586	20127.71961520556	77461.65916193352	29379.76394477317	13046.840550408597	5603.572496701141	7941.666733017476	6316.088881313015	38057.14087418898	1538.4638009313107
K01756	purB, ADSL; adenylosuccinate lyase [EC:4.3.2.2]	51288.21328022021	52412.701750157015	112769.3542246763	37629.3131101187	83811.12318106141	46662.98366231467	20397.781731016767	72741.20831110221	31334.481592307377	14067.997555050935	5952.315625968349	7515.130654163417	5988.929274280356	39510.38555637475	1506.689902748545
K01757	STR1; strictosidine synthase [EC:4.3.3.2]	0.0	0.1997801536633607	0.0	0.0	0.0	0.0	0.0	0.0	0.0	0.0	0.0	0.0	0.0	0.0	0.0
K01758	CTH; cystathionine gamma-lyase [EC:4.4.1.1]	1036.0479621955617	641.7917972125279	938.754614195553	1804.6645012810895	1438.9562783556707	935.1176178326984	948.4235191989458	1080.1655666138354	220.4477615747574	290.6869115054	116.17493431340064	449.13544736044935	371.4288906958299	339.0011413023078	108.92393650750851
K01759	GLO1, gloA; lactoylglutathione lyase [EC:4.4.1.5]	41911.080158410085	43643.247272221975	79099.93935823115	41315.71398858848	86213.5028590547	49676.23973230412	26700.4899592492	64127.64487364475	30640.754443847283	17103.155836454236	6538.2643426930445	9487.063971480206	9766.395986257605	39968.56832281991	1548.559034221445
K01760	metC; cystathionine beta-lyase [EC:4.4.1.8]	4671.97457530341	14226.299120481664	26732.07004910326	4260.918599764452	2929.3647602458404	2246.309943382896	6100.108121043536	13221.99831034026	3518.617247262822	2818.9829228575454	463.1313959254596	1761.2818936934325	602.0456210077842	2425.122054717376	212.27339839214028
K01761	E4.4.1.11; methionine-gamma-lyase [EC:4.4.1.11]	3976.768151790389	5241.825941442616	4285.574301637632	2707.330686984008	4779.941436660976	4359.616509785661	958.7951122673036	5043.170935048496	1583.0826382880475	1066.5601320818298	389.3091500799557	488.77488970762704	914.0046198226962	1457.0050111083829	94.59963739037929
K01762	ACS; 1-aminocyclopropane-1-carboxylate synthase [EC:4.4.1.14]	114.94204542464156	22.42391801062604	25.06120608003053	25.434718818577416	70.84147053628139	93.91025305523448	7.589400466541189	32.63343437860294	34.42963757503166	27.80057746896508	2.9198154301846624	2.7555368948415246	7.291371804945989	7.341161014729615	22.904275322714952
K01766	csdA; cysteine sulfinate desulfinase [EC:4.4.1.-]	16.69543428620692	68.05326735104512	108.0652753484258	85.06284908253808	184.4772482162319	242.5178375318297	226.9629260243231	82.09823565460435	82.07981221550986	93.5389685422078	32.48467479276883	131.1935204333561	80.51805130715346	107.7531842473176	15.50038592050549
K01768	E4.6.1.1; adenylate cyclase [EC:4.6.1.1]	5186.9043815286495	5760.009795616781	10320.14237516618	7099.2859960628975	3454.572843050024	2183.6096534742246	5004.917285456087	7523.393592715049	4755.61044625094	2248.117650991036	340.1067358860017	4452.077315152863	858.5350304407735	2531.137127732708	340.04762457908043
K01769	E4.6.1.2; guanylate cyclase, other [EC:4.6.1.2]	0.1350263827398823	0.3792589727982636	0.0255969488512215	0.4873589591725145	0.235163946242615	0.7098523974360659	11.9046339787124	0.5338134957209745	0.3659159441913408	0.2740628486718512	0.327885073039443	0.684672132993431	0.6164859319613225	1.929094846321024	0.0733937164387897
K01770	ispF; 2-C-methyl-D-erythritol 2,4-cyclodiphosphate synthase [EC:4.6.1.12]	46609.990873403	42195.96969540983	93806.9085241478	33681.311255877314	78431.81329884859	42373.40779652617	12918.364360871834	58685.75860855093	27376.91466775535	9826.57652323816	5096.216784948319	5475.834896127037	5061.197395095147	37283.5322999409	1306.6563696307094
K01771	plc; 1-phosphatidylinositol phosphodiesterase [EC:4.6.1.13]	778.6496307785776	1329.708638281299	7055.449970345512	398.0643546267987	75.02869757882985	54.541830112161314	214.84099198884	442.58022637314303	367.9579551640644	156.35755159997427	15.691898958906815	248.78362457439704	74.32592759912797	523.4873751120371	35.78284531032566
K01772	hemH, FECH; protoporphyrin/coproporphyrin ferrochelatase [EC:4.99.1.1 4.99.1.9]	899.9978168033596	5188.552770076441	15647.101275013609	2203.7042477395235	4204.099575628595	2957.239361944049	3150.5545073463136	9065.173408801056	812.3867248050317	1545.7604046124002	474.6961177171149	1514.15800968029	504.7993089117708	1962.0998218780023	111.01902307130035
K01775	alr; alanine racemase [EC:5.1.1.1]	70841.46472942567	72259.42539668636	131088.839065056	51474.335915363314	106242.11785159756	66955.7047879582	29161.72029573477	102598.61330093356	40864.56464488566	19018.302358006724	7010.723115613636	8394.371630234258	9216.688433639418	42524.13927335257	2010.8052148472025
K01776	murI; glutamate racemase [EC:5.1.1.3]	50476.69216965469	50575.45443175324	103219.574724306	34816.609292304856	82863.49144556583	46164.54348363347	20165.62376209454	71701.17632624722	28825.58496450583	13632.554367174293	5884.562180698895	6457.34680332461	5903.026751989098	37905.35665625631	1395.9945658078095
K01777	prdF; proline racemase [EC:5.1.1.4]	1069.9701239391643	1542.4274107725846	974.202383040185	1701.9903305542907	5914.4187998118	4561.37067120899	574.700194044932	1079.385400483681	374.7016230961159	968.9111925466868	492.220412617358	355.5977268178789	461.5907311476216	1283.387759379653	97.81900717056448
K01778	dapF; diaminopimelate epimerase [EC:5.1.1.7]	47018.57114370077	40950.667724727	89222.87053548783	34391.842929432925	80060.56105920611	44252.383710447895	17719.42011991798	62624.16413658758	26019.28621286971	11982.427142359307	5397.478801411113	6834.135713595171	5638.803881383474	37480.10098728792	1404.8670462584837
K01779	racD; aspartate racemase [EC:5.1.1.13]	16349.436455750323	18328.88312661976	25225.819689372256	8603.589077769986	14680.09526881404	13487.020643753756	8154.904665993094	32546.532245384988	5506.40236467381	4469.491865631928	986.4993388407312	2903.7948402911534	3791.351725392869	2152.2710584332453	400.6030988444385
K01781	mdlA; mandelate racemase [EC:5.1.2.2]	38.82579485765969	0.6871491764336526	15.03305081127824	4.698752173038949	0.4328181181194667	1.4480182926127014	6.35458963067749	75.52778171844378	17.396039507424014	8.699093942281209	2.306483636705179	5.031902608630305	3.640804753897822	3.1046919165315856	2.425918052864688
K01782	fadJ; 3-hydroxyacyl-CoA dehydrogenase / enoyl-CoA hydratase / 3-hydroxybutyryl-CoA epimerase [EC:1.1.1.35 4.2.1.17 5.1.2.3]	33.525896091886544	126.8912650025782	549.0842952502512	1434.354281334005	1233.1366696133546	718.1366240811976	1583.2808882838503	232.1902639068571	298.2590798216106	306.0488349628523	155.74348872314891	1036.5185043910265	272.5670935267293	954.2714708780096	31.17405814036205
K01783	rpe, RPE; ribulose-phosphate 3-epimerase [EC:5.1.3.1]	75108.21483529334	65488.70190943396	123053.69487166616	44068.41226373926	102974.98101627364	64415.02476663156	25937.355735111298	95705.23436129894	37867.21350324743	17440.482058870803	6382.974953403203	7841.911654855601	7412.824961424912	40575.34844733376	1893.6121225664565
K01784	galE, GALE; UDP-glucose 4-epimerase [EC:5.1.3.2]	71159.73691085607	76892.11568919368	163493.50902509637	57268.36065905263	102382.03374766464	62460.167205289705	29271.555134530758	100389.3072742068	40941.924631794165	20140.25912755954	7067.565196612645	8737.472485755105	9602.745655226632	44198.90021519602	1960.468113239842
K01785	galM, GALM; aldose 1-epimerase [EC:5.1.3.3]	83487.1685932433	75478.53335492381	228915.9942242425	57519.33724702423	83450.47476291098	47480.28161439456	22518.43412214677	117538.14144312157	56547.663474786044	19442.07657700267	5611.719399084569	9549.931749920906	6083.441539415859	38583.96980246437	2557.983578294308
K01787	RENBP; N-acylglucosamine 2-epimerase [EC:5.1.3.8]	18171.711471063874	9876.356712873176	53266.902338433385	10553.956929954084	1298.0158266430772	1395.2669199070513	1094.4395048253318	23469.698363199965	14228.604585401832	2956.785857720419	105.26141476585138	1127.3142591177473	1162.160991516439	771.0608453351983	446.9621892251642
K01788	nanE; N-acylglucosamine-6-phosphate 2-epimerase [EC:5.1.3.9]	14050.631873812534	19352.07014601605	33488.17890397377	10993.238856267424	68937.65355665973	32532.661198765425	10437.178808417611	22280.41204100409	5034.153182667562	5529.07405398048	5039.645654714359	2388.3419547222484	1610.204928097519	35722.53392752183	381.6947471289848
K01790	rfbC, rmlC; dTDP-4-dehydrorhamnose 3,5-epimerase [EC:5.1.3.13]	50574.8966023504	49903.81286767777	112045.24374769173	30055.1133209225	77107.07377920189	39993.33076043707	14422.735933282049	60730.41354947872	27524.30237986678	10295.189506234054	5115.134799482922	6029.258206438735	4944.124553546893	37050.13657548078	1232.6098719504623
K01791	wecB; UDP-N-acetylglucosamine 2-epimerase (non-hydrolysing) [EC:5.1.3.14]	41034.294191263	36171.20667572445	135070.19234867214	35623.40616057003	77189.72698110167	41279.5315836436	21581.20885417992	64755.97824990403	29195.05431264516	13491.576980818496	6012.557852548855	6519.807122329479	6673.122715248423	37986.98212372592	1301.3634094925224
K01792	E5.1.3.15; glucose-6-phosphate 1-epimerase [EC:5.1.3.15]	41.84544661864647	492.0177874303227	2985.682896296739	3077.7800753047545	354.771429729612	623.5272341985589	470.8201445804608	472.8897830667746	2286.2969681795657	405.66638697589815	44.26826956487437	237.1893704901587	191.51293772099365	587.7325436051023	82.5670966104051
K01793	GLCE; heparosan-N-sulfate-glucuronate 5-epimerase [EC:5.1.3.17]	2.3269422661929622e-05	0.0001032067371996	2.4817952274607052e-05	0.0004862610869818	0.0002433348409896	0.0002951543541441	0.0003128034532467	6.730869776364111e-05	6.312997279330843e-05	8.991270484573561e-05	4.342795994124833e-05	4.497648955392577e-05	7.031983580426268e-05	0.0003205594559814	0.0
K01795	algG; mannuronan 5-epimerase [EC:5.1.3.37]	5.62124420947152	13.412454014511262	33.67239335176452	48.70374892064921	105.70781808061712	241.3941805137636	129.56118678360912	30.04280982880092	17.32253863123568	55.85941562753101	3.5494437241791674	140.33666736559218	43.37813555233097	44.43215156043197	4.833340034890264
K01796	E5.1.99.4, AMACR, mcr; alpha-methylacyl-CoA racemase [EC:5.1.99.4]	6.0	22.4883504223474	1445.3813436680248	3503.615484592371	2826.850223041024	1175.390133213286	315.8183295836147	15.0	36.70601097673515	328.2081474859102	159.48970196431503	450.3148131012482	115.13648519260737	139.4354945403604	30.088598048625062
K01799	nicE, maiA; maleate isomerase [EC:5.2.1.1]	1162.8089094972383	536.6884612230787	1331.7229422415496	2883.214561956792	2282.670442166007	1087.9650642020508	712.2679560358694	1022.546874171737	334.692026386996	413.6174656352696	147.24815015706	1196.410435801396	167.42344991266887	438.5619062443704	12.695746370178425
K01800	maiA, GSTZ1; maleylacetoacetate isomerase [EC:5.2.1.2]	4.004086066737197	18.341476849502214	21.27476361885982	63.88474808990468	271.71922761526343	192.00643284926795	602.0759343259908	74.47615386211548	184.76506209608087	127.31665395126517	30.339922211225566	894.8900354137522	53.96865563313941	576.994905808659	30.09054708619228
K01801	nagL; maleylpyruvate isomerase [EC:5.2.1.4]	4.156510525922634	23.76650648594909	16.281182241607688	58.03778527365328	309.1330846413705	123.45366307542167	798.6205289152757	112.62127667293828	336.15758107486926	175.8820998416886	45.71067617984882	1504.4432034663414	95.38674876779562	749.6655615311788	51.08440874287968
K01802	E5.2.1.8; peptidylprolyl isomerase [EC:5.2.1.8]	17304.027025052026	12272.321780315462	66932.47537218302	14703.923081945508	3648.4167429296094	2840.6457823489845	2169.573463639134	25315.762359352197	13749.398063507442	5007.67045467711	199.7369896567521	2152.062477776121	574.1893367951415	1296.5952437999977	720.8859207801568
K01803	TPI, tpiA; triosephosphate isomerase (TIM) [EC:5.3.1.1]	77192.31273988818	69927.60190197472	145657.43307679877	55236.34932421376	104462.52660249168	66211.37124701816	34980.43181376586	111470.0213153359	47152.69190988819	22707.125420846714	6974.527988883545	9159.489703103554	9421.668614172737	41067.44472278013	2240.58420143422
K01804	araA; L-arabinose isomerase [EC:5.3.1.4]	17026.9286812176	18275.23704747889	55687.88023546928	13207.668183999684	50512.2520892084	22866.490161950445	12897.816536249	26838.46077117	12343.52100748361	7322.93489771614	3885.217919673103	2753.3851756587487	2114.1495715244178	27425.02278083296	497.0403667311023
K01805	xylA; xylose isomerase [EC:5.3.1.5]	11084.409365877567	16909.119023297935	48076.363799483486	13240.604413920271	4969.291201674343	5145.831980184502	15022.028253281956	18976.805095064847	16259.497314196253	8708.514700092075	1118.3781283667777	2763.6902716235754	1285.225717243281	3164.8840826409	566.2423963939053
K01807	rpiA; ribose 5-phosphate isomerase A [EC:5.3.1.6]	3598.187348743284	11767.473307524782	31052.082268991904	10877.213709356078	65443.140369459165	29454.293767345796	7696.613435846621	13590.73269623838	3605.163478103085	4147.854014518137	4794.569725249622	2748.23071326235	975.5889213005324	34668.34630908063	211.0371238468007
K01808	rpiB; ribose 5-phosphate isomerase B [EC:5.3.1.6]	57139.43545680035	55803.05312073128	97752.7961463076	42839.5471727096	91396.48837875416	54232.78964128115	23446.144555865445	73940.48540221514	34536.70164272897	17210.763772643637	5954.78201685127	7348.776946921149	7225.788481630851	38995.15672375522	1843.212070656071
K01809	manA, MPI; mannose-6-phosphate isomerase [EC:5.3.1.8]	34664.40094322595	36205.74650962625	124108.98922747347	37367.45558737508	124783.94917596082	59031.99421005357	16552.400291376944	60117.69199946955	28569.32678250575	12168.91386165668	8643.313373879833	4979.180109971522	3647.255634230291	64170.19244943702	1308.8462041112189
K01810	GPI, pgi; glucose-6-phosphate isomerase [EC:5.3.1.9]	57837.850768357246	56198.44869754659	115337.69094659072	46537.70793045275	137931.7713852858	71818.27763685174	21969.01491737816	84002.04438030593	32984.375823199334	15132.756127348162	9254.48026910206	7657.315710401943	6836.678837437163	65024.63612375868	1760.4456115269184
K01811	xylS, yicI; alpha-D-xyloside xylohydrolase [EC:3.2.1.177]	29101.527406911347	16529.07366286491	92274.0682327702	17452.66974579877	64556.45387711967	35354.533880682946	16437.504787378624	40995.80361954529	20679.042930258216	9797.283817606138	4130.638461638623	5561.325070843051	3014.7351156625173	28778.4771000403	663.6402332695515
K01812	uxaC; glucuronate isomerase [EC:5.3.1.12]	18259.652030161204	13483.060482340885	50485.89545197817	11517.428726613489	16880.122124317553	10187.959590389491	6880.432594458685	24984.50046918533	12332.280266220065	4246.694065713095	1286.6790821024952	3327.902178168688	2693.015735140859	8342.686836904672	492.9712490087189
K01813	rhaA; L-rhamnose isomerase [EC:5.3.1.14]	11221.619025620172	9771.631776534516	43141.30476880354	14108.296571664609	48888.92992378134	20831.760098676656	7513.13991304197	17682.187962289754	10998.278822915689	4964.33802209448	3671.646611994478	1849.0096716570376	1635.9974387718655	26442.62412731473	388.3087292300421
K01814	hisA; phosphoribosylformimino-5-aminoimidazole carboxamide ribotide isomerase [EC:5.3.1.16]	45029.98114269079	44291.47703787313	71688.25696934917	37351.370991624426	78045.57300189052	42950.353911228674	18256.963953459395	56946.36003919465	26457.105389407287	11507.152341445011	5371.091544690612	5940.373311233951	6122.104434673684	37400.69471056888	1503.8806688660989
K01815	kduI; 4-deoxy-L-threo-5-hexosulose-uronate ketol-isomerase [EC:5.3.1.17]	15461.91593978665	8672.017809438781	44687.63150376927	6138.812064137737	2411.786733288379	2049.8282526436533	2887.109862829633	17134.13570508255	8591.51673316202	3031.36607598937	267.937493071639	2172.156900233137	2103.1955652821102	1057.9190098415274	293.1534280159582
K01816	hyi, gip; hydroxypyruvate isomerase [EC:5.3.1.22]	2658.303410650911	6004.706292623835	5995.678479000631	11248.686743281614	5189.19695973817	6101.611621924263	10541.0059800122	6663.019749681401	5480.276479040565	3347.583671130974	616.4752752451423	5481.515650915273	2645.1714948165554	2304.6109938224827	278.48228811845814
K01817	trpF; phosphoribosylanthranilate isomerase [EC:5.3.1.24]	33041.88597638158	39344.2186175744	90010.73905555795	24846.624712078483	63362.47387212109	33951.084258731826	14880.81496442616	50194.95134332558	22349.801630246613	9161.076719828989	4318.93238544899	4340.037360817429	4158.706334386494	30184.49983070835	855.487647580155
K01818	fucI; L-fucose/D-arabinose isomerase [EC:5.3.1.25 5.3.1.3]	15677.572388172444	13919.143220483442	31948.497278424897	17325.744124770717	22859.77052824292	15172.466349341685	9360.913172691646	23029.378858328117	12875.662575106557	5889.218869966986	1551.499569166972	3271.363580399285	1913.434558472752	8491.325995258181	572.4825588643457
K01819	E5.3.1.26, lacA, lacB; galactose-6-phosphate isomerase [EC:5.3.1.26]	1016.343325718075	8912.013386090297	27172.234126644245	136.80524347017828	1202.8599813877488	1053.5966208362836	2921.922367813205	13556.234239745165	374.2655526148904	520.1493500958038	141.71524570168444	371.063913024702	62.15877963942377	657.3405281639815	0.7544196360783901
K01820	rhaA; L-rhamnose isomerase / sugar isomerase [EC:5.3.1.14 5.3.1.-]	462.39969666361367	1982.3203469412963	890.8299494177186	1981.88984215641	592.7061062710575	731.4469126801193	3439.238291668533	997.7877384356624	2021.6783794131136	1372.357667200216	224.2459101560825	413.7410536937067	178.37075032125307	295.63828987836433	107.84890243874965
K01821	praC, xylH; 4-oxalocrotonate tautomerase [EC:5.3.2.6]	12198.545410292198	13690.421884989051	33038.554453055585	7447.029508455016	5045.564551815494	5403.108171525362	10670.852574057182	21697.34355591391	8975.718387097899	4853.958557950977	823.898391454826	5220.894585504586	1044.0332887395214	3044.519721978433	374.94216086147605
K01822	E5.3.3.1; steroid Delta-isomerase [EC:5.3.3.1]	0.3569276456811926	2.026156768876424	0.1166564403150345	1.4221433005869315	15.080683131210662	16.213927816203018	15.88568087303172	1.4229934214215167	10.687282798848448	14.43700393839196	0.8623770848512615	155.5055600095133	1.617660764565922	5.095398393758778	0.1865971147970543
K01823	idi, IDI; isopentenyl-diphosphate Delta-isomerase [EC:5.3.3.2]	4045.370227332657	11563.441895634029	18523.87786842768	7076.457309638899	61684.84662201342	25852.52569709564	3583.7501555862905	10817.347853931416	1356.0833196350677	2416.998928269701	4466.968341636098	839.4497284094472	546.6207056392531	33758.41930910675	132.62223924129927
K01825	fadB; 3-hydroxyacyl-CoA dehydrogenase / enoyl-CoA hydratase / 3-hydroxybutyryl-CoA epimerase / enoyl-CoA isomerase [EC:1.1.1.35 4.2.1.17 5.1.2.3 5.3.3.8]	10.0000055233354	53.53175186148	27.05866290355958	85.02588627067095	184.47350146846287	242.51051684280787	238.34574684120815	84.08310493913064	82.07650958147894	93.53493944037764	32.48411391730255	129.6798162705124	77.634477298424	241.74877381440112	15.613121836175726
K01826	hpaF, hpcD; 5-carboxymethyl-2-hydroxymuconate isomerase [EC:5.3.3.10]	4.249052933173949	19.33834828649956	22.89563706907128	55.47457485124925	322.65492323743	151.8297134478247	872.097408626518	124.73548100610168	334.62510139959267	162.60951788416764	46.00421428531513	1475.484434125082	98.1473966427687	819.6817941137905	1.3761749226258124
K01829	E5.3.4.1; protein disulfide-isomerase [EC:5.3.4.1]	1.2965797645166175	4.602546489919186	9.013149848064586	2.348294853182031	3.1285203908007126	3.90344271518384	56.27760502411002	3.400535051670377	3.267358017565149	8.964393684194835	31.520816013669464	3.0458256829433985	5.858739847357633	58.38435210566008	1.0960384996017805
K01834	PGAM, gpmA; 2,3-bisphosphoglycerate-dependent phosphoglycerate mutase [EC:5.4.2.11]	23967.432066166617	26613.49996617489	92848.02837248443	13778.195555294313	17922.842675851898	15849.220457161904	8373.663824362888	46886.9798007912	13846.20202375809	7107.288565939913	1053.481371404857	2583.0960558201464	957.8051702564916	3633.07762048776	560.0786254949401
K01835	pgm; phosphoglucomutase [EC:5.4.2.2]	56625.59079060561	57602.81014898791	122431.7007091037	42719.5905138356	92986.63174137128	55725.13072734593	22062.17399524151	82114.03526824262	34140.77299256414	15335.672035635787	6152.308154121216	6638.819407034792	7269.990452211757	39189.48683173201	1696.2297057957123
K01836	PGM3; phosphoacetylglucosamine mutase [EC:5.4.2.3]	7.015017255426905e-07	3.1113665897528545e-06	7.481851439982945e-07	1.4659280401491415e-05	7.335799143748797e-06	8.897998534028205e-06	9.430064741886468e-06	2.02915080065464e-06	1.9031750590195604e-06	2.710592287306185e-06	1.3092197979379626e-06	1.3559032163935665e-06	2.1199273773678693e-06	9.663884436546216e-06	0.0
K01838	pgmB; beta-phosphoglucomutase [EC:5.4.2.6]	13252.41783587572	9825.916987055192	22247.48973036786	2230.3085491981747	5725.955211687771	6000.030207143464	3662.38679121934	18676.27265827198	4461.985188628004	3748.484173105982	465.1888843059732	1079.5807402179405	1136.2478440582695	687.0901077054264	179.5585114950075
K01839	deoB; phosphopentomutase [EC:5.4.2.7]	18981.985390154587	17724.15981485419	21843.413274115792	12668.065638104155	75351.2887394135	39096.24039746148	7976.710045062282	24951.710429303363	5435.903657753606	5188.588057956582	5008.943115778865	3454.838327530201	3063.049140509414	34652.79883127471	541.4851552124597
K01840	manB; phosphomannomutase [EC:5.4.2.8]	17968.50580378029	11037.281863350898	72770.53722246242	14664.197294387805	3941.983837703651	2696.60030649305	2818.513860214618	28329.521925494388	15954.702199795414	3946.7103800743794	327.50188245581205	2084.3000001022	800.1922921694319	1215.6766483709998	581.5344777240584
K01841	pepM; phosphoenolpyruvate phosphomutase [EC:5.4.2.9]	2809.9653354802026	1744.2632691327676	1311.2316132214714	1319.5634185081751	913.6142237212122	964.5488540645548	1424.9389358877108	2411.492778876888	927.8992223847364	391.9056830069229	64.98928245800082	683.8321813725253	320.69937327707095	668.0882054784101	69.57559115291562
K01843	kamA; lysine 2,3-aminomutase [EC:5.4.3.2]	5814.967771777733	7232.167533395896	16592.12958052101	9233.216804349717	5455.239455592615	5078.7542565360345	5967.383163374143	10359.601237842347	4949.819622287905	3013.790266130547	721.2070205856414	1169.494351294344	1819.699888285828	1139.117695587434	219.7806520006396
K01844	kamD; beta-lysine 5,6-aminomutase alpha subunit [EC:5.4.3.3]	2297.951516238109	2732.843446052851	1091.3052405409842	938.305055190021	1327.0474384297424	1336.3653677483032	302.44845960229713	3365.9998376831536	1099.460822868915	438.5025990992993	147.7021928539234	89.88360876034191	262.7511486753255	301.5334123374257	93.18544272515923
K01845	hemL; glutamate-1-semialdehyde 2,1-aminomutase [EC:5.4.3.8]	17934.532860316573	19241.6338303261	14313.670408127782	23221.51650486389	75920.45783380765	39901.64313753479	11736.771015106458	25164.706465504943	10627.777926724844	5705.008117266503	5008.491725026788	4863.96734332599	4688.563532212182	36170.16839647985	603.3261952692931
K01846	glmS, mutS, mamA; methylaspartate mutase sigma subunit [EC:5.4.99.1]	4085.826876935819	1798.9336219018492	5339.472464256119	2198.276409982187	9416.818685577951	8283.650799847985	498.72850846084754	8803.939829891286	1485.1592982788925	664.2595383154592	224.0149519050772	418.4317848966497	941.107555446354	420.5002658839343	85.07975693933335
K01847	MUT; methylmalonyl-CoA mutase [EC:5.4.99.2]	28216.163258249668	19666.18004189941	103297.00239168695	28254.28486438213	4900.354236553781	4007.514420020387	1458.6294743843728	42052.111061070405	28013.956948405736	6805.189090226913	163.34911558786834	2734.0795354116563	669.3617744349065	2018.8853951427973	1059.8361612087424
K01848	E5.4.99.2A, mcmA1; methylmalonyl-CoA mutase, N-terminal domain [EC:5.4.99.2]	1944.1775649862789	1287.0282516529985	734.3741129030826	963.8369610554794	2327.9925942033583	2394.766677333959	900.5513388876243	3135.2847391369746	1023.7072332493682	400.0127953026145	219.99566848076736	174.95266098836476	338.515464590058	556.755896890869	112.56849341409963
K01849	E5.4.99.2B, mcmA2; methylmalonyl-CoA mutase, C-terminal domain [EC:5.4.99.2]	1338.257235510761	959.0077478013026	587.6257215977066	761.4455022360639	2255.4088488785446	2296.7739288161147	598.0004902117165	2188.785204405838	725.1254666385978	310.11576742331454	196.80971342894807	133.17489393512955	244.94052742974577	475.5276690830348	75.33888176473826
K01851	pchA; salicylate biosynthesis isochorismate synthase [EC:5.4.4.2]	0.291329426072728	1.2928494384769074	0.455069539420341	6.376616079798516	3.821679080644366	6.028292807395323	5.773647887444728	21.99140433831685	0.9728345508584026	1.657767451961874	1.820143510132884	7.82581693337609	0.9716217516848804	5.008802828256037	0.0
K01852	LSS, ERG7; lanosterol synthase [EC:5.4.99.7]	0.0672397433462403	0.1953777535728644	0.0127466368888699	0.2426925069553062	0.1171057319968544	0.353488644580386	3.0045608561855848	0.2658256980503143	0.1822169391971428	0.1364764072880086	0.1632785216553354	0.3409495060494115	0.3069944924874572	0.9606407260946938	0.0383381271341956
K01853	CAS1; cycloartenol synthase [EC:5.4.99.8]	0.0111056472631154	0.0311932845107971	0.0021052973440104	0.040084290056963	0.0193417596100699	0.0583839259768065	0.4962480727735849	0.0439050818623238	0.0300958473572347	0.0225411157694825	0.0269678850171953	0.0563129000838166	0.0507047227668445	0.158664154853401	0.0059346345095196
K01854	glf; UDP-galactopyranose mutase [EC:5.4.99.9]	42196.07334300921	34396.65266774449	61763.89262220303	13115.501493278549	24718.95644985713	21627.289306841583	7536.4840294904	57195.66728450589	15723.921847629195	7086.252817345725	894.1385607501422	2298.580659912821	3822.759611693709	3655.166511261372	863.1578618458211
K01856	catB; muconate cycloisomerase [EC:5.5.1.1]	8.307214724404785	32.96695005558368	34.11882381949951	112.87073019734952	430.8958483425288	236.50085145352284	667.6123638093101	107.3373937415469	293.8284943304944	429.2093778687545	63.83521353608269	901.70735910349	60.83006214994733	612.1021833516577	0.2601378206038099
K01857	pcaB; 3-carboxy-cis,cis-muconate cycloisomerase [EC:5.5.1.2]	13.93476110467011	25.97248589675445	28.721326315755164	70.86670494640438	420.99300168863857	234.20327808342768	999.1218457085364	137.95957537742012	345.362783259514	191.25687409547928	74.90250967839808	1507.4631618277067	113.81671769998556	819.6892144628042	0.2737397228719898
K01858	INO1, ISYNA1; myo-inositol-1-phosphate synthase [EC:5.5.1.4]	7083.1628797779285	3722.258478919037	34596.85214827927	4653.144329960742	1559.808955383196	921.987824421378	330.2405808898967	10363.69403798002	6327.3144298268135	1393.4741410664362	80.54711672595758	672.8981333648911	137.43663528722706	113.91575271052268	181.7004825016245
K01860	E5.5.1.7; chloromuconate cycloisomerase [EC:5.5.1.7]	0.0	0.0	0.0	0.0	0.0	6.025048169556843	0.0	0.0	0.0	0.0	0.0	0.0	0.0	0.0	0.0
K01865	hab; (hydroxyamino)benzene mutase [EC:5.4.4.1]	0.0583165297892992	0.3296677797746951	0.0621973683730196	1.218640426809957	0.6098322124065947	6.764747556858234	0.7839305755232628	2.871781420645185	0.1582128182759719	0.2253342081903644	0.10883673206666	0.1127175706503805	0.1762316521143053	0.8033682371746304	0.499837008658374
K01866	YARS, tyrS; tyrosyl-tRNA synthetase [EC:6.1.1.1]	55251.89188802132	55118.40489028789	115693.78461686015	49361.699281204375	160930.769512126	81332.24596667924	22997.845362256045	80223.70885752598	32970.89272793017	15300.929640590604	10719.008569346615	7293.325462752618	6903.249815828518	77888.12443325091	1664.8754905072087
K01867	WARS, trpS; tryptophanyl-tRNA synthetase [EC:6.1.1.2]	64521.29285578326	56996.44853499276	116063.45933217964	43122.23256484534	137923.36184616067	72218.51184335758	21140.27948162436	82303.9226176044	33252.50352555096	14829.36265210874	9038.753508106684	6889.463972529192	6223.1452833691865	64876.19753552122	1667.8525624672902
K01868	TARS, thrS; threonyl-tRNA synthetase [EC:6.1.1.3]	55749.64222023697	57204.39739924963	115067.63025584942	48381.036659765225	149392.50138865534	76864.85329323137	22578.471167393684	82544.81002322746	32352.155954769994	15142.5999366943	9998.989975126857	7656.0282464574575	7825.24687049107	71347.50290391083	1655.6878191432415
K01869	LARS, leuS; leucyl-tRNA synthetase [EC:6.1.1.4]	54180.94650255222	51754.69885405934	120862.03361497994	38993.570895324025	90899.14125414984	53164.65654155073	21072.605447379658	80101.54548688541	32912.41602700872	14457.62103170783	5935.045717581931	6673.52415463155	6156.183503060271	39322.22658134431	1525.1198711418042
K01870	IARS, ileS; isoleucyl-tRNA synthetase [EC:6.1.1.5]	54713.508945492256	53503.52451691417	116352.833159118	39405.45742330684	91364.02692153702	53448.26327309698	21180.57025045904	79576.24978330641	32427.216678351742	14498.704784579888	6017.979171085026	7661.480516085645	6300.8425861508695	39596.77754394509	1552.1490264144584
K01872	AARS, alaS; alanyl-tRNA synthetase [EC:6.1.1.7]	68500.67742153972	65085.85179445062	122443.48461163726	51654.00828238549	154722.33722358415	82295.0382195977	26271.62044241435	94564.03526973206	36427.1137416086	16863.135286075183	10476.05435268081	9775.084771198392	8617.865827902076	73384.25522327058	1998.771309756816
K01873	VARS, valS; valyl-tRNA synthetase [EC:6.1.1.9]	57335.0837458491	55490.712770031365	115961.29420519392	42276.93720878621	91851.9889977574	54181.76131086795	23271.096534788827	83449.83636613496	33385.05016886389	15961.864185018734	6195.317373137374	7817.624988628097	6939.447481171993	39758.56618127348	1737.9126325737957
K01874	MARS, metG; methionyl-tRNA synthetase [EC:6.1.1.10]	64130.60020438366	59783.35011565758	124130.32301165986	53527.32359299063	176943.66097541066	95608.94686183658	24410.574763785	96348.79278911726	34022.20586409425	16291.52719479663	11049.398618496689	8449.47660017078	8489.346923790425	79295.77578058159	1868.9499209088056
K01875	SARS, serS; seryl-tRNA synthetase [EC:6.1.1.11]	54401.814513770805	54101.226087077375	115162.72533243665	41519.36269666429	91749.89141736654	54059.45403157189	21899.67641832841	80188.92391242823	31958.235931102008	14503.504655781911	6037.6798033984805	6584.923806064611	6541.409559502101	39296.58073098182	1580.0720548673444
K01876	aspS; aspartyl-tRNA synthetase [EC:6.1.1.12]	74019.08388379254	71394.93872637593	120467.71682442327	45127.44276720368	108163.21745368028	68648.22335506915	23080.35832136466	103440.8192461343	35557.44413038976	16924.74004555612	6156.31756175004	7177.043611697916	9131.539529186448	39703.02097397698	1896.331243588222
K01878	glyQ; glycyl-tRNA synthetase alpha chain [EC:6.1.1.14]	1625.8302679162734	7214.3850991507	19104.395297333867	1703.0952798391486	4559.273434157065	5119.97477527388	5777.658377704458	10782.069412950934	1758.0385387292351	1966.7366250477348	605.2243512508308	1870.231532514885	549.3110770004189	1966.649487363051	122.31847440410604
K01879	glyS; glycyl-tRNA synthetase beta chain [EC:6.1.1.14]	1632.8305137654738	7233.057844626041	19133.9410308636	1744.8957399549238	4605.9402746328215	5257.538954731277	5706.721644733225	10783.081103184828	1695.4346328067977	1972.781983559741	603.4850395990075	1584.7827571446364	570.6337241502539	1844.958632421464	127.11017815257372
K01880	GARS, glyS1; glycyl-tRNA synthetase [EC:6.1.1.14]	52456.625940820326	46161.83501685511	96131.10682775865	37588.84600197904	86324.69248663427	47989.75927173004	15466.71111441575	68279.72246137471	30526.38497068313	12613.71309916868	5360.915015101395	5167.300315013147	5576.642774095286	37459.43905256234	1447.859297242018
K01881	PARS, proS; prolyl-tRNA synthetase [EC:6.1.1.15]	56167.95342864954	54299.803483364	114398.08773073352	40320.81697067298	91377.58631600311	53889.69159356652	21775.48391397726	79531.12754257074	32436.953154084396	15287.824561877424	5964.844051304955	7084.412571322849	6590.74333006049	39411.8049293446	1558.452509929358
K01883	CARS, cysS; cysteinyl-tRNA synthetase [EC:6.1.1.16]	57588.782950608205	58414.58160833068	117276.08190751476	41856.90675101199	93037.5288071237	55435.05306820951	21613.183156470302	81613.74175169949	32696.71667012749	14513.441464561229	6184.261254917	7085.518368617057	6626.41352436829	39498.61107851552	1593.9662589375937
K01884	cysS1; cysteinyl-tRNA synthetase, unknown class [EC:6.1.1.16]	9.788487709012273	36.92473311524896	55.11886904913369	49.32733474070931	322.97948844462053	183.81824572043007	19.705743027512767	7.280496216790934	14.053680683663565	104.03822093783374	31.613795402977324	8.382294391308353	8.01312704005422	147.4733199718148	2.352695252040206
K01885	EARS, gltX; glutamyl-tRNA synthetase [EC:6.1.1.17]	67788.71906913935	56205.76700140124	111097.4526608149	49608.08594645097	94546.21589219652	57563.67436430651	23054.559511773183	90103.5852039286	37605.96092679825	14954.80624342671	5600.626522793192	8087.126141690535	8099.558719666435	38427.30497392865	1999.9316066944507
K01886	QARS, glnS; glutaminyl-tRNA synthetase [EC:6.1.1.18]	47106.58115885143	40517.00990367579	87271.06861768595	31788.49296550465	69338.85696273098	35067.43358504907	12950.37844871747	55732.95543496654	28256.53489906917	10002.194952309248	5010.830653561059	5392.264036511273	5077.084268829822	35685.63595079431	1339.247930244376
K01887	RARS, argS; arginyl-tRNA synthetase [EC:6.1.1.19]	55388.19023593806	55865.79155295832	116595.75504780804	50717.64314824663	150428.30220253728	77364.33487324085	24101.753096614837	81631.93101655078	33509.13945350217	15411.554382844162	10069.454968741107	7691.432933021404	7163.539669763488	71296.99732271318	1681.1308563008197
K01889	FARSA, pheS; phenylalanyl-tRNA synthetase alpha chain [EC:6.1.1.20]	54378.04804759524	53288.164491807205	114671.50047530152	39547.52639333132	90915.82296077356	53184.74674771653	20781.99682588705	78812.11438194313	32215.11784069984	14408.61000711834	5926.835172543975	6878.502437336545	6147.1537248847	39352.88779917291	1550.4692312601248
K01890	FARSB, pheT; phenylalanyl-tRNA synthetase beta chain [EC:6.1.1.20]	55459.54070682413	54480.67968181337	114787.61164385435	40031.71825910342	91236.78370053852	53627.76533641921	21796.04271383594	80926.01456679718	32769.939350477915	14809.87841768912	5999.718389026295	7451.201283901738	6380.571915733386	39533.27034704878	1627.0703039586947
K01892	HARS, hisS; histidyl-tRNA synthetase [EC:6.1.1.21]	54716.16723798498	53984.62131381488	114097.19808195674	41611.84132811262	91418.5371987259	53752.86255008174	22062.89433297476	81180.28113125768	32329.922499857785	14947.15306905176	6064.920325014523	6651.912882102101	6509.224081789948	39413.13388178728	1634.7406620457068
K01893	NARS, asnS; asparaginyl-tRNA synthetase [EC:6.1.1.22]	40490.24519087709	35380.8796754965	109763.5189345616	30279.175627510114	89680.78936598395	45575.33759929505	10348.721800464866	64384.65017074385	25062.39439980812	10238.723373400437	6064.1610659883945	3883.7118758400857	4803.148868362012	43188.59001543918	1164.6000355066285
K01894	gluQ; glutamyl-Q tRNA(Asp) synthetase [EC:6.1.1.-]	230.37535114826665	657.9528818165177	3998.386396502324	3217.699352616821	600.1724168147981	699.7470430535939	691.682532567802	1192.416854652413	2582.51320796491	476.39928412811287	64.6653110246102	986.5902924753888	223.8434638392293	1102.439586613248	80.97192671590665
K01895	ACSS, acs; acetyl-CoA synthetase [EC:6.2.1.1]	34927.28874284269	34286.027440660226	84835.49334150195	28120.57221069539	31078.744760272337	27215.2298212911	14942.560817369853	54819.56646935208	23182.608128142227	10814.988539451306	1206.6742625297063	5183.789818767405	3313.856398542332	5400.149286265189	1232.2676428577397
K01896	ACSM; medium-chain acyl-CoA synthetase [EC:6.2.1.2]	148.4490022440498	738.546210202014	327.1674587112549	750.3492127891394	228.51301629564853	279.1931232466189	1280.8220826029367	374.69091957025216	751.1624372123991	511.9246250131623	82.13228518380318	148.7877577329641	66.97813658377426	115.73640556139956	20.902912288847144
K01897	ACSL, fadD; long-chain acyl-CoA synthetase [EC:6.2.1.3]	64620.8843384621	50367.58341158751	229196.40638638864	62069.37394661187	74392.18228521106	36205.043159029374	23815.038324120327	98595.55792963057	56999.860808391386	23627.503823061863	5848.036882886461	15362.142569540694	5870.322291215332	40244.50569853561	2246.274494831502
K01899	LSC1; succinyl-CoA synthetase alpha subunit [EC:6.2.1.4 6.2.1.5]	0.0	0.0	0.0	0.0	0.0	0.0	0.0	0.0	0.0	0.0	0.0	0.0	0.0	0.0	1.6182327478824132
K01900	LSC2; succinyl-CoA synthetase beta subunit [EC:6.2.1.4 6.2.1.5]	0.0384544213389984	0.1080098869616869	0.0072898039341974	0.1387958884706153	0.0669727892361283	0.2021602195482787	1.718308895194226	0.1520257646273667	0.1042099003696052	0.0780508819265043	0.0933790159639881	0.194989083962357	0.1755702055862282	0.5493906043993296	0.020549269260511
K01902	sucD; succinyl-CoA synthetase alpha subunit [EC:6.2.1.5]	3961.25384620799	2747.482417470267	25286.79021037049	6107.944022299781	2468.0675776928174	2380.5759772234333	3073.89147692414	7774.106052237657	7087.9269159141295	1702.6953003659837	346.6321326044229	1522.7467564791132	686.7774197763824	1577.5442833405828	152.07037274723976
K01903	sucC; succinyl-CoA synthetase beta subunit [EC:6.2.1.5]	3759.526710441534	2641.07415055892	23203.31381172446	6078.922800669929	2509.959209423629	2385.3901461725677	3278.1735087960437	7302.843882528145	6810.335324661456	1706.1117451745458	353.0741180577597	1922.5275716778956	704.8692361651612	1788.3996398218956	163.71982544221015
K01904	4CL; 4-coumarate--CoA ligase [EC:6.2.1.12]	0.0229598061338685	0.0547829435069279	0.1127942681852273	0.1494497675000524	0.2989100863816002	0.5861292420663592	0.1015148413691142	5.976488154456658	0.0394832695555772	0.13696748319245	0.0144975981746026	0.082174159085739	0.1615416506937166	0.010878474323646	30.108101688598857
K01905	acdA; acetate---CoA ligase (ADP-forming) subunit alpha [EC:6.2.1.13]	193.035211003151	147.8423250043802	98.47567015758024	151.8798932831969	300.01758497737165	181.2092900823633	59.5858254283359	223.24809824345	84.57398959312394	135.6549056039913	31.315567649626765	65.78612282465706	21.27885814973939	151.34573131207551	1.886604218198044
K01906	bioW; 6-carboxyhexanoate--CoA ligase [EC:6.2.1.14]	1969.0898260437516	1705.4987119231043	1245.2827670514814	872.8912794080894	3026.9245318218677	3071.263238179274	209.22704468534636	2083.651160754192	384.51882938083537	181.83258365637343	284.67868983508305	266.035698015275	149.97642174765434	449.1657404056321	24.12228438310848
K01907	AACS, acsA; acetoacetyl-CoA synthetase [EC:6.2.1.16]	7.935971488807405	4.134461090673767	561.4500591802367	1266.3501661247665	1070.0058065758903	430.7627788565563	660.5135866583461	116.82233604717412	318.34745846952484	261.0966946109945	82.42742617812542	1531.3845016554449	136.87753260813474	627.4646045912626	2.3338647640512296
K01908	prpE; propionyl-CoA synthetase [EC:6.2.1.17]	17.220814244655056	58.79260267699063	62.17451512012509	90.29057583347628	249.73052467056013	182.7566409925307	410.6669166279681	121.15975692715	233.02299043799889	159.35901490802112	47.13945721872971	769.8402855185587	125.88680427783338	431.20823308718514	17.241096498081543
K01909	mbtM; long-chain-fatty-acid--[acyl-carrier-protein] ligase [EC:6.2.1.20]	0.0	0.1976166963833671	0.0	0.0	0.0	0.0	0.0	0.0	0.0	0.0	0.0	0.0	0.0	0.0	0.0016360485008988
K01910	citC; [citrate (pro-3S)-lyase] ligase [EC:6.2.1.22]	5027.142688722919	2814.8262394690614	2820.908423091037	1311.4632650721524	2816.343235513192	2675.620976363922	1762.6508037575927	4682.187551248357	1161.3400449290623	902.0005346454536	326.1353310018142	924.8744463120478	420.25576341619313	703.7834656159004	97.40776549998664
K01911	menE; O-succinylbenzoic acid---CoA ligase [EC:6.2.1.26]	16378.471492213765	10995.246323512716	65258.14715917658	13538.116573032745	2484.2397607192484	1954.689392537271	990.011692604771	27128.15432112112	17507.813091561846	3963.212169938576	166.67311199881397	793.4513419327941	353.5569886894067	859.8001801669768	542.9780205408022
K01912	paaK; phenylacetate-CoA ligase [EC:6.2.1.30]	41342.06156879581	41742.93366776579	85131.0528305007	27759.46688009881	34719.57646685021	31991.22620145233	28327.98314682934	58715.5673381667	25124.149077646907	15555.06556097192	2108.492889282672	8350.706092449012	6371.531541638052	7591.083468319068	1391.5288458328146
K01914	asnA; aspartate--ammonia ligase [EC:6.3.1.1]	36918.21891246687	29811.954292515984	95813.48886269068	24483.811224297573	73965.73773866329	37912.431163370224	9328.367240250029	56470.61941320675	20523.81227129796	8997.730094169037	4874.992603104248	3395.3880942507903	3005.458000336438	34885.40176808297	1086.1762770029848
K01915	glnA, GLUL; glutamine synthetase [EC:6.3.1.2]	111450.72744515409	98107.92881015872	223084.80231376743	87375.57716347287	249373.040015684	133503.21847890434	43592.71378450329	145258.21093391697	59255.210082197256	26409.252974819272	16143.046420411778	16560.418881559515	14784.095327020248	116874.4600053086	3055.561648558601
K01916	nadE; NAD+ synthase [EC:6.3.1.5]	4829.95397940058	10733.970362520677	26184.02893025041	3881.116056233732	7687.256426031433	7249.855176877705	6326.7328479925145	14291.328856972246	3023.4762617868955	3177.878580266066	920.5314377958132	1717.5380584500654	821.504626970963	3191.011931852648	153.98491492128016
K01918	panC; pantoate--beta-alanine ligase [EC:6.3.2.1]	24537.18098220611	28867.61650808901	75845.28290654284	24364.839974676983	64046.46161535953	28737.05319339063	4407.144703896904	35639.874875982416	19091.828810929605	6467.50257286097	4499.104005770344	2854.2921438216144	3115.3172819355086	35483.18927323325	888.1949113089097
K01919	gshA; glutamate--cysteine ligase [EC:6.3.2.2]	5622.957177172326	22184.912828142034	43639.33816248759	8067.51838820531	62897.108249696495	26050.746823360463	7371.789540011083	27682.921281875697	2608.5832757773564	2134.2618923198	4388.822539479892	2964.5764696358547	989.9439169242056	35268.03365058207	245.12957098013908
K01920	gshB; glutathione synthase [EC:6.3.2.3]	47.11477252058853	89.41662356748598	186.71332551469493	177.71829224731408	457.8594987706842	389.7566922412838	1037.4797938153624	233.69425370391284	285.14979318773163	210.7145430897896	84.41093545755326	992.3409657272518	164.8555039698586	805.113732869337	70.0353713353789
K01921	ddl; D-alanine-D-alanine ligase [EC:6.3.2.4]	67206.73047252707	62552.60137584501	128443.02837847504	64085.84505345153	167569.5647170475	93095.21155981028	27304.763454725944	101425.19656778348	38291.48574780234	17634.51511534227	10515.576071841824	7799.740490286738	9299.30020279268	72783.80026254288	2066.9532981539896
K01922	PPCS, COAB; phosphopantothenate---cysteine ligase (ATP) [EC:6.3.2.51]	1375.7431404381837	2309.4404052118302	3831.886727575029	4744.533893913222	942.869338401796	1116.851994898636	430.535428024119	4689.380657343105	3065.984897535491	1329.1313334385811	125.12037121845222	139.9530313450905	1835.7640997229	620.802934362562	60.49070853387613
K01923	purC; phosphoribosylaminoimidazole-succinocarboxamide synthase [EC:6.3.2.6]	52844.85637895988	53530.36642065004	113176.58650922313	39293.23038561632	82988.01105569572	46081.06583926729	21204.4413325819	73427.57535490982	31768.725131824864	13681.008258535505	5924.0798586506935	7212.622979863034	6380.263331603242	39271.76103432534	1516.1190252259182
K01924	murC; UDP-N-acetylmuramate--alanine ligase [EC:6.3.2.8]	53123.68141748359	51070.88299458714	110147.28716618102	36181.8851631616	91296.14320428064	53530.08184469256	20834.64867151749	77986.06887199926	29392.24778484308	13895.93844397549	5994.9986892456745	6774.029315059985	6090.935739728062	38823.83126080988	1521.80224904766
K01925	murD; UDP-N-acetylmuramoylalanine--D-glutamate ligase [EC:6.3.2.9]	54287.37701023383	53940.35366517853	114462.83684455446	42401.42290204585	91794.60847101508	54208.02446852518	22639.62754199052	79828.38957120272	32076.31646736758	14619.34891219548	6051.845130766002	7403.152958497309	6730.674530418705	39462.39168698178	1602.404146203502
K01926	rex; redox-sensing transcriptional repressor	49888.29263593568	52856.82606709274	81892.63730126648	39437.09426138256	93909.9743350159	56371.672543991386	22855.16269318566	74677.90153612549	24841.037016772087	13708.472021690764	5859.7121882870615	5413.5017792612425	6689.853041187662	37743.48718744469	1538.3936091624898
K01928	murE; UDP-N-acetylmuramoyl-L-alanyl-D-glutamate--2,6-diaminopimelate ligase [EC:6.3.2.13]	59132.08950709176	61388.395931621846	132096.21507116916	40105.570479953945	92091.1243698606	55624.19051233405	24148.83265619952	91534.3303981024	33108.40374455562	14822.957463307175	6124.046759800404	7094.244794354017	6615.6925065081205	39183.68509448831	1638.1964169777975
K01929	murF; UDP-N-acetylmuramoyl-tripeptide--D-alanyl-D-alanine ligase [EC:6.3.2.10]	54923.31824314921	53272.22774363634	123671.35068167298	39281.17304032456	90779.3192931405	53030.743095263846	20589.93003163502	79130.13954784168	32200.27295857439	14252.96977746482	5928.54897139985	6758.584202337852	6072.362000482492	39049.34013212165	1518.3643223137833
K01933	purM; phosphoribosylformylglycinamidine cyclo-ligase [EC:6.3.3.1]	52392.9725188946	52769.50631615997	113370.07713970346	40559.58770904085	83631.67923673076	46681.79600514914	22005.17781790978	74172.52775305547	31772.429421980534	13783.439901912983	6044.24675800855	8026.097565510819	6771.978809052968	39344.47033034068	1546.733232978217
K01934	MTHFS; 5-formyltetrahydrofolate cyclo-ligase [EC:6.3.3.2]	55895.57546571118	55391.71867497065	116780.0915876904	41630.38912000464	91359.53867988048	53744.58329797321	21294.506103048567	79717.01641830738	31630.53232168054	14374.33478527048	5975.128319335072	6340.040794955786	6441.404092374726	39064.031709471055	1558.9128022786786
K01935	bioD; dethiobiotin synthetase [EC:6.3.3.3]	16252.532701712596	13039.100148027046	37611.57128463986	17183.240621555793	7462.024109700964	7380.630912148151	4877.397763746005	21289.619571348696	13152.72615652315	4503.345258968891	582.4514834233901	3252.6832114951176	1458.7067030044554	2889.563132810791	722.1645231415221
K01937	pyrG, CTPS; CTP synthase [EC:6.3.4.2]	50635.84359478784	48077.66777917056	111807.23642038682	38866.49598243543	89047.80361401457	51453.220327955365	21084.867131851115	76015.8440413066	31128.884398864808	13962.068195786427	5771.646085528827	7157.917286834267	6175.589611054094	38936.167754896895	1478.435788368184
K01938	fhs; formate--tetrahydrofolate ligase [EC:6.3.4.3]	46855.73919353798	48331.84779747756	89199.50772764953	33823.50732764256	92029.03314458484	54140.79824406712	21038.30850462932	66287.26424393516	24441.4055878107	12345.842850015144	6089.036521456	6098.965556001469	6163.334296001513	38539.80573145815	1125.4118436719318
K01939	purA, ADSS; adenylosuccinate synthase [EC:6.3.4.4]	53180.27883673732	56150.61906557094	120979.07146023924	38547.50781678408	84207.07265788334	47406.43238633667	21412.325529025413	75232.55871793357	32251.03991302987	14347.51244907875	5987.903220150201	7413.745431759897	6405.14264958499	39690.816035054064	1560.4488584718583
K01940	argG, ASS1; argininosuccinate synthase [EC:6.3.4.5]	48287.10129827533	50574.71266228778	91551.32676859396	39044.23162523232	79825.34354102281	44209.78984161304	20258.716259498306	67045.89361964635	27769.60273374017	12114.628556167314	5549.634768673559	7017.67207185774	6386.4200173597	38032.35181383984	1527.7965984577118
K01941	E6.3.4.6; urea carboxylase [EC:6.3.4.6]	108.39426219886144	237.62349972210052	211.7271517522128	245.69172070357712	201.9096174925169	173.3557419092045	441.9601470462922	291.14750311828504	198.47739363991604	543.3248439016539	25.238405084750777	153.6177048404928	40.74235043545869	514.5567898883846	31.742492475545184
K01945	purD; phosphoribosylamine---glycine ligase [EC:6.3.4.13]	52506.19712221763	53760.42232364084	112376.74018833102	38899.18150079188	83140.23683272106	46100.72364935539	22163.412874236863	74736.28505035705	32880.75002644071	14358.271736839855	6022.246754294058	7608.140848695413	6236.239014766246	39519.21393269807	1615.8511452150792
K01950	E6.3.5.1, NADSYN1, QNS1, nadE; NAD+ synthase (glutamine-hydrolysing) [EC:6.3.5.1]	54967.77186633392	43255.44281724617	101658.9780075024	35875.55037942518	90338.03876348292	51812.159223885246	14063.152082794672	73751.13610458054	29674.830398430982	11078.372399279444	5022.64022189478	6404.779641183699	5445.100317801897	36802.09137675279	1452.1461334946712
K01951	guaA, GMPS; GMP synthase (glutamine-hydrolysing) [EC:6.3.5.2]	62636.8613121167	58674.38797058971	130028.509554355	45726.98437531281	94593.97780089758	56619.76932418093	24672.09483159286	86451.92821035298	36840.70892901156	15936.92318324222	6282.945577788651	10064.165254492871	7418.682681868891	41474.79993225631	1733.0955360044477
K01952	purL, PFAS; phosphoribosylformylglycinamidine synthase [EC:6.3.5.3]	57190.86951479874	68396.70177729784	156187.17718775006	47533.13266158348	88413.09188812057	50993.34509544761	29303.84282453458	96389.19828309276	38031.10321982227	16370.428833035716	6587.542832452944	9208.733748547556	7385.536590757751	41023.42631660094	1726.8327299643076
K01953	asnB, ASNS; asparagine synthase (glutamine-hydrolysing) [EC:6.3.5.4]	79498.20654673025	64769.0428937688	115502.65105203676	48497.00306486641	147776.6379041698	76955.96476146598	25037.230798171324	85999.91277251497	31218.064943011992	16416.27447482379	10189.49592259519	8604.912577944517	8438.513866409641	73009.68015174301	2127.1919563497213
K01955	carB, CPA2; carbamoyl-phosphate synthase large subunit [EC:6.3.5.5]	106585.26379092928	83111.87483255612	186992.03036899507	63593.873427053135	123755.0025726007	79094.16280682382	33042.009753888386	127950.17896527344	54122.458385443686	24287.383743615792	7541.085830856342	11605.234660676524	9415.776470005849	50059.09367112887	2661.149137911674
K01956	carA, CPA1; carbamoyl-phosphate synthase small subunit [EC:6.3.5.5]	58659.250637318495	53242.67474860538	116189.05896264593	38734.39710672589	92125.6276017422	55112.63022385578	20188.99845975322	80239.55354106618	31468.88835804981	14892.498892071875	5848.358429910817	6595.893770166115	6347.855179183414	39057.072276177314	1521.3394580034496
K01958	PC, pyc; pyruvate carboxylase [EC:6.4.1.1]	8579.890163791912	15341.5901477075	19801.31410134933	6761.743140672696	6501.820431767134	6257.6524380757455	4489.992430800938	20069.59720346848	3388.1299419145757	1901.113240663956	512.4103128016984	1893.3702549183115	2727.5415524526597	1126.4930211747298	244.21824473984287
K01959	pycA; pyruvate carboxylase subunit A [EC:6.4.1.1]	59.940968267840645	131.4610719850727	49.65475752134507	299.57475547768723	174.1212259280836	308.6181375049049	169.41690084458364	324.22270599599136	38.66437925375381	49.941630397632906	17.93126112176667	300.8012439986687	208.02573208821968	37.16270625813022	3.112173267202857
K01960	pycB; pyruvate carboxylase subunit B [EC:6.4.1.1]	19040.529981265667	11213.326038505038	81893.8637520718	12941.536626586349	1698.131217014818	1738.7518079421056	716.8062092008176	28159.588928106747	18112.870043243776	3884.090727045828	21.981478520156063	1440.0601298328418	292.2611981873472	748.0585523637766	532.4118823101862
K01961	accC; acetyl-CoA carboxylase, biotin carboxylase subunit [EC:6.4.1.2 6.3.4.14]	28781.986323925987	35359.926994090165	45499.25843608824	21126.096331532084	83024.44302125776	46668.60271331712	13643.20260822762	48592.86889800298	10943.976174722591	6309.01795662605	5371.688297590988	4956.780741677008	5723.185449836245	37012.50383987672	932.7436810088808
K01962	accA; acetyl-CoA carboxylase carboxyl transferase subunit alpha [EC:6.4.1.2 2.1.3.15]	21465.405726537392	30786.777310298567	32873.26445818436	20398.73330608551	91696.69438949636	48024.89430097873	12794.329634542251	41854.33805200795	8864.934213575909	5592.300455015498	5804.85042821232	3804.3636847940734	4994.660333978119	42982.31788310538	791.9686422155382
K01963	accD; acetyl-CoA carboxylase carboxyl transferase subunit beta [EC:6.4.1.2 2.1.3.15]	33255.209638553795	37864.95767397868	36855.2823669233	21956.6955705106	83980.5219004153	46874.689148900274	15073.161904764116	49837.404097243125	11781.0001863032	7084.60292668714	5275.846893013421	5194.804630893534	6021.77216709086	36981.427890087696	969.9021806745202
K01965	PCCA, pccA; propionyl-CoA carboxylase alpha chain [EC:6.4.1.3]	8.139582685196624	5.302908451504511	559.5813658374593	1274.6688804922558	1025.0549122760738	410.9620826365728	347.3501411891216	61.3128579542711	160.0292688252661	183.01957566409527	67.8622692894846	831.7189908755948	92.5963265222282	391.5426389779302	1.780968319419399
K01966	PCCB, pccB; propionyl-CoA carboxylase beta chain [EC:6.4.1.3 2.1.3.15]	2268.9888101672223	2447.1588655951155	14794.276696033136	4977.346658902632	1535.6560694631494	1143.9723791761153	502.2537903037676	3021.18246779553	3259.3672148122323	655.4167015880396	130.77007666902128	1272.31260341727	320.51570331861296	801.9587899947911	34.635888125347705
K01968	E6.4.1.4A; 3-methylcrotonyl-CoA carboxylase alpha subunit [EC:6.4.1.4]	41.11417257138888	26.391386980083627	203.29443127848543	91.072354386066	332.8140797243111	215.4411649902247	1057.151200288731	211.3833830279239	360.9507859660184	193.8574218918345	58.173034040313965	1625.0176925626538	111.04784772937896	918.31029921492	53.26148075486903
K01969	E6.4.1.4B; 3-methylcrotonyl-CoA carboxylase beta subunit [EC:6.4.1.4]	29.545435157778	32.328859400808554	666.3732254785868	1348.023402732734	1249.6654272917576	665.9547630256759	738.8303507621081	135.39574237216388	199.62832881231552	248.8354894769162	89.31618734630453	1030.6999104854076	122.02841842283571	627.8741905026399	55.52043837918196
K01971	ligD; bifunctional non-homologous end joining protein LigD [EC:6.5.1.1]	6325.552260353539	5011.008129617656	4763.120210283611	7651.688569319025	4871.784223285544	3325.310339046588	3840.536279652097	8560.681404780755	3407.451843478597	3722.472118360745	497.70639639971137	2195.676481848915	2454.230451448838	1568.516164348065	197.99987707874752
K01972	E6.5.1.2, ligA, ligB; DNA ligase (NAD+) [EC:6.5.1.2]	65157.48961580757	60042.89539725363	116232.27721102248	39890.84426826361	91628.5806625214	54034.16522724998	22516.4003621926	85625.58039784519	33954.38355478359	15096.393258850738	6101.06644702668	8279.420522300501	7346.890580799174	39560.87546115756	1780.8419499522097
K01974	RTCA, rtcA; RNA 3'-terminal phosphate cyclase (ATP) [EC:6.5.1.4]	196.92121068597697	225.3262358828352	982.0065981308142	178.8181366362465	215.4661073458818	173.78648926034202	381.2212826571002	802.3326134475515	366.40546590433166	133.8244239926892	47.28731654754044	758.9648748256578	118.07095843316262	347.8668303266095	17.14756443438363
K01975	thpR; RNA 2',3'-cyclic 3'-phosphodiesterase [EC:3.1.4.58]	6632.362775852095	9242.165919879222	12689.093890192064	10872.27427442329	4444.235078793343	4254.9364152297485	8307.443041262191	13224.052358682986	7057.374912708986	4581.886754575948	772.1828712076865	2635.821194686966	3048.3943181346976	1743.6054382857585	374.2421391665357
K01989	ABC.X4.S; putative ABC transport system substrate-binding protein	30776.266420520253	38910.25934156556	33352.083219952714	24803.549049380337	73236.17003632155	37424.21556391033	18550.04004660632	43066.55214711327	12220.573591854922	8969.07407066333	5520.464046807038	6150.657171168221	6933.823182736946	36845.75263021765	855.7512747543938
K01990	ABC-2.A; ABC-2 type transport system ATP-binding protein	380964.6414012968	376384.8906184081	577169.2183969726	266587.18683465867	796425.7745068274	454861.89955636807	153699.2295626615	512565.0985809922	174813.0277832977	96343.94993113022	50655.58771549736	41569.965814625655	48784.815238105424	337050.172241648	9831.182637877822
K01991	ABC-2.OM, wza; polysaccharide biosynthesis/export protein	36223.73091672669	24833.3160401704	115485.11196820613	28800.258717010853	4225.84488483412	3947.3222202494617	3033.767371067518	55573.8332077308	33397.32723627577	8426.510348631908	190.56788798791197	2191.8838178990736	889.3818072725618	1954.5534314049785	1545.5796209091145
K01992	ABC-2.P; ABC-2 type transport system permease protein	331774.187392203	315705.0893408344	604933.80827859	221191.50246215463	630821.9184815135	348017.67144532467	109819.92390195944	444344.1356405664	161423.53384879747	78411.18223406782	41008.56550127632	35762.65068292437	38411.43384751002	281730.1346065388	8537.630023371968
K01993	ABC-2.TX; HlyD family secretion protein	39765.05226433989	23905.788533621253	160488.41750493177	24003.800113253867	3456.744349227337	3327.774336239813	2941.593722969602	59319.37121515084	34940.8483545185	7665.996975957212	165.22155738756692	3156.927986690246	719.4179391862752	2233.2826468741564	1154.219370950452
K01994	gerE; LuxR family transcriptional regulator, transcriptional regulator of spore coat protein	18.61683444298993	109.61237988771576	70.16513038748988	180.16772776760143	765.1940972785609	439.1435134044844	172.71060375048214	122.94721304610287	75.5671005762326	277.054941770639	80.97584430126494	77.70315182985951	34.34227991144871	296.36359077781776	2.8190673282698224
K01995	livG; branched-chain amino acid transport system ATP-binding protein	35494.57905580313	32785.589176755086	19861.420424942677	25975.31364316553	23773.995948488307	21797.72800788205	23013.68134218667	44053.44348803441	15798.369497381636	9830.041092115003	1891.8374623645584	14812.562125046315	10275.821892103788	9075.295419486569	1268.7168980136275
K01996	livF; branched-chain amino acid transport system ATP-binding protein	35528.575967072335	32112.69343667156	19678.046811881108	23816.13480186754	24895.44778768813	21940.378308113497	21599.75030526019	42803.14000792512	15390.170672986127	9734.53489608906	1904.3400757927573	14656.92788315786	9728.503254613515	9207.96623309288	1224.4279520684172
K01997	livH; branched-chain amino acid transport system permease protein	37233.27040970932	33216.4165633596	19915.25675774401	23413.419622856723	23468.679739869018	20879.654077564774	21678.2391581327	44539.707640935696	15831.84235500442	9876.740815440357	1843.6408592310092	14433.33206684076	9766.142768156624	9004.077561039983	1272.0871115908271
K01998	livM; branched-chain amino acid transport system permease protein	37605.77887475987	33495.642174320776	20271.522504865046	25759.626229438483	24025.95107008304	21547.645816041266	22501.832582873685	45357.20070069379	15915.354831419018	9943.816148010805	1912.113136314483	14656.946510087426	10175.716570725484	9249.782004508745	1307.5308219416197
K01999	livK; branched-chain amino acid transport system substrate-binding protein	36359.25804171662	33083.66975824302	21058.608837070457	25052.084080309323	24048.575528753598	21652.77236998093	23236.79418778881	41986.385803132056	15479.736924999286	9716.513258432016	1985.4876155432717	14846.778720410952	8867.367566536326	9496.245078638518	1313.2242348076684
K02000	proV; glycine betaine/proline transport system ATP-binding protein [EC:3.6.3.32]	1959.11338621062	5489.384519942907	17596.954399993145	1015.8942599881052	1480.8618957963165	1100.5052266354537	2269.36256797712	9103.684097040556	1092.7952626948024	592.5373727166285	142.35377787706557	1436.4567890570863	246.4139405708649	887.4229729397558	68.74647419455647
K02001	proW; glycine betaine/proline transport system permease protein	1816.4546210498615	5315.703308426675	17411.12707966734	1128.365528080106	1113.6345864011655	883.0423970257874	2229.2420388202454	8686.905068327851	1038.3554109233876	580.0212531250697	117.0152467604533	1413.7533120973044	247.9403864639084	832.6290075604605	68.67510900489766
K02002	proX; glycine betaine/proline transport system substrate-binding protein	2099.8449842347736	5788.827620190646	18475.295207297324	1239.982110325569	1913.8523313152168	1630.1478941642129	3193.301678683431	9158.650965841232	1181.0574714502018	781.2925893774361	209.25813861146287	2334.617170698041	315.12808071073806	1317.8020807360704	70.81346502669408
K02003	ABC.CD.A; putative ABC transport system ATP-binding protein	305124.3492467674	298375.5061506708	426907.5198019897	182325.6006465895	536081.903228084	334469.0919691562	123190.73825511245	402001.7013535872	129424.4253446133	77695.91947147861	32628.86937038892	33626.33477802628	37261.3061247949	208592.6776350489	7766.57106340738
K02004	ABC.CD.P; putative ABC transport system permease protein	300146.4054068321	267240.53722457145	478397.61316102167	175988.80877073357	588932.7435573901	346190.52029157174	105969.30504812812	387509.4050376259	131604.61861956734	70001.72184740705	35964.057118134464	32259.656886373872	34945.71708222156	241565.21887023785	7230.993681136627
K02005	ABC.CD.TX; HlyD family secretion protein	46102.36547680327	39641.8025783041	158757.45093316474	26753.30418250993	8148.143824217425	8414.643081907638	15088.291587181877	76505.85029367264	36617.61165415976	12304.47957483934	1109.0707989272105	6018.514711872542	4534.183171579814	4547.918828429086	1448.340241483801
K02006	cbiO; cobalt/nickel transport system ATP-binding protein	14311.907889380313	26309.450809397105	34064.73763896477	23219.98043848011	55699.80812029693	28643.65696556586	14462.467492206497	29295.003903122488	14973.147047869115	8449.841488230408	4292.680603530531	3465.4289962720222	4246.086775555157	28920.975366054998	656.2859909397237
K02007	cbiM; cobalt/nickel transport system permease protein	12683.264571078447	26294.5193074164	34388.81200030743	24536.96899377439	55081.38631530976	28156.84701617897	16565.285716038605	28534.843314842878	15767.16674614291	9293.01317776697	4363.042992005299	3602.310824180293	4258.485457517224	28657.594747683997	652.5942437676003
K02008	cbiQ; cobalt/nickel transport system permease protein	13323.451159088529	26084.780190584395	33788.18398880668	23007.256449825945	54923.92881797533	27771.768898121663	13939.362603427322	28903.66343180619	14795.012935780924	8361.826104004227	4217.15269341869	3289.0505529416823	4179.191342696166	28760.35749876229	659.653993020358
K02009	cbiN; cobalt/nickel transport protein	4798.574300585086	9752.774171795303	5750.661497589296	6249.231030104961	5953.293991691753	6236.217510812105	4740.734199818539	9475.547549249924	3860.840534580714	2717.263725497779	606.1815393551823	1723.978263475139	2254.4371849770137	1515.7662472230377	180.47059599182472
K02010	afuC, fbpC; iron(III) transport system ATP-binding protein [EC:3.6.3.30]	12085.103613573938	12275.99246116287	9139.523817186771	15849.10260394478	9171.801757668114	8282.04236205716	11798.576332746372	18099.41054128454	6408.24982209568	4817.446722774776	1233.829397761284	8239.271843855728	3533.1170051397144	5531.513255753456	517.3760721466058
K02011	afuB, fbpB; iron(III) transport system permease protein	14316.31343022412	14193.172570004666	9400.31113417792	21902.91651267108	11408.205451495958	10843.83117177177	15404.419454831004	22148.28488819424	6461.358382474735	5416.248356568847	1524.698350846092	9711.605002236614	4310.255292001954	5773.746456101046	624.2667740020363
K02012	afuA, fbpA; iron(III) transport system substrate-binding protein	13833.194898274549	14368.640284383422	10727.881192534764	26041.77787779238	11819.662392010694	11435.631831261531	16417.089699616674	23843.161632010157	6354.249766344486	5508.862816822842	1639.5246569019869	8885.360565005194	4620.809369331484	5727.763101286528	721.610002435295
K02013	ABC.FEV.A; iron complex transport system ATP-binding protein [EC:3.6.3.34]	71711.88159624371	71995.74262240969	142778.55143164253	94843.94783837302	367538.1798270104	167922.00214306283	35983.31778468797	109082.93198342295	50126.11969819528	23961.242076919138	26714.393655239837	14866.388561611058	16997.327148221855	192209.85300950785	2811.6452408561045
K02014	TC.FEV.OM; iron complex outermembrane recepter protein	71480.49327636893	35796.9564735919	363728.60446674266	34975.9050065187	9613.569951148718	7524.184105383586	8928.776332968779	113976.68182834616	73972.79153986831	14459.101152909208	666.1365382001836	13138.520473484514	1666.087457694195	9159.71216928414	1957.5024461465832
K02015	ABC.FEV.P; iron complex transport system permease protein	77536.24473335105	83685.5469246355	167840.68653197214	108734.22215191032	486224.7409223036	216561.3488149058	41908.74910388068	123732.05406870006	53679.23575004807	26615.614366066613	35021.08312424359	17364.209082556426	18921.42437932236	257707.33964462776	3169.5783861787686
K02016	ABC.FEV.S; iron complex transport system substrate-binding protein	83470.40010159972	81851.26159626571	152574.38591245306	92230.70815033604	378121.5215939159	177786.82641914545	37779.03938279452	124630.11140722144	51519.35722279272	24404.80858457988	26514.605848939507	15589.525129918531	17105.44909743561	191562.60285983825	3058.781323483008
K02017	modC; molybdate transport system ATP-binding protein [EC:3.6.3.29]	10667.912620076955	12981.567773721536	10952.852030567965	14739.727921775408	64572.5792565565	29690.57455292655	6854.428963228801	15130.389773011424	4776.87749295321	3323.860034664408	4534.359690697307	3849.121652380169	3582.005792220642	34222.39867033764	475.16845265150175
K02018	modB; molybdate transport system permease protein	11068.493146703497	13769.770360143577	11263.935404091517	16007.92227066219	64957.48614796117	30101.54731000423	6656.792623310128	16853.63844768139	4978.658452098764	3530.40670890982	4607.003517762779	3951.212238314141	4578.589652509371	34379.369737620254	456.3793461400487
K02019	modE; molybdate transport system regulatory protein	4625.688359854699	5350.267376292102	6538.876585900206	6028.486981455947	3525.4925803916367	3674.926490741778	4386.212740627568	8086.414060140995	2698.445471868999	1351.20207345759	363.06714173227147	2544.2892603423443	1566.2498814186015	1244.350503382483	190.99548533168056
K02020	modA; molybdate transport system substrate-binding protein	11232.28277799376	13825.604880093226	11405.664481279136	16032.382983614363	65703.30306386223	30743.967437450337	7626.958152372477	17072.120983988476	5106.191267978412	3726.991054458639	4709.882972143036	5064.993228733692	4746.355917725358	34916.03739081001	475.1038587254245
K02021	ABC.MR; putative ABC transport system ATP-binding protein	0.0919347165516634	1.0658678583414432	516.6606192428615	1264.8887537386022	949.8027727569256	387.57385538044224	59.3176058407656	8.440282913417526	0.4030464508009439	107.24079703215824	74.34677676828491	113.42583241831991	48.630435627234434	54.97611834681592	0.0305819062170239
K02022	ABC.MR.TX; HlyD family secretion protein	5984.956223148449	9924.88232137491	6323.254325380175	3798.467575973967	459.6580606543938	718.157016263888	189.1954892844566	3774.344217925701	3814.437085358007	817.0874835195864	25.23776291038112	86.63711203942248	329.98470538391456	574.2662634545702	79.79457215253545
K02024	lamB; maltoporin	14.968935651935046	64.33662651945338	27.26187675158657	85.08608230389922	236.07441486061052	242.70784333531367	473.9497808501072	137.4790269862549	237.19686786034248	155.9082774014989	47.48986986800704	746.6532720991958	123.79346225653084	387.858852937946	15.519466463496569
K02025	ABC.MS.P; multiple sugar transport system permease protein	134884.31117028388	91432.02953541238	91554.12607046246	88461.48224650469	239370.3877850969	132809.03516397055	62238.79990685508	119498.08204709712	49590.36048702579	35451.96863540492	16664.355643601564	14430.493024562971	19640.988406977827	109486.17254394224	3411.415154301249
K02026	ABC.MS.P1; multiple sugar transport system permease protein	136998.3829427482	90036.25940911345	91572.71937647538	88345.19165811015	228725.597333462	129170.29381024824	64644.3824341404	121094.87677554406	51667.57285392383	36646.00308852713	15983.10231573883	14378.363593381511	19485.910183738542	103503.56882379242	3489.5731330657245
K02027	ABC.MS.S; multiple sugar transport system substrate-binding protein	88496.44724949829	72562.30932760723	44547.90805615713	80822.22511078168	177134.96673874522	110904.83801797465	57210.64791544124	105068.61861074228	36766.65569546972	29745.10806564166	11837.672517503388	14577.694128024405	17351.00307497432	68243.38306718974	2805.743751949168
K02028	ABC.PA.A; polar amino acid transport system ATP-binding protein [EC:3.6.3.21]	92035.04218710074	103045.54254938696	113580.12065659418	81149.31343967689	267906.7107063524	149725.88137766975	47715.74544228296	145421.65680106753	41052.57365840284	27183.01948096544	16932.960776499207	16499.919469149023	15344.625264324772	116172.23751119051	2729.068827482005
K02029	ABC.PA.P; polar amino acid transport system permease protein	77514.3349993529	88005.14191469175	61018.38671111463	80795.13019804844	320117.4107462444	171839.95305524807	48665.49499560046	120654.82179062492	33518.66773368048	26219.35563043085	20225.89888217695	18798.180518750574	15968.684090861849	143169.6187995351	2499.059425299961
K02030	ABC.PA.S; polar amino acid transport system substrate-binding protein	120524.70081248782	134286.75062349642	129438.36393250192	94238.15567760674	347665.08977142465	196569.4018159088	60488.573173656	183178.81109874276	46899.3077259954	32858.41716873062	21160.12965316412	22452.54944028165	18756.77438638144	147162.04474487886	3272.7645966434056
K02031	ABC.PE.A; peptide/nickel transport system ATP-binding protein	47074.11137649901	46507.21271064598	42249.76009947427	44210.590529922	86532.13159196575	50781.68949728433	35089.165060484054	74069.23346645101	27228.790220492006	18761.15072275256	7619.730949169779	11589.89250884798	15916.38553738306	41368.90753822807	1747.792256783381
K02032	ABC.PE.A1; peptide/nickel transport system ATP-binding protein	61735.40284199061	51173.44583638581	48257.43628394653	47540.574384378655	97684.4922624506	59488.834584527496	37953.76686902696	87453.45214218523	29887.928825654257	20109.17327961495	8001.964357834755	14634.046636849862	17179.499068776357	43004.373831952325	1835.5797504143825
K02033	ABC.PE.P; peptide/nickel transport system permease protein	68886.98932306316	56449.53659184142	49507.35518274126	50967.804225186366	107307.1245389849	68285.44703396177	42826.52397867016	94905.32636467704	30874.249065320822	22266.73184172032	8751.365610384019	15729.71769779751	19202.933573765265	44746.98970360466	2115.00238260889
K02034	ABC.PE.P1; peptide/nickel transport system permease protein	66886.58821922285	54287.38143630672	48400.55059126002	45896.25734783628	59626.24191461693	48194.262315962405	39933.11307017093	94959.52722884124	28804.7866218591	21015.99996787822	5478.486349212189	14912.698108395189	18624.604261546232	19036.65698777945	2079.0489238279897
K02035	ABC.PE.S; peptide/nickel transport system substrate-binding protein	70760.62172015346	76197.49013244451	104881.55434899723	54980.93865807311	166361.17488920773	91884.03680576732	54405.63425225098	114687.23751243034	33699.75092309595	26796.030365344537	13933.359135547922	20034.19431225788	19147.510380612137	80928.29759960194	2150.2509427053465
K02036	pstB; phosphate transport system ATP-binding protein [EC:3.6.3.27]	40643.45831821317	45052.06307615571	72254.18879344207	35230.29003748139	92461.95812706625	55662.62339282423	21448.089182069994	63423.4641636012	20180.74724207296	11418.32586365414	6107.0488235931	6036.943343963161	6722.468213749027	37988.79805011434	1012.667021567924
K02037	pstC; phosphate transport system permease protein	39270.309340537904	38110.59953200274	51913.98146986285	29997.23283308209	90493.78820945806	53557.926761271	19153.264164712116	54309.62896389823	17913.20955645982	10890.954635841048	5913.451430056088	5779.888818997209	6432.729043863783	37422.58033816694	963.0451221035652
K02038	pstA; phosphate transport system permease protein	38014.44811411455	36655.66998368873	51990.94629888874	31636.435471731813	102199.74982156862	58209.18327372359	19305.25246129373	53699.54211533082	17602.176706798517	11001.299989146512	6699.173215330975	5846.945975926103	6554.062292705616	43909.548154926735	943.7284758671092
K02039	phoU; phosphate transport system protein	44439.91929459141	42820.283417312734	66809.73201152266	36697.2731094076	89069.9714689341	52910.38566101899	18418.318412804583	60606.19347726157	24386.0771740559	12142.10627666704	5723.469730302985	5811.502870721559	5748.077031695313	37850.88491819712	1293.4735399318863
K02040	pstS; phosphate transport system substrate-binding protein	59279.70108243798	51794.85748259285	122617.51197119824	42767.67763914248	93413.29862459376	56591.08015791129	22409.646019109357	84588.04798613874	34262.60627831417	14977.47067389106	6167.049622239287	7726.102586538679	8017.081373657224	38844.669531940126	1638.3870825512213
K02041	phnC; phosphonate transport system ATP-binding protein [EC:3.6.3.28]	2800.278764429773	3673.616159394309	4546.300223229535	4020.3733579660375	5390.724456406887	4807.854567478013	4247.564239207254	6336.556079197143	2047.1676114058528	2472.6176548940225	619.5111232750307	2068.6840643023747	2434.719259012123	2189.154101200159	146.9519657796206
K02042	phnE; phosphonate transport system permease protein	5483.517039259655	6913.118003012706	8508.741649092874	7467.478047551753	7818.328380913221	7825.386790697317	8025.274453665812	12450.637809805135	3775.109077159621	3935.125613308223	938.4203221329908	3427.131528570897	4742.963329626889	3025.248559779672	271.6309503075585
K02043	phnF; GntR family transcriptional regulator, phosphonate transport system regulatory protein	62.06462846909331	107.16394882195358	93.1278480373671	138.55630141181717	255.48159244844123	203.15726277832516	437.1010688295966	166.35896674011548	237.2600170283745	152.00045859875956	51.52115543637094	724.3604518700565	133.14726392673936	436.58528623383165	19.906979003529184
K02044	phnD; phosphonate transport system substrate-binding protein	4082.940508448924	4972.436761159227	7115.045492844997	4905.261810052798	9941.473645679684	8311.224762865613	5451.620148206515	7850.188014769771	2524.8389060131854	4010.268451765868	1121.7250861403973	2847.650079071571	2596.880102279326	4013.1797356459583	164.7030148556231
K02045	cysA; sulfate transport system ATP-binding protein [EC:3.6.3.25]	4083.885329251221	7750.245787662857	2209.0087730209107	1856.6576728874184	1792.652531889795	1590.7598401342564	2238.492079564712	4972.482050507357	2307.7109053210397	2238.313355367869	207.3094301206142	1769.038613704504	953.1971762245252	2184.150583820718	197.27955495781012
K02046	cysU; sulfate transport system permease protein	2979.2416175844	4364.146665724523	1379.0844216781795	1172.2915583862573	1457.4192172871635	1269.3068500957593	1686.560429853996	2634.4461479240726	1757.633020916904	1616.362395983213	159.24835940904697	1586.5429862296132	481.1713637807509	1635.5184599494874	133.76340051791158
K02047	cysW; sulfate transport system permease protein	2979.375505975978	4364.524518897838	1379.1125538997717	1172.7965065534818	1457.666877707616	1270.026902834088	1686.367930166224	2634.9742881758025	1757.995499437834	1616.6377596663583	159.57216172056883	1587.2176639447357	481.78170090857583	1637.4258527942602	133.83442682050764
K02048	cysP, sbp; sulfate transport system substrate-binding protein	3102.978813011616	4540.64122725839	1508.007893333056	1318.1257340806465	1867.582992346213	1599.0139702032552	2290.485282981972	2834.038398597175	1956.422219742789	1793.2919482384273	216.1100332829448	2153.027877760024	600.8508556165194	2264.9746692804765	203.61632482019803
K02049	ABC.SN.A; NitT/TauT family transport system ATP-binding protein	78272.19754637068	64475.35200785499	60600.53372828662	57364.10239201816	177325.042050827	96864.04847057765	30606.097054053032	91941.69919403591	30016.32601671227	18209.144858716765	11302.934199944832	16420.275723954852	13696.31823025334	82634.93570190309	2126.5874542045603
K02050	ABC.SN.P; NitT/TauT family transport system permease protein	98279.83588519203	77219.67097533654	68761.59487200712	66114.73453322242	189969.47790341487	108030.3735082544	35219.76988449867	115930.46219447728	36218.42916286444	21091.63579375764	11762.378288724316	18212.37583402665	17432.659112130168	83968.95642856487	2615.444572473982
K02051	ABC.SN.S; NitT/TauT family transport system substrate-binding protein	73762.2557097398	66435.03394585145	98646.07910557862	61621.676341112514	224295.4422996843	115157.70257889852	31322.628630091825	96215.79349803893	35042.22201306332	18006.199652204094	14692.984914069411	16355.482961700674	12676.1839757841	108515.17642560098	2042.5377515547284
K02052	ABC.SP.A; putative spermidine/putrescine transport system ATP-binding protein	9791.24477769732	5709.083007317031	4868.927889462663	5959.207192720246	7852.243810173713	6758.193524656648	6096.812655956022	9102.82673470295	3909.685925856464	2635.6049246424527	730.7321926597044	6931.874114469052	3125.548670922337	3669.001025528474	193.15708059084983
K02053	ABC.SP.P; putative spermidine/putrescine transport system permease protein	4511.3222288952265	4836.91924199558	3045.2137145451406	4985.35943360445	6987.440107999844	6191.548597940047	6383.78449599224	8157.844836943876	3310.2946715677504	2439.907708734935	795.7687337472875	7526.93753165616	3759.9242408571777	4060.9658239696937	154.09852881997807
K02054	ABC.SP.P1; putative spermidine/putrescine transport system permease protein	3918.995496518685	3809.4896472911937	1918.1878718606308	2810.455158224704	5374.180097628692	4672.833131757639	3302.48930880201	6926.520032879551	1957.6486345134367	1759.6613850638232	617.1582410346268	3529.658071431525	2740.8182364982204	2435.792531758507	120.36574956779246
K02055	ABC.SP.S; putative spermidine/putrescine transport system substrate-binding protein	4440.323827536471	5469.502750573714	3241.0656266569194	5614.949001514515	7004.32239647696	6451.669733237268	7512.830886463096	8246.31999261995	3861.744950561935	2830.705587497006	831.2351153879563	6440.274136888373	3648.500350754349	3755.819261691636	158.8495990990096
K02056	ABC.SS.A; simple sugar transport system ATP-binding protein [EC:3.6.3.17]	77302.95460327473	53422.17634223486	40491.99456069357	62355.56684097854	211652.379466608	114508.18571161978	31850.61173364496	92196.3711630268	24692.6497606361	17985.584834454385	13900.504928133125	11782.69072532266	12634.553556962976	92429.87422040675	2328.4010473783374
K02057	ABC.SS.P; simple sugar transport system permease protein	145377.03537294723	103210.3208875407	77694.68158846583	112332.98875057291	417750.9375995925	224956.54479864665	59135.02438441811	171924.32141369348	49009.27786018426	35170.002776850204	27044.851817000737	21109.239755935123	22972.61051348904	183191.54199892672	4044.4287368199457
K02058	ABC.SS.S; simple sugar transport system substrate-binding protein	28527.21667561185	23833.05174780333	20891.34876963848	14818.082619799825	10519.989231814448	10524.079280834849	21541.46911489784	23905.587535558872	15318.980537105232	10304.831103705466	1579.3267424687072	6586.036623582038	2911.4475900057987	4578.053056753128	808.554413544281
K02062	thiQ; thiamine transport system ATP-binding protein	838.1035077911022	745.2470867269751	1833.6807260870028	2699.757683345705	708.0034593026165	747.6733933646541	875.5423926892897	2316.0282886220675	303.2334994729352	245.7184507800292	132.0558165888462	76.85530766362692	460.708252074345	142.62048050050925	58.70155401212643
K02063	thiP; thiamine transport system permease protein	212.64111924630976	507.3504602364399	327.87421395093213	2536.6352439505404	795.7674011616681	802.1231100773073	877.6861060805169	1308.7914643898996	150.51379683793022	270.3017839386534	141.49723685268742	74.6216961212036	461.2575256984388	172.36403617141568	58.89009994113882
K02064	thiB, tbpA; thiamine transport system substrate-binding protein	212.64100557140523	507.4081272896592	843.7829498887818	3788.59438879212	1722.490145582729	1182.6012885090904	918.3784902038808	1308.7906562017206	150.5129639528684	376.8109287802346	191.06686616863325	168.40139710427192	499.4366755024777	177.72323040676153	58.8896804697942
K02065	mlaF, linL, mkl; phospholipid/cholesterol/gamma-HCH transport system ATP-binding protein	17818.968529047263	11321.552653864142	74940.28058995014	15377.135731183034	4171.029179599908	3519.2803073513587	3349.073382767481	28524.889548071074	18117.943128307383	4349.872176745554	289.9661995955429	3277.8800210145164	802.5888745108555	2255.550767207394	684.0807186947485
K02066	mlaE, linK; phospholipid/cholesterol/gamma-HCH transport system permease protein	18009.20413562678	11368.288666858842	76465.11249790018	17621.639471439034	5867.894032662041	4217.820086127357	3975.862233992701	28826.59530268284	18380.42354609211	4629.806598811667	407.9361823558117	4157.443881945384	934.6484449726596	2621.5494439205177	739.0520102457997
K02067	mlaD, linM; phospholipid/cholesterol/gamma-HCH transport system substrate-binding protein	18501.525690158705	11564.89506351076	82479.63098505407	23888.84637619232	10488.098429534077	5988.119979754023	2841.9715659213584	29773.941447803376	18905.29292208116	5217.082806514754	573.2070013037866	4538.524677645707	1006.5756475638476	2282.0955937494064	720.17120907211
K02068	ABC.X2.A; putative ABC transport system ATP-binding protein	12401.285067009154	9553.960568746748	35535.297435374494	8523.942895903552	5917.551928641143	6341.3625696020645	3350.804394202212	16285.92729256722	9475.473722566418	3866.360696390089	608.7083579783107	1175.189319238317	884.6626819049018	1183.409431824345	450.4980625605144
K02069	ABC.X2.P; putative ABC transport system permease protein	14734.320197517984	10377.678222514802	51305.48098094833	10217.3242979085	6379.3593464537125	6288.779968529474	3567.049167112138	20688.39267613897	12032.2351805353	3828.743070629859	616.1533961031613	1428.5158604519054	962.932457010246	1198.0474632139594	454.0960268517188
K02071	metN; D-methionine transport system ATP-binding protein	28671.47770622853	38462.19423919909	44070.47061005786	18950.9380689192	84712.92638757532	44620.83849571139	13282.445765449862	45829.78696570062	10135.90983268344	10561.474466136897	6058.734941789406	4137.042296735672	3741.993091362196	39010.89384548011	828.2316758913415
K02072	metI; D-methionine transport system permease protein	28866.736358701983	38918.22716954922	43890.43447416337	20093.861817197943	83696.52690440809	44333.80579129773	14057.393372107272	46799.23378506841	10237.536603415669	10612.35641437535	6102.651798789095	4131.081662868091	4081.687892774058	38990.2253399111	867.9423816610015
K02073	metQ; D-methionine transport system substrate-binding protein	30337.692401848148	39767.22296667425	48297.49506860282	21178.42413646477	86261.30886660842	46281.455260818526	15404.434728378506	51873.12569369264	11242.679144968375	11509.417285038728	6467.088221224203	5141.740035665123	4355.002729231349	40031.26565129371	901.529959984223
K02074	ABC.ZM.A; zinc/manganese transport system ATP-binding protein	870.3318084500601	5783.987034797101	17170.01129682212	1753.0471637691962	4404.980898626371	3154.2058423574954	2658.999061703913	9039.073116080228	459.8693106322402	1740.5481352114375	430.570535276777	507.580208792042	78.29768231441102	1199.7578222585555	5.559087955488136
K02075	ABC.ZM.P; zinc/manganese transport system permease protein	856.2300790208521	5750.279020514153	17119.073625020505	1768.2294716702995	4465.711372939652	3236.076091441685	2819.5195813195637	9036.645898662548	543.0325429412846	1788.6782140594537	442.57731125593045	832.6785382902834	126.1409101320632	1352.544253963353	12.428012843104664
K02076	zurR, zur; Fur family transcriptional regulator, zinc uptake regulator	1506.736665992341	8696.843055460933	16178.879298989912	2623.1714671817017	3622.37797234548	2506.4128986595065	5023.424107078321	10217.703697585792	2513.5226224362614	2555.0541624891703	548.3695330533697	640.6946130364864	255.3612479993892	1408.0642195515484	67.02066301915818
K02077	ABC.ZM.S; zinc/manganese transport system substrate-binding protein	4378.222018335874	8322.583760625837	22307.768695668	5458.341121153268	5351.482364196923	4855.229427989974	3187.2746069179466	12273.478666394894	3256.996338938631	2377.4772112901187	537.9982890499284	576.2137108039698	324.53188271183546	1677.2910504170256	63.76655761854923
K02078	acpP; acyl carrier protein	119310.60605934048	115970.4776592362	240831.54828149077	83924.55105810636	228874.36784216788	121317.18019728632	42247.25517123984	154210.8092326693	64037.46847520857	30434.08615946244	15523.851119908628	14156.872882201977	15866.169398783191	109927.00224218532	3085.5959974554244
K02079	agaA; N-acetylgalactosamine-6-phosphate deacetylase [EC:3.5.1.25]	100.95629391456605	285.98460481484847	259.94908852176906	321.96930894421314	397.3586375111445	314.4808804742284	191.7054845297437	273.0582409912398	142.61708864357314	187.48199917654276	58.72294447249819	76.54274649545901	104.27935952822268	150.01834179735624	33.52459956550626
K02080	agaI; galactosamine-6-phosphate isomerase [EC:5.3.1.-]	248.58652946232456	160.1048900966051	114.35583040354015	167.45301651410466	310.0481857296781	266.77633344979336	166.01729451846015	311.97846724120336	122.4915921791764	138.67181293487087	53.961186327489656	245.961604191907	138.0369259641027	131.67147411852272	16.39647072282937
K02081	agaR; DeoR family transcriptional regulator, aga operon transcriptional repressor	8924.591465161446	11440.033209242483	17296.948994453407	11553.04842018948	5088.469303478374	4943.061374229356	12005.32707237254	12333.030585216497	9400.985149275026	5217.089880676801	886.9190916510104	2907.955624439862	1439.354643199953	1901.133880577392	511.96525203455104
K02082	agaS; tagatose-6-phosphate ketose/aldose isomerase [EC:5.-.-.-]	5336.779022677335	4556.150422402097	8666.11079516791	6231.334207873437	16269.48460264749	9599.016245440613	2870.75259768418	6273.3460676899285	3467.3058012803267	1833.4684690276613	1163.3508934746071	1098.0205471614004	742.4079418392142	7736.659369337309	221.77331267203203
K02083	allC; allantoate deiminase [EC:3.5.3.9]	4247.988404319814	3023.972320864373	1871.8564800572583	1799.3815573350305	1718.6145162425555	1584.813307576264	1117.2899825605086	4680.098683364639	977.3401285664784	754.2705817901779	285.4549736051446	405.29562659808965	1419.6232576084908	535.2183467444479	226.75489015592296
K02085	APC; adenomatosis polyposis coli protein	0.0	0.0	0.0	0.0	0.0	0.0	0.0	0.0	0.0	0.0	0.0	0.0	0.0	0.0	2.4800382343908297e-11
K02086	dnaD; DNA replication protein	989.871614788447	5782.242119080373	16922.49770879565	378.81957940909774	1910.2120006895864	1855.1961100118167	2584.003061681397	9251.34759834032	468.0054811068283	1200.564267525822	304.30892596365925	273.9525532895005	112.37696373948371	594.2761551925494	2.106919273912504
K02092	apcA; allophycocyanin alpha subunit	3.276363953781362	9.202575099846444	0.6211002534555562	11.825580260572323	5.706163944142383	17.224299135267184	152.27310405771004	12.95278196699876	8.878811572490363	6.650031054959683	7.956006911322637	16.61330957091319	14.95879726988194	46.80875462751143	1.7508229934903696
K02093	apcB; allophycocyanin beta subunit	4.440820901513416	12.473274772779453	0.8418463352636373	16.02852574820465	7.73419939544994	23.346010605914003	204.306047518739	17.55634773890343	12.034442011916228	9.013527593750643	10.783662097005376	22.517868413451414	20.27532365594645	63.44511747046801	2.3730853635380837
K02094	apcC; phycobilisome core linker protein	3.1675304184501387	8.896885989480229	0.6004686821978316	11.432760743187597	5.516617848537294	16.65214616479817	147.4099537269203	12.522519311894149	8.583877167581326	6.429131789803751	7.691726028156543	16.061452317060855	14.46189924080145	45.25387173829997	1.6926645413743162
K02095	apcD; allophycocyanin-B	3.5220282244992407	9.892591206885191	0.6676708246620154	12.712271297194304	6.134016473259775	18.51579023496886	163.25044000263634	13.923991448173137	9.544551643058496	7.148655460677015	8.552554383846473	17.858988206596617	16.08041931003437	50.3185107873874	1.882101038273976
K02096	apcE; phycobilisome core-membrane linker protein	3.435963656605138	9.650855044281146	0.6513555661355981	12.401633202776049	5.984125148268606	18.06333688019284	159.40470504098445	13.583743661681147	9.311320203517848	6.973970334939709	8.343563469941685	17.422584519557702	15.687476877078469	49.088923568901386	1.8361098643630636
K02097	apcF; phycobilisome core component	2.2736030798601745	6.38604360956526	0.4310068933363453	8.20625427481588	3.959740767693409	11.952646322207016	107.4654364498224	8.98846568585186	6.161370843252585	4.61472879723029	5.520998909811313	11.528655649963646	10.380521829558964	32.482511157742735	1.2149677528027618
K02099	araC; AraC family transcriptional regulator, arabinose operon regulatory protein	8656.690407166156	10386.378533014742	18081.487197453924	7624.382485256976	55727.11661633387	26847.37934220107	2546.2422109044974	12644.329599541776	2666.439281937849	1549.7174995607063	3382.442457878372	990.8894426264268	1091.9256590963212	28112.01119079734	326.92797205687555
K02100	araE; MFS transporter, SP family, arabinose:H+ symporter	15.486073017833402	63.57568770452716	43.6954988993555	88.18818356432888	165.39722004292855	167.0040836316482	114.06516492344514	80.95582136719162	79.03593848471472	79.47887243341289	33.36270177500518	38.84993028177875	78.7912341133035	95.15930313240422	15.439346662787202
K02101	araL; arabinose operon protein AraL	0.0238397221777218	0.1057361833791241	0.0254262039863403	0.4981786350226314	0.2492986220429452	0.302388155674037	0.3204698083822784	0.0689583355007222	0.0646771960931328	0.0921163337359781	0.0444923157220584	0.0460787975306768	0.0720432721306555	0.3284158994001671	0.0
K02103	araR; GntR family transcriptional regulator, arabinose operon transcriptional repressor	19217.461449257964	15564.70621975837	26932.51104497184	12096.816906833692	57823.43691817192	29351.40520115579	10094.176852934865	26759.0655998318	7799.773472845238	6267.504288437684	3666.0795532243073	2090.4929269312097	1698.7584906464806	27409.491699849557	446.5736128310322
K02106	atoE; short-chain fatty acids transporter	4595.555497645109	5797.323206268223	2541.80763843304	3511.893174796066	3155.3095664796183	3144.6886808099	1393.4409250105964	10812.539379573778	2108.998907451039	1201.0393182178716	385.81256938216825	641.5662187388859	3506.621295275566	877.7127207864709	167.66045699612926
K02107	ATPVG, ahaH, atpH; V/A-type H+/Na+-transporting ATPase subunit G/H	3090.0688269698257	4254.274463080916	2060.407842494615	9107.445836384002	58816.09470498227	24000.74754232737	4347.782693582132	2987.9030411382782	2718.713471696895	1858.3455939210144	4196.718088673644	1163.7535785696198	801.644831629588	32662.710102243007	199.16421728682036
K02108	ATPF0A, atpB; F-type H+-transporting ATPase subunit a	47401.98135548722	47867.80917699404	108047.37845815608	36813.08672695294	83497.1332467837	46989.22827530452	21531.82638983865	68845.15626726561	30055.89048495055	13867.699218472397	5835.933564829438	6994.119780932342	5719.7894787577625	39344.30543933003	1399.9105174395656
K02109	ATPF0B, atpF; F-type H+-transporting ATPase subunit b	47638.35389941286	48072.3915252308	110794.4902287768	36729.37656877947	83677.13311035729	47424.112913822464	20640.561685860936	69076.15242483205	30165.041092593277	13864.483957395389	5786.137160561267	7257.467445926917	5733.502041096603	39188.90594290806	1375.87703095619
K02110	ATPF0C, atpE; F-type H+-transporting ATPase subunit c	47524.290792593165	49668.51873619675	117987.36316012844	37209.92488925124	83604.82670867255	47036.793933542256	22031.40141495873	70187.9226478358	31155.054982474463	14135.165488357909	5856.465196655647	6980.358297896913	5746.180956508847	40347.28652393378	1398.3085287643369
K02111	ATPF1A, atpA; F-type H+-transporting ATPase subunit alpha [EC:3.6.3.14]	48745.58421669071	48519.09359023588	115482.5036299206	37459.043971291525	83814.60048229438	47355.375686275416	22165.24224511201	71239.46822727712	31605.089797667915	14067.710049175084	5839.124769441793	7258.45322062456	5843.417166050421	39435.84380867662	1403.1593419352048
K02112	ATPF1B, atpD; F-type H+-transporting ATPase subunit beta [EC:3.6.3.14]	45797.09908048758	46841.96826654821	110572.78125448702	36345.08223035523	83399.8613895786	46829.46901354288	21470.018310337146	67805.897525428	30135.90504319351	13792.029353776992	5824.791322089253	7160.684194234171	5641.327224315619	39325.66527469408	1350.910210550421
K02113	ATPF1D, atpH; F-type H+-transporting ATPase subunit delta	39319.7077912784	37505.57590064194	99541.19850083636	32377.22696968712	93131.17000831352	49308.046753874005	14083.366141064604	59004.783345131	25023.014758350157	10679.118100594957	6093.445199049555	6019.609468003368	4159.466630451841	44330.9958315732	1122.963119910739
K02114	ATPF1E, atpC; F-type H+-transporting ATPase subunit epsilon	45003.84870877978	46656.39476627991	103252.9395435582	36046.05369195784	83261.40732257924	46738.69098216828	20905.83239354657	67297.89350519689	29899.38476604949	13692.233278495964	5772.095077866405	6656.672235830636	5537.872188197769	39081.41957072487	1359.801308146697
K02115	ATPF1G, atpG; F-type H+-transporting ATPase subunit gamma	47889.664445102266	48223.33966905414	110972.41496457013	36701.89936567862	83578.29869539251	47026.90150760552	21332.910129503827	69349.03865770606	30391.484208286383	13891.312612134465	5810.268957756984	6978.456987791919	5653.608179302826	39281.69420238817	1394.6237357603625
K02116	atpI; ATP synthase protein I	1602.126524608117	3409.6802441070317	1620.609126925821	443.7624639494137	1040.070933393691	915.509397563122	1404.228562109296	2121.6712496618256	844.3613453850966	710.5435579096915	189.94661859195003	1056.9193746856215	336.38746281505746	953.1190817954146	85.85601804428015
K02117	ATPVA, ntpA, atpA; V/A-type H+/Na+-transporting ATPase subunit A [EC:3.6.3.14 3.6.3.15]	37891.23883333344	33867.34508936303	32179.57545319987	24953.341750197946	94150.04049024022	54901.793943839584	12280.7146420505	53882.31696581544	12548.703715035004	7014.498048295533	5191.083835916834	4826.160503526735	4874.261848929489	35641.34088537328	1152.4819605871944
K02118	ATPVB, ntpB, atpB; V/A-type H+/Na+-transporting ATPase subunit B	35941.105235108	36141.5605885816	32671.306865458737	28520.835851680888	88121.08424411385	50049.16159539082	13437.186303115715	50316.82411857549	12433.569059170874	7188.398759012718	5334.751156655941	4156.02481106243	5368.882670268933	35587.630792930766	1214.372496251655
K02119	ATPVC, ntpC, atpC; V/A-type H+/Na+-transporting ATPase subunit C	30021.178858348205	31713.765370055746	18139.67878667488	20603.89462195048	85229.53558214131	47079.87770439289	9564.27570176516	39012.37046811383	9609.395431397345	5722.104164516459	4928.080821716201	3243.2284736258407	2904.12604094293	35038.14155908887	925.2475835611664
K02120	ATPVD, ntpD, atpD; V/A-type H+/Na+-transporting ATPase subunit D	35287.38862559857	35577.85099785156	32662.611806915604	28637.74653987885	87966.78365173427	49836.88811022709	12989.652821844096	49343.08414155016	12084.933497108304	6842.408900697547	5303.111888117625	4023.528423828863	5324.132965517483	35520.15197625655	1148.61643894556
K02121	ATPVE, ntpE, atpE; V/A-type H+/Na+-transporting ATPase subunit E	20542.16838333966	15245.999745082006	26308.414699249923	20165.29293263113	76096.34462078146	39173.90285401318	8911.467861281784	31994.819503688992	7827.80315080768	4488.20766358887	4753.000207562015	2150.0565659920285	2454.7326107554527	34137.86633648384	768.3943911750871
K02122	ATPVF, ntpF, atpF; V/A-type H+/Na+-transporting ATPase subunit F	31611.446656713983	33086.26810516021	19377.17409989805	24546.718653938613	86406.19896765085	48456.267901163024	11445.142212743523	42128.17566378079	10627.156066469555	6209.763069191051	5082.431259269572	3515.729901127856	4002.497838431772	35200.66792222493	1037.5644936606209
K02123	ATPVI, ntpI, atpI; V/A-type H+/Na+-transporting ATPase subunit I	34575.7829468846	31925.680861891124	31686.95240564653	25875.257433512423	87660.75410180076	49379.64744099509	12800.747655763464	48412.198417343054	12247.172234304322	7038.706856903347	5269.98852245164	4561.399216534163	4506.756362728475	35669.15085410608	1165.1220354159004
K02124	ATPVK, ntpK, atpK; V/A-type H+/Na+-transporting ATPase subunit K	35579.0805083473	34715.591769697494	32124.31910220733	25815.349794779217	87290.44071027498	49086.6721907516	12233.56022564481	47684.566827496295	12269.61251206302	6620.848543063668	5187.317951344129	3923.1702552132783	4280.582744166832	35499.39356903853	1127.2816304826065
K02126	ATPeF0A, MTATP6, ATP6; F-type H+-transporting ATPase subunit a	5.961150941829479e-75	1.4223481475174013e-74	2.92852498015428e-74	3.880227111216577e-74	7.760728172384526e-74	1.5217919798650162e-73	2.635672482138852e-74	2.510203404411007e-74	1.0251207180296834e-74	3.556144318744874e-74	3.764072331835341e-75	2.133522221276102e-74	4.194173755487561e-74	2.8244239986333606e-75	5.125603590148417e-75
K02132	ATPeF1A, ATP5A1, ATP1; F-type H+-transporting ATPase subunit alpha	0.0	0.0	0.0	0.0	0.0	0.0	0.0	0.0	0.0	0.0	0.0	0.0	0.0	0.0	0.3390095496869928
K02133	ATPeF1B, ATP5B, ATP2; F-type H+-transporting ATPase subunit beta [EC:3.6.3.14]	7.888746273507104	5.610823313668776	0.1145704639335706	7.714173099915774	1.9901166082925863	2.99432425044158	4.480848532221652	2.2355624384341723	5.968664274396095	2.724494722953891	0.2004823549946213	0.2076310413236241	0.324626952404535	1.4798418976600751	4.5605227163223307e-82
K02134	ATPeF1D, ATP5D, ATP16; F-type H+-transporting ATPase subunit delta	0.0252748219225364	0.0262747887043428	0.0020288189848267	0.0957097459309221	0.0198921466044871	0.0530247179295484	0.0397190749481539	0.0055023541973098	0.0328345121149962	0.0073501874993442	0.0035501506581286	0.0036767399206916	0.005748508833888	0.0262051076118155	0.0
K02137	ATPeF0O, ATP5O, ATP5; F-type H+-transporting ATPase subunit O	0.1288866255376612	0.5680083305533628	0.1370137540884803	2.673146970789096	1.3391445914392384	1.6228041538696747	1.8030531431336636	0.3700808701733692	0.3475402452838927	0.4942698483272012	0.2418229367017313	0.2573759039637566	0.3885068054819615	1.7620460904563475	0.3547244870528907
K02152	ATPeV1G, ATP6G; V-type H+-transporting ATPase subunit G	220.2251978860168	44.02993909000372	14.009349302520668	11.14654198887513	55.96814476687715	72.044401749605	0.007332297168243	73.1097852445943	26.656888742222844	31.887417479974964	4.100744919472642	0.0322841499546932	2.604359196999426	0.0035509337180684	7.128255656173424e-05
K02156	AUB, PIWI; aubergine	1.2070243513996686e-07	5.353508199937415e-07	1.287349204255737e-07	2.5223185880131198e-06	1.2622190197225376e-06	1.531015608120125e-06	1.6225644733698835e-06	3.4914161147038305e-07	3.2746585754097666e-07	4.663924233349006e-07	2.2526818109009855e-07	2.3330066637570537e-07	3.647608943088957e-07	1.6627961727392343e-06	0.0
K02160	accB, bccP; acetyl-CoA carboxylase biotin carboxyl carrier protein	26648.89706126253	34728.63344978472	34255.18979737308	20389.691612017225	82561.6934531566	46158.20994256165	13424.133625430695	46347.157276103055	10180.13845618528	6152.895683469986	5364.276619332463	4602.4023308454325	5557.637967576673	37050.18982606166	904.7135502267377
K02164	norE; nitric oxide reductase NorE protein	0.0108291719270112	0.5649905507409685	0.0532079517064181	0.0704891503557843	0.1410035108455562	0.2764524359124413	8.654456175929953	0.0456009661613987	0.0186225925325716	5.027857197115998	0.00683790543553	0.2942357737849919	2.112891870392408	15.967891455721816	0.0143862065472008
K02167	betI; TetR/AcrR family transcriptional regulator, transcriptional repressor of bet genes	14.187896392298525	67.36503353373135	41.35113764195183	123.44609942088466	355.05929007493256	323.89532527427707	381.9422198117572	111.28872837035544	100.6877341289668	113.69778346971404	51.80391377249609	206.2680646506767	85.02515612421328	316.71294576417563	15.689544762425289
K02168	betT, betS; choline/glycine/proline betaine transport protein	1070.688834218819	659.2181340813245	7175.92553319219	3201.344086241771	3835.066529201597	2461.11002413807	981.0316310742444	1864.7071675321813	1287.2337259851167	595.9579729476071	291.93221783286083	531.8810816504516	269.1217518982229	772.1512854891268	32.509650442911365
K02169	bioC; malonyl-CoA O-methyltransferase [EC:2.1.1.197]	11391.171739085758	8464.495916661173	31123.09220809151	9176.486884451217	1968.871450066582	1929.33126290998	1634.5775572414827	15532.111688876364	8886.864471684044	3066.288199725764	109.65733030924083	1952.8723360361785	352.9947822270286	1160.4432386537476	590.2699881082942
K02170	bioH; pimeloyl-[acyl-carrier protein] methyl ester esterase [EC:3.1.1.85]	52.06289724476567	115.27823568200908	149.462037137108	339.4137716860505	238.6755026890448	365.70258159015	557.873381605695	125.71959625020678	122.33959199448128	156.01165179030016	47.36372291426892	218.5031675862553	121.03452627992652	372.23730757259545	20.42368535895273
K02171	blaI; BlaI family transcriptional regulator, penicillinase repressor	44540.6851454603	21415.536611861146	14768.388385270197	15354.030825974063	14695.980092159998	15906.88881325027	14190.88978515481	35866.93255139984	13410.003649616498	7133.052256754007	1232.653972448814	3606.9244050098314	6858.149519957002	2457.575445824533	686.7282807319677
K02172	blaR1; bla regulator protein blaR1	17906.45505349565	5221.159302960408	4154.484219670862	2462.626589119112	6905.24655032775	7187.7685969138165	3201.598862931579	8699.012643364385	3920.497453829047	2110.4912927435957	462.0334683530893	995.940484415808	1044.0008512405348	972.1834370052942	170.44084953537836
K02173	yggC; putative kinase	405.5507820519069	985.638251792733	244.16857658560332	231.11088930884608	384.9016519845779	444.6412584367944	160.47398488592182	1020.9970853671416	281.2478561469466	319.5531006655768	47.92681821071493	72.0316082881549	137.55004174292688	163.86800395343636	46.53324770699177
K02182	caiC; carnitine-CoA ligase [EC:6.2.1.48]	456.6667248095558	243.68826074911897	2658.4667564814954	5788.104963444379	4677.666409807587	2166.6610605010774	935.3276516401772	416.4725898819991	288.9745851601342	673.9631105514587	306.0848034851388	1302.1432318926518	395.7869604420088	434.24573805427616	39.31069684276365
K02183	CALM; calmodulin	0.0317956845336736	0.0930927515728135	0.0060275073225194	0.1147621035687486	0.0553758346828239	0.1671543178182325	1.4207679028989462	0.1257011049644938	0.0861649974713637	0.0645356537141112	0.0772095803362094	0.1612249303278325	0.1451686093809609	0.4542585672854733	0.1300930075181988
K02184	FMN2; formin 2	0.0	0.0039744364495923	1.6268285980746593e-08	0.0	4.300575284500204e-08	0.0	6.881966730229106e-08	0.6191832588646234	0.0	1.1467213673912836e-13	0.0	0.0	0.0	1.6062341525274131e-13	0.0
K02188	cbiD; cobalt-precorrin-5B (C1)-methyltransferase [EC:2.1.1.195]	14356.158665502706	19530.50408710021	32345.849397164675	14799.675220723027	53447.61693298137	25801.490873234216	9422.669260832572	20217.97824982408	8236.445676895195	4650.493245924911	3972.956573980292	3545.684057027081	3421.768731146335	28414.32288172039	524.7008855051945
K02189	cbiG; cobalt-precorrin 5A hydrolase [EC:3.7.1.12]	11236.103831233111	18000.78177256193	14723.067850872838	13718.912184278744	53141.62026319879	25644.391569837884	9331.764779761535	15075.381662417794	6601.106870788651	4367.032695404352	3919.5911650664175	3699.128077160739	3222.937140533044	28751.54065081177	456.43500419338994
K02190	cbiK; sirohydrochlorin cobaltochelatase [EC:4.99.1.3]	14673.101964044054	15887.437282749455	36058.32924848805	19008.033621895545	119072.14785070642	55486.53720180873	7415.321584218377	20890.289281236284	6463.9898095497465	3357.3001149247475	7793.68977404836	3907.5585234824057	2638.9373189453936	60258.09616233267	561.6740320911151
K02191	cbiT; cobalt-precorrin-6B (C15)-methyltransferase [EC:2.1.1.196]	563.415020621099	1979.6424100372408	1299.904847448725	5931.109657404777	49061.7120947817	20982.671523841916	1989.9073862835992	1772.9471553838678	1124.029601986975	914.253214692146	3434.7050222884923	525.4091124602073	318.9379470346516	26325.204738518205	74.04191396165774
K02192	bfd; bacterioferritin-associated ferredoxin	352.9118150947674	1878.667601319859	942.3743958883058	12072.976565296398	116157.87271384054	46199.80066689871	1977.5550650541643	453.5966650078415	721.4426269141818	454.9148019329048	7933.837953137818	1602.7558635342634	667.484471195198	64821.63232036344	186.47730447547792
K02193	ccmA; heme exporter protein A [EC:3.6.3.41]	365.7602611022453	395.01591076004473	1399.727421660251	315.62485087334653	370.7826170120976	394.2982805557516	390.249473950596	953.19746590526	250.08041668759157	160.30131717380772	57.6983449685634	323.3869390229013	100.16876504564566	348.6555005419922	25.821581239935245
K02194	ccmB; heme exporter protein B	339.11778690805454	354.2912090506397	1370.4338564841955	266.74946178509043	252.705292077348	321.3853381374646	374.33311500089	932.3286621967576	239.99471123359336	118.51228868757823	45.47971311627635	319.13713115133834	95.50099991238204	300.1631569145336	23.91334684210733
K02195	ccmC; heme exporter protein C	338.7793486363823	354.06091324597884	1370.4680549641575	267.4155026190847	252.58050729318893	321.49980551082274	347.8708469876637	932.1148444506337	240.0817026616405	118.63618601000732	45.539555693190366	319.1834759649561	95.59789878095404	300.5985481610443	23.35926745370712
K02196	ccmD; heme exporter protein D	207.26688748181007	245.03175185964807	1005.9986476041928	205.01588626811497	214.91350146307016	263.70051683736347	291.71075016754304	765.0827582342923	219.0765095789896	106.42913501451724	34.284113916194634	244.06722802623483	88.46447729588289	232.2719772954166	15.613121835643843
K02197	ccmE; cytochrome c-type biogenesis protein CcmE	339.0245932431669	352.2411442034338	1373.277982228382	254.43262686322976	246.0900441886664	313.6173172683881	366.4085421894382	930.4312331761646	238.4876293511371	116.26036535723712	44.37689903374381	317.9159408909441	93.71529076759995	291.84266360048207	24.24749049485995
K02198	ccmF; cytochrome c-type biogenesis protein CcmF	534.5835606231805	592.4035485867257	2350.499378916692	1058.2449047107875	310.03383161344857	431.6417090479048	430.3857978767864	1753.4390730406571	436.6266677174988	202.5749849329588	50.37841360190336	379.3147826830808	170.58196604379657	321.8892431285941	25.24480614029011
K02199	ccmG, dsbE; cytochrome c biogenesis protein CcmG, thiol:disulfide interchange protein DsbE	217.97462465374429	265.8519573067	1026.189110319552	221.1585276979357	228.47899265287631	293.4207024731422	394.5586289482701	792.9524719773619	220.04182263058044	110.7475051066766	34.83396459474186	293.92045926684784	92.18481176194446	275.2057026597053	19.99817860008466
K02200	ccmH; cytochrome c-type biogenesis protein CcmH	672.3975824436897	691.7384244865647	3296.130527528664	477.8030035581908	298.849127269602	418.1216378173776	585.4046649935265	2178.3031657381957	511.4075596148947	150.31934544186603	38.37619738193816	547.4089223850347	104.18102919151328	450.5907329954317	17.967700866776468
K02203	thrH; phosphoserine / homoserine phosphotransferase [EC:3.1.3.3 2.7.1.39]	9916.120505705	11422.851574588958	11461.276978602304	5806.132226507022	2432.779281796164	2569.299930530104	3494.368912689218	12075.397031854736	2970.232266478604	1420.9638685174623	264.6852961178218	801.8773111447662	1234.9291123715575	1660.0270041639887	272.5619077049781
K02204	thrB2; homoserine kinase type II [EC:2.7.1.39]	362.5330016192816	378.5879297718652	1636.6620539597554	237.88538979481496	427.7473711842918	288.15976798295674	668.3665272764097	826.5524384715936	352.6068678880263	168.7007943362508	46.32464926148729	963.4349215193868	70.16523000603235	709.3259290827888	51.23660978913136
K02205	rocE, rocC; arginine/ornithine permease	10.455721191164995	12.52068713923542	40.46291792254718	8.080888922120987	4.0163408546623405	4.813609668232513	8.417741216838323	4.570086743100486	2.175164773199308	1.7640644715545304	0.6750778478710451	0.6991493916346736	1.0931059962662002	14.675100849647167	0.0
K02206	CDK2; cyclin-dependent kinase 2 [EC:2.7.11.22]	0.0	0.0	0.0	0.0	0.0	0.0	2.982711912486752e-13	0.0	0.0	1.7200820510869196e-13	0.0	0.0	0.0	2.409351228791111e-13	0.0
K02217	ftnA, ftn; ferritin [EC:1.16.3.2]	29384.297344007853	25912.94105155752	73048.50999745831	27483.39981607469	52438.25012204858	25008.09054104354	7988.072008614765	40746.937966816826	23228.5858061312	8441.246053823705	3839.4710260419697	2983.694951055965	3732.887281095431	27868.41129699109	1065.025498758809
K02218	CSNK1, CKI; casein kinase 1 [EC:2.7.11.1]	0.0	0.0	0.0	0.0	0.0	0.0	0.0	0.0	0.0	0.0	0.0	0.0	0.0	0.0	5.942471480682965e-05
K02221	yggT; YggT family protein	2284.57693712524	9748.687511380078	20795.808383108	9717.165146973432	20760.75755594962	12797.792210377302	9301.808053127656	13589.41760572272	3841.694161459436	4836.381566246331	1982.57875615143	2205.16627545396	1338.9901102641245	9714.54126803476	217.3692996590053
K02224	cobB-cbiA; cobyrinic acid a,c-diamide synthase [EC:6.3.5.9 6.3.5.11]	12433.035662304464	18488.46876499154	31942.98640333652	19561.625272266803	67677.9630358501	31833.685784137637	10568.527711301076	18357.084217093936	8546.492139533573	5151.083671069462	4889.653686902863	4864.25073337901	3832.007139358168	35283.87726768336	552.3469905000438
K02225	cobC1, cobC; cobalamin biosynthetic protein CobC	9.597144060692449	19.995625382789814	38.38127232504286	53.8817060712317	260.3284122629146	196.08669106586564	245.6765223354917	23.461103694626942	26.06045072850529	44.986755052444366	24.79516549999099	169.7433255919186	21.286844108342084	155.67965876982998	51.00022536425265
K02226	cobC, phpB; alpha-ribazole phosphatase [EC:3.1.3.73]	31247.64367653239	35248.103002289754	64927.65277928786	22042.33852015327	82906.87304011735	44981.0949957483	15020.857246628186	46083.789408705896	17585.339056477547	8566.29951462553	5398.811661168028	4471.022637118547	5107.484686109181	38025.809708318055	1032.353003405404
K02227	cbiB, cobD; adenosylcobinamide-phosphate synthase [EC:6.3.1.10]	15971.400426202006	20803.519941234204	41021.78935961105	22352.76218257174	67429.91652093056	31930.52780179932	10980.838558315636	24113.80627469324	12417.674479346406	5783.448914399187	4934.293711061351	5697.684968388187	4096.274248628593	36408.78295378926	693.4536803950048
K02228	cobF; precorrin-6A synthase [EC:2.1.1.152]	7.34	0.7117659226600225	823.4200197438502	1903.2709691847424	1508.5336198265109	664.4602664265716	432.9838247754243	56.52559678459857	163.42000000000002	247.07650015005825	89.70940392863004	936.2104861897706	104.82297038521476	319.8683216674896	0.0
K02229	cobG; precorrin-3B synthase [EC:1.14.13.83]	6.0	21.439197279964148	798.1470019544629	1940.7709691847424	1743.7307683832726	776.6602664265716	656.6588806193984	100.02559678459858	258.92	293.5765001500583	133.40440392863005	1303.1104861897709	144.82797038521474	547.8683216674896	0.0
K02230	cobN; cobaltochelatase CobN [EC:6.6.1.2]	4612.370919939207	1753.122298698729	26178.318700303924	3012.7612406688518	2671.229875239786	1657.9627404356347	1005.0295885068932	6956.307703873555	4206.720682880538	809.9682588680689	205.491202014522	1396.9084524369073	311.78100376634654	688.8348752243305	84.28941875629988
K02231	cobP, cobU; adenosylcobinamide kinase / adenosylcobinamide-phosphate guanylyltransferase [EC:2.7.1.156 2.7.7.62]	20730.71454201029	25071.959058110857	64890.97977755725	23319.98304741593	67890.47714740835	33042.60795049794	14041.751069017955	29733.76693363513	17005.767951395996	7308.099376726954	5087.260263086719	5385.181143678192	4974.653359357398	36928.47234019693	708.6344258804618
K02232	cobQ, cbiP; adenosylcobyric acid synthase [EC:6.3.5.10]	16531.9220571098	19191.56229432942	41127.276391248255	19821.750848248965	67654.2098166553	31582.713657764685	10486.284055352013	23264.12146801469	10265.899260250417	5556.5985850335765	4939.682398747412	4663.129164401489	3751.1428733508624	35505.54180133039	595.1526741819368
K02233	E2.7.8.26, cobS, cobV; adenosylcobinamide-GDP ribazoletransferase [EC:2.7.8.26]	18452.96936137918	22424.064794905094	56892.95575575397	22105.27210898553	66850.54430213476	32047.684294783267	12323.279580631588	27302.85017011169	16135.227997382884	6903.689268157127	4964.279940040429	4763.204601867483	4086.89493358459	36123.963568677056	652.4600558197324
K02234	cobW; cobalamin biosynthesis protein CobW	14.4166643189106	21.97166510235648	58.67324319740717	64.98479218773151	281.98836410498143	183.39445049307108	604.7916194006355	86.62328914328945	191.2576337747472	109.79470100246908	39.601075536898655	869.8707017220577	75.99703459789507	445.74568600037856	1.6452313120632591
K02236	comC; leader peptidase (prepilin peptidase) / N-methyltransferase [EC:3.4.23.43 2.1.1.-]	1220.7501061904927	5644.572199316455	16667.05247562499	282.9272254101158	1388.398832079159	1634.2532649219354	2718.0546604282204	9180.369231032008	576.1930880132486	1015.8512053711264	229.88620138238724	247.13561512489	60.91966121288942	310.92645452603387	25.52817853788612
K02237	comEA; competence protein ComEA	25251.53551744492	24213.620021728733	19409.82275767437	17289.08872856245	78846.92779234995	41359.25090798526	11308.604957031816	31631.07685839949	8166.074209927982	7344.112054539708	5403.93711496794	3416.603545313544	3399.7836239649087	36091.92894354758	636.0276242131521
K02238	comEC; competence protein ComEC	52765.62764858102	59772.77121967779	119649.67561442172	42665.20696958367	134209.10722898354	65640.13382216066	23828.23426681525	70245.81566651122	31865.048041125738	13712.59369184898	9809.913942901663	8835.956136806411	7501.197755905323	71558.18681955097	1438.6059467900996
K02239	comER; competence protein ComER	108.2031223067226	1145.641537963535	165.49213397943933	83.20463440147009	130.5372478856377	109.82373356573191	45.59115350052436	213.39654703714996	41.99113119050346	48.4778411835819	5.495273473516965	10.324966994955442	18.32286616517591	50.34739930088228	5.724904874801905
K02240	comFA; competence protein ComFA	1017.352662236221	6083.204261537289	17173.398831903316	1212.4915789810998	4541.371315097647	3394.667136685985	3313.246806569668	9358.120982660406	603.975012301493	2169.936657042864	583.625409284637	455.45844184032205	189.47924218613335	1568.0607683623143	8.553020999132702
K02241	comFB; competence protein ComFB	11067.925316524108	8338.78882955371	4929.571522837131	8139.099662226229	9485.477388180894	8926.193935340796	6124.799034697289	17089.27249899746	5508.586424023231	4215.4412041475	510.47906724136016	831.1344777934071	2958.416056707232	845.6061046295503	293.5887406556686
K02242	comFC; competence protein ComFC	1051.4932679797105	7060.27096602534	17586.09581073471	6545.952483010126	60896.07513389854	26388.88197797608	3729.153025593349	10807.049835881226	548.388213979485	1175.1805677668492	4330.819246722406	539.7241714383159	439.4107590289998	33080.369232492194	96.42124063691568
K02243	comGA; competence protein ComGA	933.895709560362	5932.508742170916	17055.668508942545	1104.327063624825	4556.739538647847	3405.6414513759464	3244.6357640406177	9246.680580490998	544.6578179417178	1987.287929383137	593.870349120798	443.78601921675016	174.60382087224116	1496.128638959802	8.532828033556994
K02244	comGB; competence protein ComGB	730.5582477107331	5427.403239362943	15996.691356667958	461.5063645756056	3521.650620726983	2748.3233501835653	2446.535930148898	8654.148437284952	456.5246700361059	1694.3690658824685	457.0014282868754	243.10020448006705	68.63404631840595	1164.3397037974655	5.403391027644244
K02245	comGC; competence protein ComGC	903.6719981977258	5862.459527662137	16589.55556922072	1105.281195690884	4472.2060221820775	3324.720597520405	3081.863732779347	9163.3998643735	544.7816903489165	1987.4643543472887	573.5829526934867	443.8742712115139	174.7418010890775	1496.7576345019472	8.532828033556994
K02246	comGD; competence protein ComGD	506.9392366108736	4616.462146566436	14903.10560585938	77.45986595948686	691.8823499520199	798.9184639832802	2251.333502853572	7958.422557898642	343.7458470492486	781.6437834304769	165.52744859255307	169.12712252833182	40.734751224875005	183.543388833136	0.4318143866117058
K02247	comGE; competence protein ComGE	0.0112700276629359	0.0499858892134907	0.0120200235620736	0.2355097494817065	0.1178538216934999	0.14295145111109	10.071499399979553	0.032599471709005	0.0305755991490511	0.0435472201258654	0.0210333671356397	0.0217833630347775	0.0340578494912014	0.1552558475134696	0.0
K02248	comGF; competence protein ComGF	111.9632938813474	518.8789758517174	2103.7255300412908	10.367928624059148	708.3116481076275	1166.0504841696322	980.2773687313024	1564.2874048968952	247.38856722351045	647.9017405292052	119.85268378798156	34.184205782331745	13.38800674740476	67.39506641972379	0.0
K02249	comGG; competence protein ComGG	0.013025915258616	0.0577737674205392	0.0138927616691715	0.2722025296721813	0.1362156278757224	0.1652235064509297	10.09510323886381	0.0376785194018364	0.0353393243928572	0.050331943813531	0.0243103979960266	0.0251772444065822	0.0393641146793351	0.1794449466850935	0.0
K02250	comK; competence protein ComK	7.219059379853318	43.87003821029586	73.0688090363521	44.76433644843362	228.5004246156023	127.23324439901482	114.38974678490248	46.17604247851554	22.58821466119744	82.15837361242626	93.75721758053209	15.347582517064248	41.48812551604971	84.126392616748	0.4189579680237432
K02251	comQ; competence protein ComQ	3.6890180822386593	8.01971177307173	1.3445404058996528	26.343739887547184	16.17220109659508	17.861039302376938	25.97085495140479	6.545007092133258	3.4201370969190146	4.871121651423004	2.3527584484294204	2.43665177737692	3.809655991312331	17.36666813971223	0.0
K02253	comX; competence protein ComX	0.625689682566939	0.9747791710795104	0.1083810022337796	2.1235218510877933	1.707771419327624	1.6926747324585163	10.390402303593955	0.9194666805042198	0.2756911467402039	0.392652421799581	0.1896516590620066	0.1964141505662869	0.3070895695604475	1.399896120774474	0.0
K02254	comZ; competence protein ComZ	0.020365908291391	0.0903287965240342	0.0217212153196951	0.4255863519702646	0.212971981629945	0.2583255543395267	0.2737724323722308	0.0589100462775981	0.05525273467356	0.078693568281565	0.0380091015705639	0.039364408598868	0.0615454602317377	0.2805606558145577	0.0
K02255	ftnB; ferritin-like protein 2	9.850000000000096	53.11000000000053	21.840000000000217	74.10000000000073	156.34000000000157	157.84000000000157	83.95000000000084	70.0300000000007	75.11000000000072	74.10000000000073	32.12000000000032	25.91000000000026	73.67000000000074	69.82000000000069	15.420000000000154
K02256	COX1; cytochrome c oxidase subunit 1 [EC:1.9.3.1]	0.0111056472631154	0.0311932845107971	0.0021052973440104	0.040084290056963	0.0193417596100699	0.0583839259768065	0.4962480727735849	0.0439050818623238	0.0300958473572347	0.0225411157694825	0.0269678850171953	0.0563129000838166	0.0507047227668445	0.158664154853401	0.0059346345095196
K02258	COX11, ctaG; cytochrome c oxidase assembly protein subunit 11	4.0	13.33	20.44	53.88	279.63	176.22	520.62	74.46	183.92	123.48	32.129999999999995	870.81	61.95	449.9	51.11333782845242
K02259	COX15, ctaA; cytochrome c oxidase assembly protein subunit 15	11.23577769063008	46.127993400868135	546.3054812638708	1395.6875517647893	1253.8135434090168	581.6449536879995	839.1667722879058	112.17633103751436	193.87366428788727	235.22457956738236	161.60252029156723	963.292233566214	144.73714705864705	586.3887881333133	57.66571331114392
K02261	COX2; cytochrome c oxidase subunit 2	0.0111056472631154	0.0311932845107971	0.0021052973440104	0.040084290056963	0.0193417596100699	0.0583839259768065	0.4962480727735849	0.0439050818623238	0.0300958473572347	0.0225411157694825	0.0269678850171953	0.0563129000838166	0.0507047227668445	0.158664154853401	0.0059346345095196
K02274	coxA, ctaD; cytochrome c oxidase subunit I [EC:1.9.3.1]	39.842770657551895	56.6482905029373	1080.319464579531	2670.099573951492	2221.8627664645505	980.257900190044	1095.7303527168087	161.41456859139691	204.79102336630524	349.89131332431924	305.1958967164876	1070.0957185242655	175.18274777474238	633.4174437742724	122.90628132469112
K02275	coxB, ctaC; cytochrome c oxidase subunit II [EC:1.9.3.1]	51.468768986282335	90.56867375351754	574.2614528637378	1482.8822501863556	1556.0575069750823	740.3294586572581	1664.012838014673	251.15536767279443	391.5384688814392	331.5368009983141	307.0569072303909	1670.775210944458	230.03776097763148	1114.7793930461562	176.89173084099673
K02276	coxC, ctaE; cytochrome c oxidase subunit III [EC:1.9.3.1]	37.96602581369763	47.65081732184443	546.2511620552698	1398.9385761048309	1269.6865668295486	584.1727472129996	919.6510474697972	163.22894976483002	199.7237618943186	244.82062020137369	163.9833832837247	968.9951244571756	129.48645528819665	611.0148545848587	60.46227315636166
K02277	coxD, ctaF; cytochrome c oxidase subunit IV [EC:1.9.3.1]	537.1022287800597	768.8273304710373	324.6196265929098	830.9823931406551	1045.0469431302213	1083.1320911413643	278.4237806474395	1722.4516207843271	232.723096943139	199.1252101316026	157.71145195453758	56.87145888604264	734.5960568655391	190.70586005502255	16.845560779792212
K02278	cpaA, tadV; prepilin peptidase CpaA [EC:3.4.23.43]	3450.9516627482144	2891.797407320892	2073.5366070583486	2438.2477934638505	1521.4220490145167	1592.5529470735326	2407.189205773705	3796.3281342033806	2377.6108543700752	2245.6199087106475	180.4296222957199	991.8978983601988	573.9297371087868	514.4796425363941	133.38009807727042
K02279	cpaB, rcpC; pilus assembly protein CpaB	9726.587697548004	6818.5204004988045	3967.5812916622094	6488.032616336259	2829.120848784786	3134.0341412465377	4117.017087405937	13709.754361466054	4097.117991286757	2972.84715574908	377.8426560584494	1080.3800460990951	2915.755832134148	1138.889157365536	347.22330137315697
K02280	cpaC, rcpA; pilus assembly protein CpaC	45.74819796957527	54.54041196448037	193.17133153548411	85.92777104900479	241.60603218343425	174.0236293758201	394.8551056399506	85.41137622372541	47.764968049143135	58.86992107966758	22.794128949524342	400.59175978075416	23.281273714302525	277.4575076586774	72.75547957723299
K02281	cpaD; pilus assembly protein CpaD	0.0	0.0	0.0	6.0	20.45	13.2	11.5	8.0	0.0	0.0	1.8	27.84153222007759	8.0	66.28517908982107	0.0
K02282	cpaE, tadZ; pilus assembly protein CpaE	792.2996804031609	1434.8520197612058	1228.169035298998	1442.9530676314157	727.6683196445869	653.9398432460032	1375.5428791943564	2455.87163359968	691.7909979219265	517.2565347039506	123.63586037548087	545.0800822049814	856.0061960117746	623.4939341774991	100.49044523220336
K02283	cpaF, tadA; pilus assembly protein CpaF	30310.752164183552	27690.961686282917	14919.996191842927	14622.599693224804	10616.593602397588	10399.203040609227	9707.237313908394	28519.00840863884	11423.46178376362	9678.53010188636	983.5627383132696	2796.467779226436	5190.843739721843	2404.0619325235666	718.0813141551816
K02284	cpcA; phycocyanin alpha chain	5.391868052042734	15.144553955954429	1.0221363258064144	19.461198237838403	9.390557186001994	28.34579721190276	246.80292360217484	21.316218911617412	14.611740677517169	10.943866583853248	13.093093469509698	27.340299911039807	24.61749129042055	77.03253734698748	2.8813058306563555
K02285	cpcB; phycocyanin beta chain	5.564901636676579	15.630566676107453	1.05493829921	20.085738909060364	9.6919150374775	29.255458734317305	254.5348081889322	22.000290133968548	15.080654575774208	11.295072593807676	13.51327157385276	28.21769343271164	25.407505571474797	79.50463346320086	2.973771497748484
K02286	cpcC; phycocyanin-associated rod linker protein	5.645471851528994	15.856870427293083	1.0702119933330376	20.37654589991653	9.832237315908149	29.67902751409498	252.2639572322192	22.31881653724347	15.298996544530162	11.45860583932973	13.708920529602242	28.62623715386732	25.77536260047706	80.65572396184949	3.016826599911741
K02287	cpcD; phycocyanin-associated, rod	4.694441725291405	13.18563906155395	0.8899252300849226	16.943934857097272	8.175909175114462	24.67933040716597	209.76784186734056	18.55901266838891	12.721744014059684	9.528301403406786	11.39953049724956	23.80389198058012	21.43327269330441	67.06854730797117	2.50861523023253
K02288	cpcE; phycocyanobilin lyase subunit alpha [EC:4.4.1.32]	3.7780219330471754	10.61162039937818	0.7161995472047724	13.636245003821498	6.579858904152592	19.861584620139972	174.68933964525232	14.936037343720823	10.238284065342317	7.668245511029417	9.174184869101897	19.1570438525222	17.24920215667575	53.97584155364039	2.0188989268593738
K02289	cpcF; phycocyanobilin lyase subunit beta [EC:4.4.1.32]	3.2280530784655386	9.066880633509738	0.6119419617252728	11.651208871567643	5.62202500880862	16.970322171881925	150.1143664171669	12.761789683043698	8.747891087195613	6.551974543023113	7.838693431096749	16.368341814404555	14.738225746090787	46.118546842174034	1.7250066334852574
K02290	cpcG; phycobilisome rod-core linker protein	4.6990816451505495	13.198671560862143	0.890804819605863	16.96068200285734	8.183990128200719	24.70372310857064	227.58839723584268	18.57735613423326	12.734318006058723	9.537719041859384	11.41079763209419	23.827419411015683	21.45445703713817	67.13483691231363	2.51109471007419
K02291	crtB; 15-cis-phytoene synthase [EC:2.5.1.32]	59.820151856984666	1750.0354428502696	3506.6978956139824	3148.1505457958724	998.8396890522432	774.3624490979965	851.1942125440114	574.4067467742041	2430.355967155647	504.37101188764353	109.48341042392866	910.9405476403668	199.13088158586	1090.0504088818998	124.06507744751116
K02292	crtO; beta-carotene ketolase (CrtO type)	1.4360027685441483	4.033411277725466	0.272223017981955	5.183052381657394	2.5009636710531598	7.549265464213696	64.16677835197399	5.677095410444794	3.8915084463564487	2.914652688327044	3.487050923640483	7.2814738762396765	6.556315048225734	20.515883517651368	0.7673709945994295
K02293	PDS, crtP; 15-cis-phytoene desaturase [EC:1.3.5.5]	3.993745061045937	11.256970918261176	0.7783551475433388	14.833979665755258	7.16686328450833	21.175728956359745	183.57137190950277	15.763159526343951	10.822958628200803	8.150567866277042	9.684401486897048	20.17483027791488	18.19669854377414	57.04545095639826	2.483219295137686
K02294	crtR; beta-carotene hydroxylase [EC:1.14.13.-]	2.373953126460313	6.674508916994818	0.4500302497943277	8.568453818872145	4.134511893790401	12.48020041731414	111.94950802604365	9.385189704405915	6.433315342588491	4.818409137897994	5.764679305385442	12.42593739808285	10.83868704694338	34.842527112476	1.2690203120016983
K02295	CRY; cryptochrome	0.9100518250683178	2.556132463634832	0.1725185074616834	3.2847055609328777	1.5849597250978398	4.784268501514148	40.66502866646314	3.597800194076316	2.466203019556773	1.8471308388502992	2.209882269504569	4.614558366748356	4.154996498655617	13.001727884589132	0.4863133898047441
K02297	cyoA; cytochrome o ubiquinol oxidase subunit II [EC:1.10.3.10]	14.35912847513904	78.45456783555946	43.67552090265293	165.6461284259063	467.228599577915	405.7400792629181	723.1864054238008	156.0339447463625	261.87449661116443	198.80578032139877	65.2843487319973	1021.4836375400588	138.53857882992628	726.1438396466498	66.62102875955203
K02298	cyoB; cytochrome o ubiquinol oxidase subunit I [EC:1.10.3.10]	14.000005525303887	76.85974283961077	43.29249910048705	158.13752267615843	466.799136716305	401.1780599576939	718.3435731522363	154.9951524073817	260.9001956035244	197.4181345608202	64.61411392325178	1020.7706350471068	137.453314827866	721.1825124192571	66.73472796458842
K02299	cyoC; cytochrome o ubiquinol oxidase subunit III	16.623345743637074	87.0288241376328	46.09041691985672	205.46422668006684	492.76593227779176	433.9643357910055	830.2621019746298	171.60772920053438	262.9677629394093	204.2957477770564	86.49008042561128	1025.8411791523242	165.3810084363321	757.3216348037784	67.95459151198538
K02300	cyoD; cytochrome o ubiquinol oxidase subunit IV	14.736604741548447	80.12878616028603	44.07811739594163	173.53424934239126	474.54613913295424	410.52806928894825	755.138745186616	157.1258255505333	262.8985901941794	200.26434302925088	65.98883652331753	1022.2132455582582	139.67930627553426	731.3439508984039	66.62102875955203
K02302	cysG; uroporphyrin-III C-methyltransferase / precorrin-2 dehydrogenase / sirohydrochlorin ferrochelatase [EC:2.1.1.107 1.3.1.76 4.99.1.4]	12592.800850141031	8280.736441825688	5232.371450292643	4645.676483347006	3967.785159133865	3345.537041467516	2861.06768007387	8244.591831273126	2920.470275727589	1585.2993390740553	291.17266396903887	1029.2923821133545	960.9630389426824	979.2211642025776	173.81963143802744
K02303	cobA; uroporphyrin-III C-methyltransferase [EC:2.1.1.107]	163.37314345677788	110.73220651468802	629.2458821707138	1188.080416292742	1509.6935927792342	1004.8981334159784	1176.7700121571454	327.31582964336235	290.8220537887797	357.71420190006256	151.44565451258194	1175.120725406814	266.2351519484681	644.9578182404578	66.30240051929233
K02304	MET8; precorrin-2 dehydrogenase / sirohydrochlorin ferrochelatase [EC:1.3.1.76 4.99.1.4]	18721.6964683931	17839.022775832986	10310.313115078046	16819.55488040106	73299.88910428733	38188.7585584107	9278.27833439871	21733.88583997688	7570.939284566289	4958.53193717105	4741.967222555953	3038.688561538118	3572.91124653442	34208.626984469694	500.3104101458682
K02305	norC; nitric oxide reductase subunit C	16.579537144450807	25.03181814579603	66.30734141576168	37.186050120340255	69.8110448720651	127.81675315173104	35.88025366536631	25.516852660075106	10.991959157003064	35.23506853740744	3.5302324900181734	21.985327252786064	36.86158000760457	18.460944886772012	4.169826290116021
K02313	dnaA; chromosomal replication initiator protein	55038.14260171522	54629.694311822015	122618.80527824529	42204.765053782496	91583.866434633	54097.138425343466	22148.722866521093	80734.43458634603	32377.594231026225	14531.977193780387	6040.022787813855	6872.57634034314	6722.468635417262	39468.69972773247	1628.6084083662367
K02314	dnaB; replicative DNA helicase [EC:3.6.4.12]	63628.87034185288	65221.53951135612	152737.4179735019	62971.927284766265	153204.4363160818	81308.75039836773	30574.12316884194	100088.57805565046	43014.97893555029	18471.963546664058	10490.17092260964	10041.440825322165	11998.577641821004	72920.53162706725	1990.4904877469528
K02315	dnaC; DNA replication protein DnaC	104075.672912975	73624.5642725422	53944.42860207807	50469.60855097925	187806.3602097721	107454.87850705691	30233.651042026253	105863.67222285396	29822.65238749331	15984.907283669188	10797.332535218056	9057.616260059567	12036.03824001437	77155.28120268721	2192.4376573772674
K02316	dnaG; DNA primase [EC:2.7.7.-]	58884.61841988835	56976.04904605856	130070.28698390591	43284.32794118819	91766.1018307563	54024.99760375894	21792.99416742565	87169.43298421532	35975.96431591504	15664.076177279208	6001.607368354351	7428.127300634719	6955.173315352173	39515.11434207295	1784.471721107366
K02317	dnaT; DNA replication protein DnaT	9.850258114404456	53.11114481334131	21.84027529135829	74.10539381628412	156.34269917429745	157.84327397853608	83.95346974990397	70.03074661690968	75.11070026470222	74.10099735023947	32.12048172153558	25.91049889848942	73.67078001774277	69.82355578280885	15.42
K02318	COASY; phosphopantetheine adenylyltransferase / dephospho-CoA kinase [EC:2.7.7.3 2.7.1.24]	1224.6147667084017	675.9868153919039	404.1023428253544	241.6582863799065	28.1324856603759	51.06473663844472	56.63981857353548	939.0378611438427	192.62467773334072	38.32055492824345	5.382429736577521	8.239857228411653	45.71034322466572	6.676342049070262	13.537105844678852
K02326	POLE3; DNA polymerase epsilon subunit 3 [EC:2.7.7.7]	1.1361811176938671e-09	5.0392976108019905e-09	1.2117915069878143e-09	2.3742774942241717e-08	1.1881362749142658e-08	1.441156529131776e-08	1.527332165872209e-08	3.2864962988845732e-09	3.0824607937366277e-09	4.390187026584153e-09	2.120466364038287e-09	2.196076753332234e-09	3.4335217852590663e-09	1.5652025676608623e-08	0.0
K02330	POLB; DNA polymerase beta [EC:2.7.7.7 4.2.99.-]	0.0	1.1647290475741791e-10	4.080867856452882e-07	0.0	1.0787909349235064e-06	0.0	1.7263229638811718e-06	0.0	0.0	0.0	0.0	0.0	0.0	0.0	0.0
K02331	POL5, MYBBP1A; DNA polymerase phi [EC:2.7.7.7]	0.0	7.910261023838366e-05	0.2771522700113486	0.0	0.7326612058975084	0.0	1.1724327889123611	0.0	0.0	0.0	0.0	0.0	0.0	0.0	0.0
K02334	dpo; DNA polymerase bacteriophage-type [EC:2.7.7.7]	46168.35561559106	41921.20566604789	30833.777854119133	39845.11021004344	75526.96700403512	42633.52778105479	26608.135188507928	43970.75827486576	24798.423308552447	14674.120859901876	5954.509255991064	6139.021338135322	7414.424719790804	38598.24803413008	1342.3141937667292
K02335	polA; DNA polymerase I [EC:2.7.7.7]	60353.41212932614	56258.485133738766	116377.1894525192	42956.98817939638	100725.1056591949	61668.47764939316	22843.69624074438	88117.5720593385	33583.28530184695	15277.000237216913	6194.670457123531	7954.94889790572	6755.983477951267	40383.87227899681	1752.3165398771628
K02336	polB; DNA polymerase II [EC:2.7.7.7]	14.000005524024258	66.86175186519424	41.474673881822106	122.5258862758531	438.7815344096019	321.65051685384645	683.8668931798625	162.58275824160532	334.6025205632613	210.75373079871596	70.31411391954886	1172.8698711560005	150.3044773035761	576.8084906544085	67.30623249571477
K02337	dnaE; DNA polymerase III subunit alpha [EC:2.7.7.7]	63177.9356594628	61409.29807491049	127627.76591333578	60775.163342115	229544.31510470397	108137.36573750767	24070.299666010505	89951.08506634133	37313.7837725351	17018.7370352496	15441.639472627185	8438.052985547474	7549.196118358659	116358.188327946	2074.374585390776
K02338	dnaN; DNA polymerase III subunit beta [EC:2.7.7.7]	54608.79735380242	54589.27017927531	116396.88779395988	42632.74335061111	91990.12374164443	54380.94401675009	23103.308056695627	80117.73036556659	33010.88574980419	15043.97302394351	6103.656367446125	7258.142215925355	6669.673437490661	39571.40313880124	1610.3784491232825
K02339	holC; DNA polymerase III subunit chi [EC:2.7.7.7]	215.02111117124443	258.40666444648525	1041.8620867857153	242.55597056558705	448.62550876788936	351.89890077913503	765.282834883116	834.1266633231623	396.4666054335687	197.90748056100625	64.641081804426	983.9961291722952	139.18518202602175	710.9816311416278	66.50619463285197
K02340	holA; DNA polymerase III subunit delta [EC:2.7.7.7]	50602.173908261335	49791.55637638699	104925.68713729408	34939.72683407801	82782.87390570166	45683.26764076445	15690.846030217366	71269.93397083093	29054.64618499446	12635.545324572997	5652.944578909932	6099.019843923872	5644.227775795128	38220.23474432057	1388.0147764640906
K02341	holB; DNA polymerase III subunit delta' [EC:2.7.7.7]	44931.119941388526	42286.81264751097	109297.86405370856	34213.57422876004	88508.91661859817	50488.21271045741	17341.081834607165	68791.91565379419	28628.331622165984	13068.7451720537	5708.935514096657	5385.579044614633	4473.161248030571	38311.99664322988	1362.3283493444778
K02342	dnaQ; DNA polymerase III subunit epsilon [EC:2.7.7.7]	53554.10730685464	41445.76182417874	180944.9974838579	41263.00740325279	74675.68619745754	40540.84859530749	17461.486854861163	80750.19600757775	41017.77011548012	12643.62083791559	5327.409651244672	7801.777069540315	3482.0471022708207	38335.84448976572	1552.6347810970951
K02343	dnaX; DNA polymerase III subunit gamma/tau [EC:2.7.7.7]	50647.56526992031	51962.54723884337	121558.50254089409	39228.60962448919	95324.26975415548	51484.85875208777	21212.587543046106	74642.9227043686	32672.894751774948	14466.817937734768	6735.97291114144	7248.00351109533	6099.619012208406	46222.53209876262	1562.173250191925
K02344	holD; DNA polymerase III subunit psi [EC:2.7.7.7]	16.670004252438112	68.03174500895666	21.86866008565128	74.64587670991062	156.60348129667787	158.63049647748528	133.38374247061904	76.62274920107966	75.51650026973711	74.40492987961736	32.48410977301618	28.16981292747189	77.1844677931445	71.96295797366307	15.500020012960176
K02345	holE; DNA polymerase III subunit theta [EC:2.7.7.7]	10.151912860101156	53.963758069283465	21.901542619841894	75.2060795845083	156.89718867415428	159.4515090391028	113.61371546115008	71.22903769113411	77.53440619598419	74.72418592392172	32.854429484085614	27.434635179195343	75.05317861668702	74.1194146358342	15.583021260191254
K02346	dinB; DNA polymerase IV [EC:2.7.7.7]	65282.00794273136	53899.94845427346	108182.99898546156	48646.26635874519	97644.57353159814	58729.90058614609	23369.07856066945	89021.65061941286	33287.79030351444	16714.964971355847	6668.567731661568	8225.6085808239	10771.226815370856	38974.99491868045	1623.717140345117
K02347	polX, dpx; DNA polymerase (family X)	616.9744128499617	2295.6998305475963	1727.1243023587313	2735.889891585384	1046.493730407562	1309.7661237990549	4077.070821874057	1184.6709597619858	2172.86606503246	1581.7816500420536	324.8391979342765	542.9263173202754	349.3656588639418	576.7422151094836	75.48957176541485
K02348	elaA; ElaA protein	868.8529404037595	1943.3535821546825	2145.7036256612814	7943.417337330935	60211.949432075206	24439.22634366792	1727.093637119488	4161.520361660749	1015.5746468671508	1703.589272483497	4212.246136160123	1464.133844674935	587.5511438787386	33146.41773939487	157.19901492382434
K02351	K02351; putative membrane protein	4.13751049522749	19.196892266075626	533.8499560823004	1302.3235565919365	1115.8942172953691	471.2142126517952	240.90954258887288	10.462135203803498	19.87306614558636	124.04133851880482	69.46578316563307	193.21961764384395	53.265554592232334	168.1970115762101	0.0084553410375034
K02352	drp35; lactonase [EC:3.1.1.-]	3.503592871321334e-05	0.266864387371591	0.9583407394093624	0.0007321457445259	5.8636730860442485	0.0004444032437515	57.98436631356984	0.000101344273594	9.505251843107128e-05	0.0001353783101258	16.98006538790974	6.771947480931848e-05	20.000105878035317	0.0004826547874242	4.37651504513403e-15
K02355	fusA, GFM, EFG; elongation factor G	105453.8068697521	96169.97815405784	210030.84612741965	80508.1638342932	190002.1803523033	107869.58975237288	40157.09043104613	148288.62997504463	60957.92729418253	26485.10096449023	12309.65510271903	14119.095687237395	12652.608033872828	83194.26252453584	3014.8716633541044
K02356	efp; elongation factor P	53488.400392425945	53319.37726401889	114990.782669177	39036.657696333656	91949.47898619412	54599.55985752729	21952.241189308454	78103.60756421066	31689.20702187932	14869.892192267907	6103.757542154311	6569.002214492372	6170.033369312123	39468.78114639715	1536.560386081373
K02357	tsf, TSFM; elongation factor Ts	54490.46122554697	54302.401610778536	114358.04967214688	42598.29334460356	91740.27803126092	53991.11391353655	21430.424105364807	81119.30444307096	31938.63188432604	14630.597181635969	6084.4396747982255	6663.780567525513	7243.0107735323	39232.28547771787	1581.0121192253937
K02358	tuf, TUFM; elongation factor Tu	62739.87331303101	68057.88557656971	128436.44415209028	52494.62939433474	101355.89875177744	64178.15108925788	42456.11577334734	89030.79284322576	46262.26901265544	23697.890468552672	7784.872071896607	10078.528670447002	7712.903692241271	42818.51007148405	2037.708333015872
K02361	entC; isochorismate synthase [EC:5.4.4.2]	16254.38107821763	10000.301623071087	61892.3974860568	10351.56606638038	2433.7977113583465	1636.1936695650618	990.425063101174	25116.118159371134	15334.415964896789	3587.34853174948	127.99587087551744	859.3985862781965	222.0285126150205	467.4232198549672	517.1944900457606
K02362	entD; enterobactin synthetase component D [EC:6.3.2.14 2.7.8.-]	47.42921885073817	190.66085567351683	157.7807508098199	211.20438352531727	217.9927663197849	283.6209238782591	234.25697993815027	190.650010743837	107.672562603849	124.43582293942676	37.48169300062276	193.38066396577565	89.08417150562445	150.0635112546987	17.73096822683463
K02363	entE, dhbE, vibE, mxcE; 2,3-dihydroxybenzoate-AMP ligase [EC:6.3.2.14 2.7.7.58]	186.7791960026784	289.05819696181345	202.51912952928024	231.25423370435664	242.2946666608248	196.68140045517688	293.2412414494002	413.6797854978366	136.44018982480307	129.74667973868475	42.91522279505625	89.93613871671094	98.15762980189965	245.9927036255389	29.06612688299992
K02364	entF; enterobactin synthetase component F [EC:6.3.2.14]	10.149494820139404	54.53087377181391	23.14442297600835	75.180984925907	160.15980276837195	163.61448576503932	118.86847131384556	79.2785782733412	75.92161865024059	77.50788419740972	34.64726439896071	50.33547519403823	75.03739457839646	115.61600170598544	16.58494460456754
K02371	fabK; enoyl-[acyl-carrier protein] reductase II [EC:1.3.1.9]	33499.18772552007	31996.043570129958	49372.17448556336	18066.46128920931	76721.33817002893	39744.1724904688	10115.388400789929	38830.60687919137	12973.235854141454	6304.136899942368	5036.988540579707	3778.392675056308	4252.914080171518	37018.04431723712	719.1616848738081
K02372	fabZ; 3-hydroxyacyl-[acyl-carrier-protein] dehydratase [EC:4.2.1.59]	49613.713411557634	59823.22995036624	68030.1241044102	32603.322754684334	87211.8870331732	50076.60620249641	19426.191233944388	69246.94544425172	21568.55653198447	11425.568196661552	5838.370744358463	5440.72166067199	6371.093645139843	38108.63083570021	1405.7231997437175
K02375	FZD5_8, fz2; frizzled 5/8	3.5899944955204414e-08	1.5922682046316948e-07	3.8289008434100966e-08	7.502010905095376e-07	3.754157343793886e-07	4.553626113121549e-07	4.825915501431451e-07	1.0384351085231574e-07	9.739659557653118e-08	1.3871685609185553e-07	6.700043202869701e-08	6.938949550759358e-08	1.0848907905060589e-07	4.945574710555047e-07	0.0
K02377	TSTA3, fcl; GDP-L-fucose synthase [EC:1.1.1.271]	28832.762893196657	14025.548968813266	77561.95997629795	14370.392927545774	4105.435977116746	4369.267686327121	3560.9548502399857	34120.04770048363	21296.438724014555	5531.999590028011	192.3649619940715	1758.4886338978636	1667.354363906857	1563.299618781468	722.8840527870145
K02379	fdhD; FdhD protein	2755.0962268453027	3531.5647141370496	2820.9077878642515	3787.2114100909407	5129.197219138254	4388.302310532744	2974.495183808396	6914.306469590451	1610.2075717725563	1132.0411469255262	576.9359322311163	2416.0902612614605	2604.9385927636617	1960.718510733912	194.30226264935945
K02380	fdhE; FdhE protein	183.13143584946533	281.23320071689966	661.9891185192303	247.08132876169847	432.4799294522613	334.7843389212474	383.5532617486299	384.6423880623347	128.58055780964594	134.34639616001925	71.56708983452442	250.35562127111356	102.19939007758592	267.9631798166355	36.41166197663316
K02381	fdrA; FdrA protein	55.167281783220304	61.82894323595396	37.87781736870873	89.73556496668655	162.34704794779157	166.0108487367244	123.2318410766492	193.56310689786648	98.84002628834877	86.25794744352092	72.85202561416267	37.68435288974621	77.38444377486154	76.03745187603656	15.420265313779712
K02383	flbB; flagellar protein FlbB	0.4369668209374912	1.938076440857865	0.466046015200711	9.131294936324652	4.569483886016197	5.542580995239684	5.874006095008657	1.26396207205176	1.1854915318760564	1.6884333302609775	0.8155156176854782	0.8445948119486981	1.3205069823458588	6.019652848149574	0.0
K02385	flbD; flagellar protein FlbD	21210.745316722958	12992.560603419432	8745.039767832757	9701.050817631134	12684.663158677084	12160.539043018873	8305.787923973152	23196.00175922769	8054.027331621692	5127.757850901757	604.4559960444537	1434.4331692068076	2966.345687474446	1440.2270268965417	457.3301762555834
K02386	flgA; flagella basal body P-ring formation protein FlgA	106.79802383296068	169.8288493352107	338.86157642342494	289.0893458744093	749.6834755782997	904.5867083353864	772.3369273423411	364.3667817931933	307.42478331035704	333.3539681039604	85.33528039673662	1045.4087331462292	288.43238669649503	592.383790443619	138.1683971907612
K02387	flgB; flagellar basal-body rod protein FlgB	21822.08301881356	13779.196460268297	9877.345706540767	10277.550487511837	15332.305141263856	14988.4997232381	10018.706293965615	23962.696079527945	8471.151119983817	5672.723789459395	871.9074395166117	2645.759584369673	3404.22155603008	2572.594093204816	628.4699537679617
K02388	flgC; flagellar basal-body rod protein FlgC	22228.30749311031	13990.153874561533	10033.270016039894	10446.229409170362	15439.108716399063	15166.725814585545	10577.57842226724	24550.930072474373	8551.07223399169	5731.442214894781	911.995162876273	2737.300868716771	3488.400873494922	2737.3804274765807	641.2655192087875
K02389	flgD; flagellar basal-body rod modification protein FlgD	19919.43473989433	11552.92494678055	8301.936395382001	8341.63467473006	14680.457639718185	14114.906082514355	6992.561411454994	21905.58092006481	7089.552965968052	4830.540710080175	706.9237680280049	2089.073664605245	3079.0094212727954	2032.238716023598	505.11426040811085
K02390	flgE; flagellar hook protein FlgE	22155.753051319392	13557.776837592795	9616.718089984568	11265.962325062515	22179.607530003505	21098.706605909145	10007.510411335268	28156.22192708202	8374.93512753974	5879.402722063081	885.4039941496669	2957.2652693734626	3502.333213358391	2771.266038360437	698.478072947539
K02391	flgF; flagellar basal-body rod protein FlgF	39.73300619415691	239.2132517383008	206.4124751155265	249.6687165059433	491.1135164866847	373.568587187665	683.0930127084562	243.38604973774076	279.98232814501057	227.5866716264449	68.09059410083299	946.7080119025876	148.07626139336892	583.0793780861786	128.41452346266112
K02392	flgG; flagellar basal-body rod protein FlgG	44300.887920943984	27771.038679572688	19389.37938037437	20596.32988756281	30338.82591403872	29815.9355643154	20054.37695346084	48590.8162634532	16796.159048385416	11231.191377997466	1722.344912962663	4457.743103405558	6758.876253642335	4763.954590838179	1158.097554291665
K02393	flgH; flagellar L-ring protein precursor FlgH	161.6250450959983	230.4474360986198	452.11379237531406	384.98564440508176	817.3073377911173	1024.677269474441	1877.00546446477	538.5850988573318	451.0965850136973	412.44801925574495	146.9744194778097	1464.6751440764556	407.0493286729894	1036.6723422658542	155.52893147666086
K02394	flgI; flagellar P-ring protein precursor FlgI	151.68173609002096	219.6384469123037	417.8757035103301	365.92272990983696	782.0998286722589	1004.436654993673	1573.8721537938247	482.9105410374451	360.89771021010654	369.13521290905146	129.20677752827922	1132.658887881569	367.4778615163704	838.6901931884985	153.56264254054685
K02395	flgJ; flagellar protein FlgJ	9255.203667858224	4597.81584451646	24681.88456867912	2524.489438046169	3278.7478131971307	2980.0538115238314	1650.475091297273	8673.839109032233	4234.767385306823	2274.290560304362	129.56059876304477	1236.4397075958614	639.4787007097029	784.5046395093066	268.803129650684
K02396	flgK; flagellar hook-associated protein 1 FlgK	30220.35048200129	15225.992202640358	11590.694860539392	9418.407969084305	17066.22617639893	16509.364967461814	9579.327457360869	23461.42558763307	9973.7759635813	7061.77607432846	804.4684990676067	2315.600716251017	2098.294744484691	2405.447335533497	613.4965902789463
K02397	flgL; flagellar hook-associated protein 3 FlgL	17591.3529751129	10099.813630554752	7763.88057638735	7310.600680774951	14467.357132705389	13926.360379550782	6896.810766014793	17169.12026197183	6562.3471179221815	4467.601930030294	636.2122321782649	2164.5248278123886	1598.032833225839	1956.265858698638	481.38682856916455
K02398	flgM; negative regulator of flagellin synthesis FlgM	15499.64807410658	6903.839022803723	5929.808315889153	4596.072007569801	13208.27111042403	12254.117517104129	3928.473302773773	13418.645665557357	4186.343605061493	3182.90248710686	401.4399910682542	1535.343325833744	935.5217059107192	1608.6404248332583	313.40927207096786
K02399	flgN; flagella synthesis protein FlgN	14.004532781246034	71.88218878889	41.31392113767511	132.60549821210458	364.6828662551645	331.55918882907224	378.9158180903957	86.09742842870678	103.18796758463684	126.62007760290832	47.82308395576388	219.6488273135957	84.31982300487854	212.59830594822108	117.61370641649488
K02400	flhA; flagellar biosynthesis protein FlhA	22338.098728217617	14061.646255343516	9919.905566395762	10376.175935581618	14927.478273921402	14707.889116656144	10546.81403711783	24382.926944725376	8660.138351461195	5794.071574811805	933.1323075748658	2771.879511192037	3527.751271131596	2802.93092791598	654.9455360805994
K02401	flhB; flagellar biosynthetic protein FlhB	22296.86804489501	14046.571038311247	10128.15568670545	10822.913553136175	13656.481898649525	13534.123178060305	10878.095886313247	24541.809765007965	8652.618972198296	5715.713081091045	773.599878477367	2824.238884763889	3571.373208721129	2302.6660732343416	635.3559866251408
K02402	flhC; flagellar transcriptional activator FlhC	14.000005523971776	71.86175186491127	37.28467388170574	122.13588627545828	398.4015344087689	254.76051685300544	554.4518960052573	131.6227582412322	253.0425205628768	176.95100530557593	62.814113919377725	814.3198711558621	125.0244773031836	475.35302187038246	66.50002552402081
K02403	flhD; flagellar transcriptional activator FlhD	13.99810371223567	76.85149630716882	37.2804570727396	132.1115768063702	408.36134625976433	271.7200373792246	592.4056778942121	131.60923703555912	253.0285861717098	176.93669827515504	62.80791227542201	861.2748570587036	125.01025329601616	510.3095326743938	66.49704827153647
K02404	flhF; flagellar biosynthesis protein FlhF	11908.158285973192	7825.81070157036	5920.0813161570695	7446.248724389715	4990.609142939382	5401.9691092722105	7799.1753722446365	8309.128455105849	5848.784127882127	4367.07749559748	544.5617773815652	1775.8879010554956	1406.2941360869163	1481.7395393733984	272.7157065314013
K02405	fliA; RNA polymerase sigma factor for flagellar operon FliA	24371.91023421118	15156.965489438931	10898.57135781852	12174.055322294867	16340.130318438489	15591.103230539906	10656.7081204567	26584.855662066904	9044.371982626451	5956.382161567525	962.6860347071304	2835.9258569154454	3631.9791210152353	2707.080024642868	742.4304439175467
K02406	fliC; flagellin	60398.047452483006	34040.27521919554	24861.53560812575	18116.31726147876	23859.637352700483	24408.68132984525	20273.186243456366	47605.758758227865	17383.2274996214	10081.778118085773	1524.405253638341	5680.674427254911	5995.881936499631	5288.9724335699375	1403.146080027648
K02407	fliD; flagellar hook-associated protein 2	30231.109105269497	14898.377456849796	11238.61336710029	8728.475141816387	16114.88236578986	15624.28741093016	8099.121531725481	24872.939172764905	8538.85361667311	5391.162307209195	639.8499568744472	2214.53281420485	2608.1134342468577	1991.181066927653	585.7922609974266
K02408	fliE; flagellar hook-basal body complex protein FliE	22160.27144839823	13872.170403650633	9836.75274974215	10294.701524725571	15300.82915540271	14969.710532163635	9996.167545494312	24278.100399923187	8494.523879640552	5677.710587778642	862.3116492385373	2646.06524410098	3399.724221805241	2565.0662249014617	625.874775693469
K02409	fliF; flagellar M-ring protein FliF	20972.470398830985	11768.207139625149	8584.113982045556	8523.886430316383	14806.811099653049	14386.30371692581	7801.450506740086	20988.113605972718	7303.828741649989	4834.92921574058	712.6491090429488	2284.681353770179	2534.432449246676	2217.311731397844	556.8994375141833
K02410	fliG; flagellar motor switch protein FliG	22268.37518202149	13968.234412920294	9734.616257037804	10330.34473967865	15352.638892548171	15000.839407875694	9757.431892727303	24371.15435212456	8507.491240579795	5691.552285924676	861.0620729094748	2627.75804617338	3396.3262758537767	2513.87785989906	630.29356287678
K02411	fliH; flagellar assembly protein FliH	17898.30820663942	10732.494174671836	7981.476976338159	6719.890439139618	6833.404003203481	7439.161009411493	7019.309871751622	13428.968658148702	6706.329012509952	4432.82074034646	633.2373186512955	2053.943597884585	1615.789181682012	1865.4474228011325	452.5597992017112
K02412	fliI; flagellum-specific ATP synthase [EC:3.6.3.14]	22390.102540197648	14262.018587499704	10265.391315651015	11013.59916499303	15648.397557536757	15450.340368051024	11158.25521071241	24762.894593444104	8780.87348330694	5807.366617283746	921.9704483646858	2918.948500167773	3605.1539069005225	2829.9465958958817	644.877473268625
K02413	fliJ; flagellar FliJ protein	17381.496979038027	8717.162410938083	6967.15261057662	6187.245609895108	13582.836783731504	12876.189860308084	4705.608525875284	16768.350081937933	4908.5897411945225	3621.3410506771306	489.2065533148676	1694.035643516027	1946.787978338392	1705.2977182657112	353.5272296710775
K02414	fliK; flagellar hook-length control protein FliK	11914.14780543823	3795.65848342415	3670.1768866028183	3833.839203881198	9894.518117228872	8979.683610509466	2812.413663639092	11295.857304730129	3726.676973700512	2785.5036486040663	205.68445005124156	1214.740244676515	783.7241396292978	1035.4544976531215	273.2176094293327
K02415	fliL; flagellar FliL protein	10065.438332724823	3193.126453647896	3925.640365944495	1830.2154029927167	3423.2687802821847	3640.4446370219184	3514.72299997658	5365.379333149385	3045.937844995022	1704.6778598233518	225.7692042689576	1450.7213376410668	642.1541607914805	1295.0710985327505	218.49135021858245
K02416	fliM; flagellar motor switch protein FliM	22071.650642543496	13834.842211283349	9818.056062977092	10284.767570399315	14529.933416256832	14179.935762646244	9854.585695534844	24139.50289739209	8476.0870114879	5643.474591164607	797.4022510752757	2624.5022494843206	3393.200966072304	2408.227468079338	630.6165807153186
K02417	fliNY, fliN; flagellar motor switch protein FliN/FliY	25979.823752078384	16238.083528340976	11322.174113333776	20196.66030166632	109621.49085365952	53752.65643614304	10860.73682807387	25317.39000947228	9054.104551981747	6153.98052441339	7248.665665498814	3232.6408434346768	3899.877463242316	53864.49829805547	771.7013130918289
K02418	fliOZ, fliO; flagellar protein FliO/FliZ	16956.997452423726	8765.712393160904	6767.806410000908	5827.187690597533	13808.072794944926	13054.392294632342	5662.088657850897	14822.126737236998	5518.844384422202	4022.453485171155	526.518236614372	1573.8604760791875	1181.4296560545497	1555.6022771920088	267.8658462751716
K02419	fliP; flagellar biosynthetic protein FliP	22494.654515408845	14133.04339454658	10117.491418652116	10428.39900147421	15328.431631108837	15090.04368135866	10712.312511214608	24875.46896433155	8571.766353931755	5724.339214315768	909.8120921209768	2710.8247174448024	3481.165671318276	2740.8082253954763	640.3944499413592
K02420	fliQ; flagellar biosynthetic protein FliQ	22030.345493815155	13963.813730411215	9827.94130728752	10290.703195266176	14757.35513210853	14581.41618556862	10415.643962745233	23969.563268699545	8503.349203867194	5690.394005114607	888.4825417702373	2684.2397748928533	3460.5829228071225	2699.1046900556744	634.7129004570402
K02421	fliR; flagellar biosynthetic protein FliR	22293.888295188088	14040.44717142842	10253.925306276498	10856.58534541668	13679.139830712676	13544.270266750103	11026.286591694246	24472.18158358021	8665.272034613088	5719.41179465148	774.3560120675592	2919.101758451738	3570.503124066298	2378.863079608186	651.3839374852021
K02422	fliS; flagellar protein FliS	32976.31285071896	17928.472107674163	13111.09307872324	11023.058717813346	17746.307474478883	17351.68786671167	10798.920335922016	28986.597192803656	10715.06525564905	6722.130677219722	882.8042782591167	2688.786919763895	3685.773315751604	2583.48562021773	700.2070250784202
K02423	fliT; flagellar protein FliT	12.030031597686811	65.32992633787859	37.150687148783405	122.76334108822384	356.38249250362435	219.14137402012736	566.6104277324938	131.7096111017871	252.95797036173903	178.37368377552616	55.20515188584314	813.5478524087318	121.78021563413203	478.1620748190688	117.50002200353846
K02424	fliY; cystine transport system substrate-binding protein	6119.334142004526	6978.867518515819	17403.815509783908	2101.2339612777278	8314.641563444207	6977.695717921379	2348.7685776973594	17378.2474930373	1443.601088696255	914.2558490340764	154.8523964716798	552.710818769215	374.0930420719236	583.7073135373953	153.97923982478306
K02425	fliZ; regulator of sigma S factor FliZ	9.997021720022182	53.51566355752417	21.86204703915748	74.6234395878781	156.55614229993608	158.5827032879898	98.7483228161706	70.60154445538548	75.49464754238099	74.38249275758483	32.47438399218372	26.661967504639733	74.3321608730347	71.94181681495441	15.49535091145219
K02426	sufE; cysteine desulfuration protein SufE	17239.364377015052	10792.681507921738	71390.02519132628	12628.756385519857	1784.432489375307	1900.8245833293047	1181.0630118927224	26481.03691473161	17417.920413392116	3797.988596519173	99.65631138860311	1177.8287231378026	413.72191923015714	1032.3516573824531	553.7284763620717
K02427	rlmE, rrmJ, ftsJ; 23S rRNA (uridine2552-2'-O)-methyltransferase [EC:2.1.1.166]	449.8511757686109	686.3286890735949	1340.2695329999242	2686.0746093299563	978.503841785973	933.6214963214956	1487.258646957427	2147.7445945992285	472.07084042708686	361.9242161512735	167.58822610027994	1030.3153451830808	514.0113348089558	732.9777314265765	109.80806389422366
K02428	rdgB; XTP/dITP diphosphohydrolase [EC:3.6.1.66]	72750.78058897331	65398.65145892548	188553.82580803387	57540.74528168599	91509.73149792026	53510.72026895807	23155.770898929823	109865.65609222166	50012.074460585456	18718.54969207561	6038.926033876618	7624.1829397223455	7118.663574280708	39746.550504127015	2220.077981858182
K02429	fucP; MFS transporter, FHS family, L-fucose permease	33325.71483939027	18763.26906373371	152285.5766953676	17063.85909234469	2648.4012482980083	2097.8981684114897	1750.4130608322102	50972.61210595225	29774.721396855028	6688.048503939833	86.66971450331337	2637.3321350290043	351.83297660464586	909.9271723164254	995.9882203960408
K02430	fucR; DeoR family transcriptional regulator, L-fucose operon activator	154.29155996517284	118.24836342382254	99.96101354058769	154.1826554682119	347.7490125207595	339.4613453276154	332.7730801866231	196.62099245943276	161.03473397297418	147.43471228397846	74.38838336085634	243.3123035482964	195.31939716212355	129.61876887254175	28.231134001286343
K02431	fucU, FUOM; L-fucose mutarotase [EC:5.1.3.29]	8363.70232029227	9248.43052776006	7199.244333806546	11848.171405226954	21988.24276921245	14433.78655271319	5954.143660521477	12553.947148531544	6884.745790757374	5512.106115769768	1339.9000781895693	1718.057798965881	1680.855817453296	8239.567122432796	358.039587932173
K02433	gatA, QRSL1; aspartyl-tRNA(Asn)/glutamyl-tRNA(Gln) amidotransferase subunit A [EC:6.3.5.6 6.3.5.7]	28445.34288175906	37260.88381131805	42704.042845774005	26839.29086386437	40969.55139611864	35846.82064270537	23680.129552418584	48715.106359638725	16935.710492483508	11603.087214846577	2159.713450507896	10012.203330676177	5572.141323542384	9124.21837804245	837.2203320336707
K02434	gatB, PET112; aspartyl-tRNA(Asn)/glutamyl-tRNA(Gln) amidotransferase subunit B [EC:6.3.5.6 6.3.5.7]	28206.1752126092	35094.00907505884	41402.97572908513	23833.560686536493	37484.525127939705	33995.85724436976	20597.12441186901	48432.06159519716	15776.01531942287	10803.038675013871	1897.8007012289863	5407.331496371502	5310.004203339553	6786.931319729638	857.0294031909891
K02435	gatC, GATC; aspartyl-tRNA(Asn)/glutamyl-tRNA(Gln) amidotransferase subunit C [EC:6.3.5.6 6.3.5.7]	25975.993910639914	34581.64209776491	33930.70190931384	23190.445153799898	30532.18633882766	28216.73444262048	20776.52159820841	42641.35920223718	15682.476838393932	10548.710460001816	1865.8986038238204	5352.778085305952	5116.159920381715	6391.41344631066	792.6236702323995
K02436	gatR; DeoR family transcriptional regulator, galactitol utilization operon repressor	272.6030344154045	488.2099714078104	337.2703463000363	2529.0480676604584	693.2472579587902	744.3203466623263	864.0101623985843	1294.2509389902448	148.96772492006224	243.5035057180964	135.05120364866792	53.1273074118422	458.2782232893077	91.99208937556186	58.614655652886455
K02437	gcvH, GCSH; glycine cleavage system H protein	22434.60705025278	16643.365312991773	66946.36025797087	17947.38986408867	7927.036309160818	7106.3233678644165	6655.77044379049	35037.70421440836	19525.48269378636	6315.112776967019	839.5928176833979	3115.893907870349	2092.563732445093	2932.6674292657085	849.9852117654439
K02438	glgX; glycogen debranching enzyme [EC:3.2.1.196]	30675.7146878614	19382.83203698627	9924.032738498863	4273.185552431778	7509.36640599661	7510.596874455176	6549.966000687309	18642.420155976324	6537.584603935525	3069.9543590652493	530.5031977774145	3593.9720825907293	2433.6016803973434	1949.7347287809896	481.8486165321432
K02439	glpE; thiosulfate sulfurtransferase [EC:2.8.1.1]	139.84614705730547	196.32915591038105	100.84952702458986	120.59201398355862	288.4447095374821	315.92854295332654	254.123479753006	436.554314248076	102.1727615792628	139.13470564223724	41.31183936372044	134.92290811526726	91.96841926533126	138.09969938519382	19.8224105982205
K02440	GLPF; glycerol uptake facilitator protein	12969.514983669544	22950.74807605448	57934.633556312445	11530.115474768989	22039.90098676396	13160.607919827988	6250.296845701856	32862.8807347002	8832.62103058222	5051.758153319754	1637.6069904581077	1531.8725886351117	566.146925625666	8678.285070353963	521.2495281932128
K02441	glpG; GlpG protein	470.439252397737	2886.1898704819096	1277.6627329051616	158.533740995058	708.8563336129619	623.5640832526772	820.5580230028346	496.8777613358533	288.4842906182696	151.92175870923953	85.37771411292105	138.61726666735785	129.32174606567835	143.66454424634827	18.968451697689904
K02442	glpM; membrane protein GlpM	0.0314441912637206	0.0750267651843936	5.313924251752266	10.523574016299118	28.115309217336566	84.18896022764037	93.31657252683011	5.5602690416156895	6.575457933322847	19.20497194384268	0.019854925917442	102.5161681504682	3.481928638717093	35.59421932284022	0.0270368023228034
K02443	glpP; glycerol uptake operon antiterminator	3746.748837489216	9330.4489385189	3829.5272255332384	10235.144331021102	53680.44455158921	25762.34345423301	7386.881986726603	6685.589328791671	4049.237176686108	2656.606972415328	3913.948298807838	1931.289783854716	2147.1143624674214	27334.036767372105	277.3795304771328
K02444	glpR; DeoR family transcriptional regulator, glycerol-3-phosphate regulon repressor	2754.0046497226795	5397.00788574467	2677.2105591942773	6637.5343614857575	17149.270542337727	10203.791057207229	5915.1047877896	5974.2860777686265	3142.5610938100544	2353.6554126195733	1408.1843323552305	2952.808960942589	2070.3929708538976	8480.92180360149	170.56582523818236
K02445	glpT; MFS transporter, OPA family, glycerol-3-phosphate transporter	15529.117086744844	13173.42680752103	37895.12200860481	12988.506879127162	5843.375674051956	5213.550162655203	4829.161913135211	25299.03900046189	11071.469138576738	4630.649739693866	417.20642844593647	2807.108229682934	1120.9705080590045	1905.1513693996053	557.8132188894991
K02446	glpX; fructose-1,6-bisphosphatase II [EC:3.1.3.11]	376.4883277558083	734.2548858310074	1654.2101238619384	1855.6181599156407	3844.091028048684	3211.9420442722585	547.9974196545769	541.7387626791115	263.8149268593117	472.9476668433252	379.891060498724	214.9807429491445	190.33679156586305	683.7544356179753	22.630697297951848
K02448	norD; nitric oxide reductase NorD protein	0.0334712433012279	0.0798633709650621	0.9984226587842095	0.2178707215618529	2.9377238949234497	0.8544703885033135	19.596391104049832	0.1409453135887643	0.8915484866992226	10.166863362731617	0.0211348751359775	4.289740172771843	2.2721979883791987	19.539314413646835	0.0338546419981013
K02450	gspA; general secretion pathway protein A	2365.3585857047624	453.9612616645045	679.9588492308233	271.2136546519862	813.9349701625674	925.5552334010104	1112.0696621170046	1264.9290961347042	651.6140691170626	613.1733602997373	40.23882126832596	701.7584281380532	253.09359333102745	410.138246850337	78.76570184355296
K02451	gspB; general secretion pathway protein B	1.271543193339896e-06	6.957399804660005e-06	0.0003580734326129	9.565619352942772e-06	51.00095930799658	2.0375672856524797e-05	270.6011006512919	51.00000904022029	153.3425566870286	66.26598900507764	15.000004146392628	615.0000033447395	44.00000951011036	286.1776028550838	72.02474177040564
K02452	gspC; general secretion pathway protein C	29.11446897304628	45.116367288946776	44.99400890291047	106.31970714711304	349.3253281307666	297.75874089747066	580.8230736882831	104.2366664620954	204.556397148304	142.93080265904075	39.24266602606798	877.7347880946256	101.02007493323272	580.7165507612291	58.3170354578858
K02453	gspD; general secretion pathway protein D	130.8790069657019	962.4090954951128	6110.380859016229	6222.923324755136	1379.1549659702778	1678.2276491592124	1257.2312612103776	1051.162122774349	4942.551186983481	1087.5335871984428	121.10064523038685	2231.2998305475826	484.5223199959596	2149.9152741736066	152.24089871616513
K02454	gspE; general secretion pathway protein E	246.0716272909777	649.0101334230419	3485.629291443705	3754.823078900021	1434.0577287449887	1544.490125947088	2488.741870418988	900.978319517541	2971.848927350274	916.5781393512448	182.4991422543021	3264.996648718726	540.7316396481503	2406.8465699006497	199.15774152337025
K02455	gspF; general secretion pathway protein F	125.05418907477406	115.15744404013542	237.52050521529972	270.5189162726855	822.5888571386494	894.8888274862138	1384.2811599340655	345.2101082548704	576.0755480048055	441.4936234441196	99.68357507114314	2270.9398733156027	331.536153550182	1280.2997958056835	128.4196333479298
K02456	gspG; general secretion pathway protein G	410.8947426414255	1656.5366733105952	1165.4661630126675	854.8591630386175	2672.999696808064	2454.5453649520905	1771.3239489630191	900.686854479826	789.6640435148106	775.6849831102709	240.2216480644845	2406.594305554446	392.92270500600847	1894.957810570152	239.40378957233204
K02457	gspH; general secretion pathway protein H	6.982861046245378	39.41322336711594	26.35524598774149	90.23849203065248	324.3362209114745	253.30469300992516	579.3136080721168	91.1543388847514	208.00854148088143	140.7350960073837	40.056852467553455	948.8523574300835	76.24007016199315	504.96562419321975	55.669615972903934
K02458	gspI; general secretion pathway protein I	6.982861046652026	39.41322336930398	26.35524598863765	90.2384920337754	349.83622091790306	253.30469301642543	762.9201516051457	128.8983998029857	284.0085414838389	175.1983514240926	47.55685246887285	1256.4617396060576	98.24007016501328	784.1685982538847	55.66961597353307
K02459	gspJ; general secretion pathway protein J	6.982873155339284	39.41328865787506	26.355272836737523	90.23858312546044	324.33641310799646	253.3048870504715	629.1457830219465	103.39848589146962	208.00863020304465	140.73518710219196	40.05689195426373	948.8523892825326	76.24016072818075	638.9557100264118	57.00304102095372
K02460	gspK; general secretion pathway protein K	40.93477671273452	83.26285778329627	44.39130103478566	151.4218916330193	456.9931863204476	387.2084239347468	694.6153106107831	161.22098122474222	273.4232985566798	201.9204290306829	66.57674234377697	1008.65880653086	137.07038990700636	696.5890801895188	68.40149955542975
K02461	gspL; general secretion pathway protein L	25.24467474463287	133.75595017436743	62.50490109555981	212.56552942549976	624.5178803517447	549.876285734313	764.2734083640114	211.2506587425057	327.15728205069115	263.07016149474543	100.7502236342749	991.587381817672	201.2002290615065	734.1888203815984	81.12719640225775
K02462	gspM; general secretion pathway protein M	13.848130406286469	76.42793689083503	41.670329689520685	141.88081905840988	433.54417948865387	363.3094516779205	688.035467948474	144.44456737048554	258.30970794932466	192.3814370813984	62.44390341623566	966.8890462003596	127.58670912181314	667.5971125978763	66.41707318425759
K02463	gspN; general secretion pathway protein N	4.000000000000001	18.328017512370657	18.967477207004663	56.07088800614597	269.72812546183565	181.6371216859412	551.1573278159487	73.51575772698666	186.9775477206924	114.93496339516506	30.33	945.5168826022854	53.38276288361104	537.3841962350544	51.0
K02464	gspO; general secretion pathway protein O [EC:3.4.23.43 2.1.1.-]	1.2672022872028064	6.832600352623456	2.809715528173532	9.532963399160195	20.11313762246566	20.30611259006	10.800165686363004	9.009357987087569	10.882121570301225	9.532963399160195	4.132237306086714	3.333320940246164	9.477643908449824	8.982341491624359	1.983782666869774
K02465	gspS; general secretion pathway protein S	0.1497483163512226	0.4206119408382725	0.0283896241869642	0.5404992807667555	0.260816696813744	0.7872574051059689	14.820291286172903	0.5920180712338265	0.4058159653575967	0.3039489165181392	0.3636351547861853	0.7593197589528348	0.6837040674479427	2.1394176314767903	0.0800234230776217
K02466	gutM; glucitol operon activator protein	26.020352755928293	79.3041832753194	62.00237125807488	92.22816356354618	266.1956097522452	234.2369442051994	167.43589010724804	125.34330531646962	111.32508984258229	87.4001251882933	50.02497351963088	33.7965149376705	78.77234859886912	76.23867790490849	15.50002200353846
K02467	gutQ; arabinose 5-phosphate isomerase [EC:5.3.1.13]	9.999747410562549	53.53060705693607	21.86838761581897	74.64049246666107	156.60080232006234	158.62724289041716	98.77028356627854	70.6220116313982	75.51580932873132	74.40394210241247	32.483632201087474	26.669317376314805	74.3536972928843	71.95941121095237	15.50002200508154
K02468	srlR, gutR; DeoR family transcriptional regulator, glucitol operon repressor	410.9083755922074	244.42387024533383	87.80183868185811	170.8115599233484	221.85383441814025	230.8441058112851	135.89114006801773	551.978881796639	139.73056915730322	107.4955714041492	35.19122637789326	35.30828651769997	86.08045084951469	74.21607695020306	17.240952115042987
K02469	gyrA; DNA gyrase subunit A [EC:5.99.1.3]	89500.67989137702	87773.70434070007	136996.22295147	56000.747773758114	113818.5647472661	74407.34078973156	33885.198239304984	119838.56076052166	43984.06836983356	21608.5720018144	6928.735521253454	10652.409016348964	11161.05388764343	42222.87291367164	2353.705736268133
K02470	gyrB; DNA gyrase subunit B [EC:5.99.1.3]	89167.6135930284	86472.71497314835	137612.17963415664	59595.42693759169	115055.0593706996	75575.66231812644	35695.390245300005	121933.1283860374	44557.52338925623	22168.842967989403	7100.092564150076	11282.285734709054	11711.04950101042	42805.6990936862	2519.398574098724
K02471	bacA; vitamin B12/bleomycin/antimicrobial peptide transport system ATP-binding/permease protein	815.2252857129893	1065.6456080288317	1670.7115686590591	891.8455450860545	712.597409467102	794.6621700277624	1669.637690944228	2617.976368608063	655.0648276965007	396.4173146075006	136.6610667352334	1272.1271837086483	956.1292949321509	868.7334941825383	67.83497126379858
K02472	wecC; UDP-N-acetyl-D-mannosaminuronic acid dehydrogenase [EC:1.1.1.336]	6969.905130388188	5718.791879602911	17506.10964118749	6525.065291059445	4615.260254213632	4847.741261099494	4706.318800890781	9341.426132456454	6109.008815255889	2429.552204596407	494.989268623067	1238.3954716048786	899.7774789945111	1165.0466760650334	277.66448375952257
K02473	wbpP; UDP-N-acetylglucosamine 4-epimerase [EC:5.1.3.7]	10721.645741657954	3050.2117480906463	16745.31895266634	2189.8946814266137	2689.746512259335	2859.151694247741	2514.0127573634563	5159.059623334793	2592.9845999787717	1320.7030440940746	166.68815596100603	816.5802141025019	495.82259793803047	660.5327183965366	111.96023193044036
K02474	wbpO; UDP-N-acetyl-D-galactosamine dehydrogenase [EC:1.1.1.-]	13579.6431848547	5654.420305493373	37809.18181890183	6811.247478718677	4449.132890472247	4817.752931541043	4375.295943835152	11606.382574260062	5471.732303196013	3283.8549602400494	366.35181133187314	1438.1393816267266	1465.195013385005	957.222519488419	234.1570833715883
K02475	K02475; two-component system, CitB family, response regulator	137.31847316116574	974.7906161287927	442.167516637982	6109.620184912993	59047.34794720381	23777.392676556447	536.2894683650527	245.8175181719224	165.75262158011097	252.96096763973355	4031.6303092862986	321.96717898947406	229.5012825900345	32471.54561140286	61.63056821119618
K02476	K02476; two-component system, CitB family, sensor kinase [EC:2.7.13.3]	591.9315406865236	1262.3570177108463	720.1115665220415	6247.715934302448	58438.02904074252	23462.22490461425	587.377300658394	646.8186021472532	175.73799764765718	104.89552111895804	3979.123085155664	311.204726542744	249.8027104786624	32245.26927300099	79.33860248808563
K02477	K02477; two-component system, LytTR family, response regulator	30710.748150609103	26752.229254139904	71595.61702734481	11224.202737206742	9221.588894545204	8953.296521968246	3723.680693207031	32639.62304844187	15817.111830350674	5344.1981575168975	661.7685603144962	2370.330863557564	1434.4494289608808	2852.555396601592	912.3022185404848
K02478	K02478; two-component system, LytTR family, sensor kinase [EC:2.7.13.3]	1155.0171592512118	1772.046803790532	1948.0696847731035	3290.664238246469	6498.379849018232	5320.584096792532	569.3929722995379	1401.946421640533	670.2711178957607	855.9903766027281	528.7909539678036	383.8122641493672	345.38942805673435	964.6434834882604	68.51363668545059
K02479	K02479; two-component system, NarL family, response regulator	31.238932554072107	50.36405442292823	80.9768468988891	146.31225218923473	74.20082654107546	115.49149412887918	563.7147621170401	179.60665893137335	61.555186763846656	47.71607188360272	35.27064160842504	64.80613027699692	80.17886453192259	209.4039490806956	6.396378463195537
K02480	K02480; two-component system, NarL family, sensor kinase [EC:2.7.13.3]	6.976636951988708	27.179156405112582	14.989141931243523	58.38049157485863	185.91675584172128	104.7015168600261	320.66144342158634	26.002765503888675	27.732341539784745	31.34858233935308	22.55283186281683	105.83706895270764	20.24759698636165	139.52126222015428	52.58744509315455
K02481	K02481; two-component system, NtrC family, response regulator	6375.625483500704	3713.0057733258654	34980.73483157829	4070.6528959370025	1117.2975515044795	847.7244873126253	1815.363496832141	9250.11621271304	5423.1742068678295	1709.506625086933	141.72616848573222	1715.7475077472027	182.7814338726444	640.4701411519018	232.57731223162037
K02482	K02482; two-component system, NtrC family, sensor kinase [EC:2.7.13.3]	22.15568881133505	22.141944695059102	15.00192610085548	65.65366389066202	81.04801177309102	103.96302835272144	63.28002232138233	266.80372516101613	11.473424058572062	23.49493628349504	17.449318503607827	56.03741295038316	24.038820441323168	26.56357838175005	5.742111532796435
K02483	K02483; two-component system, OmpR family, response regulator	1142.8163749710302	1079.522282632861	1753.1970992578608	2062.0130649527423	2984.021971517819	2328.800470903552	4448.606267199278	1456.9267873191338	1689.8777813513277	1241.997895611355	344.996526178285	6034.047266396708	889.1461293879015	3566.967421759747	417.6650054836074
K02484	K02484; two-component system, OmpR family, sensor kinase [EC:2.7.13.3]	8791.26084151051	6287.492371960411	25777.241416342025	8047.4892256109715	3014.0771210208845	2709.856299818181	1999.4975037093147	12683.51597626094	6825.38983774447	2529.224285000824	204.4446647202576	2708.538269318392	827.6544860918178	1202.7808612833203	550.2143383956106
K02485	rssB, hnr; two-component system, response regulator	28.750235410877742	86.65333523830837	78.46367608928315	238.5870607998556	169.6472900912228	204.52242061817975	406.2964535316444	103.16956972353988	107.93152249715578	110.6260175777032	48.95015298424996	65.53269597734344	106.76523845042982	169.05126990331595	81.45798525537897
K02486	K02486; two-component system, sensor kinase [EC:2.7.13.3]	41.90209910376512	6.055725594546125	23.45040214862567	40.7549831963423	7.065343045491925	7.668397436906346	65.19439348605195	64.93818401926644	147.68851775503336	496.3977451889551	8.82916487953201	183.46576071557075	54.731258210852616	13.17439541441738	0.2311663565517411
K02487	pilL; type IV pili sensor histidine kinase and response regulator	14.315061049811922	44.14901333754312	1.9105093152486563	29.43608716601845	116.51929512378146	128.8214444666998	291.7049937244122	25.693383888671587	22.710704267486424	27.59021843652376	28.331194980214327	195.84815744924535	33.25791412066831	118.37271001483651	2.86087040617197
K02488	pleD; two-component system, cell cycle response regulator [EC:2.7.7.65]	2303.357683658727	436.6656504471366	759.273949576733	251.4634705077332	751.1751344742879	902.5723147329862	358.1721439289552	1082.0824384963464	412.5616630773633	218.8318918526429	27.307662830073603	273.68896157642246	198.2761333933566	140.45492384344118	97.96162640493144
K02490	spo0F; two-component system, response regulator, stage 0 sporulation protein F	5307.0795884299305	1611.6423492059284	2766.4698942825244	608.4886586377522	1389.2808422957794	1509.2592210620774	1188.5825977101574	2793.8400505417785	963.4900998529786	423.8857337419192	67.090254286018	141.0331240160835	206.61081410004496	540.9678504987753	46.18935093550088
K02491	kinA; two-component system, sporulation sensor kinase A [EC:2.7.13.3]	1.5870132077365473	5.684280827856918	1.6721792846416417	26.42610941083853	13.206145688402168	16.026333246495927	16.97142063284719	3.674979094376824	3.4334233044877447	4.880769016951172	2.377134762687647	2.440165149123134	3.828323261364427	17.39128040240612	1.6182327529284464
K02492	hemA; glutamyl-tRNA reductase [EC:1.2.1.70]	13683.635689567986	15031.491745817852	12053.668657616478	19199.230660974616	73391.80447670021	37709.808213736826	9759.726457554842	18501.0699846218	9113.360997795578	5151.462194576095	4725.159665769423	3887.018422728744	2571.90202675791	35509.70621781321	476.99879694054425
K02493	hemK, prmC, HEMK; release factor glutamine methyltransferase [EC:2.1.1.297]	53710.92283301437	52464.415180472366	114081.90771880696	38155.59128494743	35591.73924634268	31675.746456960936	20611.13220438568	78588.16233814278	31493.02562159005	14525.519584288048	2241.5745318842773	6641.511239535677	6337.787874473785	6993.385141232902	1488.2891758702908
K02494	lolB; outer membrane lipoprotein LolB	20.67406294328125	86.38362897552302	42.31765925397758	132.54640960244632	425.83790116738	338.705534422935	726.5083340539978	151.1116050507999	259.46623790609743	197.915462772153	62.82734481361327	918.0104891386136	131.16482350425247	644.3317272929187	66.61947365501481
K02495	hemN, hemZ; oxygen-independent coproporphyrinogen III oxidase [EC:1.3.98.3]	103855.82939624084	90165.6605684636	162267.25880412143	68842.1339607148	188407.48611342572	107027.84218310296	34493.398253951586	131218.79631894926	54389.85831696725	24030.900933538094	11933.790838800987	12150.839008462624	12408.303898098662	82491.3053045431	2803.480109444983
K02496	hemX; uroporphyrin-III C-methyltransferase [EC:2.1.1.107]	1373.1881688710114	629.6016425672283	312.432952666228	365.88783422057634	327.68615031567435	384.5126231092705	635.869184302556	1365.5650582698263	360.3041637262881	247.36524215853055	55.55319783106193	929.8045227989384	151.95467594424315	465.3160137294676	71.73556843507683
K02497	hemX; HemX protein	0.978605156681508	4.340401852473287	6.753729207512363	20.449910344898573	10.2335469879261	12.412837962455717	77.00507809636738	2.83069501456871	2.6549570143727816	3.7813158448995594	54.98638074696175	1.8915047977926	22.957329665408288	13.481259986726538	0.0
K02498	hemY; HemY protein	28.02209144366225	86.3956142584313	81.0551961975894	138.56026877488245	446.4933452437143	342.9093673706648	681.396685463937	151.13060623530646	259.4690023762703	197.91050180997703	64.64299124092271	935.951561030696	139.19030506518618	553.0373235060042	66.5068072938428
K02499	yabN; tetrapyrrole methylase family protein / MazG family protein	25903.86922449417	30105.218065546014	21541.9164561048	26961.8275393538	82771.3936463745	46212.87250043395	15318.90408883145	37291.20165861139	13017.934569948804	8430.912838250018	5360.818044177302	3425.093019732166	5123.78126746467	36971.6381009682	865.5184460332833
K02500	hisF; cyclase [EC:4.1.3.-]	46210.67401937477	44494.59827049823	72878.19070767466	40636.02764012592	79407.44949982928	44075.58598238644	21385.45123472344	58032.62556044594	27835.58210787189	12656.868902534214	5601.292213879096	6762.818759539359	6846.267359505207	37906.90020884435	1633.5368701109517
K02501	hisH; glutamine amidotransferase [EC:2.4.2.-]	45899.68219978568	43513.120034975545	72691.39397625388	39100.731782840274	78946.80032631701	43542.38914630801	19239.44710721236	57560.282652578	26623.734982768143	11803.33292583779	5421.09685286763	6560.648012470697	6708.953851962149	37816.26218816722	1596.2575418337497
K02502	hisZ; ATP phosphoribosyltransferase regulatory subunit	36649.08389393451	36391.1422150447	24818.549730492923	23873.538984068437	75867.25574177901	40468.52176206051	16818.346461702728	41392.83968295575	14293.931043181168	8585.184253452127	5248.61340544248	5056.001859453311	6612.062983981112	36704.60308842239	1065.6809246902944
K02503	HINT1, hinT, hit; histidine triad (HIT) family protein	53851.40660461213	54245.821783174026	113367.0412459904	39077.53475188326	91395.015613461	53439.26035430965	21171.616959648847	78087.12347453709	31752.09669185332	14291.226733717253	5941.982628751362	6667.323851761051	6080.4634789009	39515.76909434246	1558.8240463646348
K02504	hofB; protein transport protein HofB	16.84601265758065	68.81239529761497	22.056382931617293	78.32390705601985	158.4440571508379	160.86302913320125	135.749761265341	77.13187319149877	75.99401715986235	75.08502840506955	32.81259782115304	28.51001306698185	77.71636814192766	74.38764042260364	15.50002200353846
K02505	hofC; protein transport protein HofC	16.852785585334168	68.23725751665629	22.59366557728764	74.69819597131334	156.6305985308865	158.6609294264367	133.41711969445166	76.68223131776872	75.54243260461487	74.41992337059922	32.48820371687891	28.174051899892525	77.19109962848555	71.99489163277215	15.50002200662462
K02506	hofD, hopD; leader peptidase HopD [EC:3.4.23.43]	15.25282959048643	60.77757152799333	19.030355152916105	64.56727641167963	136.22736834280695	137.53439822968306	107.76010600216608	67.02086865195581	64.48301725334478	64.56727641167963	27.98786664430701	24.07676291263994	67.02259451077515	60.837884467793145	13.436267237086373
K02507	hofQ; protein transport protein HofQ	47.90105874070988	102.26576811497335	146.51842934384314	78.1053243112336	158.49324435353998	160.49965284805882	142.83787841548562	86.10234633405598	79.26244845182293	75.95989891092768	32.6927879616787	28.38593109535816	77.52236847771675	73.8024622512296	15.50002200353846
K02508	hpaA; AraC family transcriptional regulator, 4-hydroxyphenylacetate 3-monooxygenase operon regulatory protein	0.2403220923704903	0.9089747067655124	1.126764107453464	3.0169694926303263	6.518197133891151	16.744696317921083	44.38587906313912	2.180207708168928	2.2039155194868583	4.293627899236426	0.658988422373889	18.81192850999388	1.928359466003353	8.970890199043323	0.2218502114767485
K02509	hpaH; 2-oxo-hept-3-ene-1,7-dioate hydratase [EC:4.2.1.-]	24.862710735866745	103.82732729111662	803.2896849358423	1317.1273601203038	1293.971998647468	528.0666130822522	931.1574825992031	2396.0981753886817	555.8717966164057	523.1423572736117	178.0802749032772	1512.7759154009966	134.7804425738907	742.5528360843632	0.2218459305548957
K02510	hpaI, hpcH; 4-hydroxy-2-oxoheptanedioate aldolase [EC:4.1.2.52]	7294.700837248822	5158.0715362857145	5630.658308375252	7085.122189502634	3994.192456175953	3597.152015106589	6050.132074993459	10655.802796561438	3605.257203433742	2167.4323905782303	430.620136770149	5272.730225670982	2975.8014239389013	2682.579657097684	265.0591070621188
K02511	hpaX; MFS transporter, ACS family, 4-hydroxyphenylacetate permease	0.2403220923704903	0.9089747067655124	0.2292151336550666	1.2218715450335311	1.6984110260373304	2.238644695144672	24.247187784653896	1.235965435155585	1.0694412867089222	5.976492092686976	0.658988422373889	1.0489765258250243	1.361122349614385	9.895252044955956	0.2218150602570236
K02517	lpxL, htrB; Kdo2-lipid IVA lauroyltransferase [EC:2.3.1.241]	17931.192686141807	11267.006980118662	75728.80678541693	14172.72111196956	3482.75307810844	2941.155883980723	2031.081108943283	27977.00395107016	18290.219684980788	4283.924249862051	195.11380444691133	2967.3981148196344	572.3069017455955	2324.193250961432	660.1279938049391
K02518	infA; translation initiation factor IF-1	53248.57792607178	53207.31572766077	113008.24335930483	41273.53645173775	90893.87302373436	53240.46273193533	21652.15475986688	78097.88746188625	31544.71388476277	14333.143663784038	6028.05280722565	6778.887327961234	6440.436713501298	39323.28414752261	1627.6276694525486
K02519	infB, MTIF2; translation initiation factor IF-2	57646.78337488913	56926.89054808308	116575.486093046	41696.06197983402	93231.84820665773	54337.95548268562	21838.001559362987	82300.46650896555	33390.60687355649	16345.271673821442	6277.89520997539	7874.91041203358	6524.877129880043	40739.24248511888	1685.2430998404775
K02520	infC, MTIF3; translation initiation factor IF-3	51976.93480117171	51051.10736336053	112617.95290421847	39407.20251970892	90380.8314609486	52830.632490594784	20799.597824034143	77134.82419768904	31494.777240650263	14661.966980516978	5941.638380389879	6937.426753696883	6138.786224066094	39293.25450172052	1496.626170779606
K02521	ilvY; LysR family transcriptional regulator, positive regulator for ilvC	16.67000554117468	68.07383809350992	22.535565393077217	74.64588640487304	158.36648046791623	158.63051712867107	136.20494015905248	76.62275836353874	75.51650971218565	74.40493957457977	32.48411397547492	28.16981631743783	77.18447743184737	71.96296710864655	15.50002203045438
K02523	ispB; octaprenyl-diphosphate synthase [EC:2.5.1.90]	18105.164578018645	11656.802511675323	73251.66517003742	13527.331887742232	2241.926724392518	2440.030903390036	1559.3636257568796	29240.84068288137	18070.9272579508	4405.205545146726	121.13095926254492	2070.9627838366896	1194.9690563661754	1545.351842166129	619.5135742041628
K02525	kdgR; LacI family transcriptional regulator, kdg operon repressor	1110.1364660286515	783.259752179283	815.3376315764697	610.9066157653763	753.5756629516276	556.0625581918508	769.3785242735154	2128.7467242220946	530.9214336637016	518.0960622936293	90.90521684290135	863.3677243999168	134.6126565653298	669.931642503366	55.85902514868173
K02526	kdgT; 2-keto-3-deoxygluconate permease	2667.433270264469	2317.60192664073	1670.9777735614202	4944.152896998165	4288.855954425117	4103.259959900159	3863.410083788879	3623.097170105836	1639.9806944093898	1041.5106806469998	376.62183640896944	1483.7996875227043	1442.25212491625	1442.8474359075158	263.58304158788087
K02527	kdtA, waaA; 3-deoxy-D-manno-octulosonic-acid transferase [EC:2.4.99.12 2.4.99.13 2.4.99.14 2.4.99.15]	17611.90173704605	11064.028868981082	72811.33920921205	12897.839370691689	2186.926360094405	2363.940383348116	2136.270732334169	27438.15891580069	17740.724042249334	3975.9115799317615	131.24481490966502	2091.0845819831798	548.3535406716941	1670.8508645772988	614.8644264891329
K02528	ksgA; 16S rRNA (adenine1518-N6/adenine1519-N6)-dimethyltransferase [EC:2.1.1.182]	54148.46178995697	54052.398605576025	114828.58625285908	44067.56618075979	93576.76406423494	55990.87360090829	22262.39174054602	80655.52551552889	31846.409858864587	14595.139436244286	6269.796268911565	6839.272842369164	6895.828222974042	39484.05297479447	1604.125514422226
K02529	lacI, galR; LacI family transcriptional regulator	198491.91405467383	168147.4150705017	320499.3462128029	162615.0573745794	404404.3838183633	232796.64861165665	135470.12703060667	262329.529670914	110401.43139916906	67964.393560897	29146.411370256807	34696.73204374299	29414.612792289256	178851.68157335767	5452.4679558765565
K02530	lacR; DeoR family transcriptional regulator, lactose phosphotransferase system repressor	1200.5008829311032	9414.27347060252	27490.707077793963	955.9444750007342	3191.543600156495	1862.2012033386693	3170.049426457268	13941.036564452712	398.9537015979355	1153.1379930515404	333.21333617488204	496.8349474797232	122.61935568037852	1172.5371238328237	5.073656985422513
K02531	lacT; transcriptional antiterminator	427.03388989786754	4197.5940421260775	13109.083266393032	31.000000135323788	6.508368648009001	8.213983396385071e-08	1369.7687584665782	6448.689349447848	101.20000001756873	146.00000002502222	28.112985749997243	126.00000001251672	5.320000019569624	77.08000008920993	0.0
K02532	lacY; MFS transporter, OHS family, lactose permease	847.4986128449374	5575.684900493214	14141.180149256768	4948.816440804722	46245.49904676463	18230.222693087297	2160.4415814186423	7569.477919231418	394.7665370908694	471.54593535018586	3223.404518512129	413.2196890798565	314.3448724187284	25853.421316890533	99.66530207271352
K02533	lasT; tRNA/rRNA methyltransferase [EC:2.1.1.-]	239.66993305683724	261.4895678402402	1038.8189906793327	283.0445758026065	446.0098440292105	319.2256827764124	768.605401666953	942.1712474273886	403.155770356489	188.01001690554915	82.29982041877196	919.5585738057246	154.7797227848551	618.4761871619461	70.74805209834373
K02535	lpxC; UDP-3-O-[3-hydroxymyristoyl] N-acetylglucosamine deacetylase [EC:3.5.1.108]	392.6961203855118	473.28261904797546	1580.8147078649238	557.7384726978898	1078.4296870040212	1187.620948918938	1993.7299711670903	1141.7099710868745	537.6624013885692	467.4530592168604	166.59425565890166	1223.2663961220617	399.1011203373152	1159.0059376952267	97.820675938996
K02536	lpxD; UDP-3-O-[3-hydroxymyristoyl] glucosamine N-acyltransferase [EC:2.3.1.191]	24136.82484331417	13329.972278521003	75118.8574631584	13836.35709623736	3999.006994819597	4243.880505885895	3299.835213476268	31624.45868357781	19288.89015937712	4815.300075663787	220.7610178401187	2319.758399546875	765.7455903494607	2160.312608108562	712.3942158528795
K02538	manR; activator of the mannose operon, transcriptional antiterminator	99.12202047184462	232.09017835655504	196.158165307112	167.58924761369377	693.9091971409043	470.3785987237578	181.47181977641893	462.9241485844776	178.34490390327787	167.79409412380753	77.88413709173926	98.81364986244064	78.06408796018223	174.0159303555964	13.85819564984157
K02545	mecA; penicillin-binding protein 2 prime [EC:3.4.16.4]	4.029766090298446e-08	1.787319848454251e-07	4.2979382840675654e-08	8.421001534159696e-07	3.3300004214038763	5.111441848017241e-07	107.8427318897712	1.1656426193754807e-07	1.0932760444467428e-07	1.5570956544063754e-07	33.95456299547684	7.78896559224055e-08	10.000000121778909	5.55140385047947e-07	0.0
K02546	mecI; BlaI family transcriptional regulator, methicillin resistance regulatory protein	3418.063329503963	582.9102363859994	644.9923595968557	196.7426422916888	770.7905706987578	718.5757881933127	241.5171340195222	1395.4779483215518	556.2333349571506	258.95803219872465	35.33606623493248	49.38191525620133	58.79092691103364	101.4617486872589	14.946257709051892
K02547	mecR1; methicillin resistance protein	2.6397235492445216e-08	1.1707950755145245e-07	2.8153914265561003e-08	5.516229865416162e-07	3.3300002760432523	3.34828203783058e-07	53.9127317029124	7.635615078940366e-08	7.161573291558583e-08	1.0199852734029077e-07	16.974562969534404	5.102210757987184e-08	10.000000079772038	3.636481906668701e-07	0.0
K02548	menA; 1,4-dihydroxy-2-naphthoate octaprenyltransferase [EC:2.5.1.74 2.5.1.-]	20696.669146997032	23604.267782448376	106548.01758487086	18532.301266866816	6829.56863587328	5778.856786294518	9051.578991287566	46385.417911509576	21278.29516030918	7861.6350614044195	831.9473115255134	2400.242954665995	2035.423322637581	2701.5881503920864	655.8411368602542
K02549	menC; O-succinylbenzoate synthase [EC:4.2.1.113]	193.28779430838452	702.0076713600049	4102.834570622585	4361.404013385887	1278.7553585366222	926.7513719890007	355.0798443608407	810.9738205094251	2283.298008652315	480.1720677848959	187.7747987555277	137.39609123773096	236.14199046099836	544.8014571535037	33.722841601628275
K02550	glcA; glycolate permease	10.437042618525735	54.552544344501726	22.076641685476066	78.80486226679842	159.1183662263703	160.95372992621182	86.96955215526519	71.10312070215694	72.76874266592743	74.95829674255968	32.53526717909264	26.34149469030273	74.33823075076958	72.91755244028239	15.417022738598488
K02551	menD; 2-succinyl-5-enolpyruvyl-6-hydroxy-3-cyclohexene-1-carboxylate synthase [EC:2.2.1.9]	17456.007798702085	12603.293055154576	64548.9540389833	13637.17656897692	2681.01149384527	2219.525315447647	1404.3828138269912	26839.333649265373	18069.72253765836	4012.705054406068	213.2986992223938	1243.803734373987	597.953636276264	1394.639128703227	557.9175546164086
K02552	menF; menaquinone-specific isochorismate synthase [EC:5.4.4.2]	149.49216890384034	609.206707564477	3415.426658394662	3105.6405064798914	343.2056257918143	545.8882439566886	316.0968459295615	486.7933608624295	2283.952242785129	373.7360309021385	94.40457242407284	46.20522786277972	199.9301172173816	544.1543022033933	31.5730320559366
K02553	rraA, menG; regulator of ribonuclease activity A	20.823552020409576	82.29897199250453	42.89918886089692	123.75575879074756	424.6622604176726	332.0796130563053	662.5064904089362	151.69929251983402	264.5986002837532	189.74899523076203	74.36887941678806	955.339653938272	132.08956059675828	597.7696802733933	15.72219189703664
K02554	mhpD; 2-keto-4-pentenoate hydratase [EC:4.2.1.80]	1614.971359993251	819.3419129027051	745.7134342853815	1489.4723941646291	1211.0678729030178	876.6653859815333	343.9189746906021	1985.5031658864011	493.27054388738	351.36430888218706	144.07072192968573	230.4381117380439	234.51427298158904	251.0864169443221	56.68221055089846
K02556	motA; chemotaxis protein MotA	32074.733146621045	17975.495006060744	19753.645210846746	13055.589437483475	23303.62257990496	22172.852676746523	12180.705424167065	35228.59319284519	10955.85409023374	7273.141924413252	1014.336752818158	3471.032187787694	3870.4840508388097	4242.800961321949	852.0523702048741
K02557	motB; chemotaxis protein MotB	34273.193417413306	18449.792273734976	51385.84526861145	12992.880388382127	18030.480659776906	17635.957405438057	12530.615711824248	39312.15314837424	17418.6770055835	7907.653103886745	1138.0945525259604	3509.533349382993	4017.528129961528	3775.0966104824847	826.7753060842808
K02558	mpl; UDP-N-acetylmuramate: L-alanyl-gamma-D-glutamyl-meso-diaminopimelate ligase [EC:6.3.2.45]	265.6000055236048	723.2617784074641	5993.851667131489	3274.395886272698	616.6193612282749	685.970516847125	764.8661908217101	1597.506574485188	2764.086509583453	510.1549394424044	62.81411391818109	975.4094685696892	218.464477300439	1090.2185238153031	81.5663347258892
K02560	lpxM, msbB; lauroyl-Kdo2-lipid IVA myristoyltransferase [EC:2.3.1.243]	16.6701201213248	68.03236975987768	21.868916996969585	74.64674837331201	156.60532037705804	158.6323532028736	133.3847300029071	76.62357298769233	75.5173492298947	74.40580154301874	32.48448761145683	28.170117715578904	77.18533439831023	71.9637792899746	15.500201403643702
K02562	mtlR; mannitol operon repressor	14.960923795789192	64.31635680367546	21.868662904991734	74.64588627553002	156.60350147871478	158.6305168531582	108.7402202834612	75.08535338835355	75.51650958621148	74.40493944523675	32.48411391940882	27.7854650589748	76.4593346809485	71.96296698677435	15.50002200353846
K02563	murG; UDP-N-acetylglucosamine--N-acetylmuramyl-(pentapeptide) pyrophosphoryl-undecaprenol N-acetylglucosamine transferase [EC:2.4.1.227]	55164.1087209269	53782.9487120325	120664.2133515293	39219.08858603581	90629.71815169032	53012.61315287162	20862.638374562724	80424.00789608873	33053.039842311635	14576.501807907038	5915.388892836044	6608.859717422115	6049.272014356287	39087.56440453424	1561.0247745894665
K02564	nagB, GNPDA; glucosamine-6-phosphate deaminase [EC:3.5.99.6]	70442.85456025164	56226.45145143286	157885.80828324647	55270.215847298365	82149.09180737783	47643.17835077042	36833.57055702185	89611.98969788925	48834.12749184565	22458.037256960582	6851.453468126029	9887.694395761982	6941.662985714918	39226.812199592576	2106.8958994377463
K02565	nagC; N-acetylglucosamine repressor	10.033215774794904	64.18424070372689	25.82402670659312	92.21247156533646	268.96183043377386	222.73645936039736	136.74438658940787	72.60613240608407	80.23175161206058	110.5498014725917	43.50759144510936	29.627330447846337	75.13916229879483	114.94946272170502	15.717870983868847
K02566	nagD; NagD protein	21245.96142625768	14187.643125327546	17803.524387202986	11783.661618587625	6946.064571031209	7674.412028779607	9639.693264373487	19578.832559869305	10345.626155798636	5081.094682467965	599.6668958421981	2372.3541579789817	2685.4804112117954	1309.8207563619249	473.0361168057656
K02567	napA; periplasmic nitrate reductase NapA [EC:1.7.99.-]	256.4571642454913	281.66239915106945	1035.1264447350618	305.5902142476444	317.2332251454277	447.4801447184007	271.3112546410677	886.2233826857996	236.54524413312004	145.37590994671726	49.31009147243997	170.30873615587737	152.2479489980562	160.72247430449391	26.276042013684247
K02568	napB; cytochrome c-type protein NapB	25.680309941454208	95.5778571479202	66.9347106952305	143.71620864464953	285.8324867460948	408.6789049851936	210.4249701077112	114.60349264409231	90.86270211439414	136.65642736447305	37.90412953104691	107.15515341178556	142.987225777314	117.53158739048531	23.300548474672045
K02569	napC; cytochrome c-type protein NapC	100.75856612236552	165.0932607006373	363.5185109920712	115.98666762021182	215.04824234882383	265.452061726253	177.38369647918452	113.74463990713096	89.69759303225561	105.58394137654253	34.65830389176924	86.88380768353562	102.6327544232059	120.13371760819577	18.165276952688
K02570	napD; periplasmic nitrate reductase NapD	28.69296411541637	105.01357795199786	70.66685855542735	184.09159080719755	308.2247322133866	436.8617212864575	236.6625807850552	208.54956630777335	92.04132637817354	136.8453017381038	47.75008004390431	130.6926357333542	149.72098047050022	149.19971081927957	23.271006345378943
K02571	napE; periplasmic nitrate reductase NapE	0.0	4.997990967839215	0.0	9.985985953742752	9.985985953742752	16.98317330871765	47.92121038545058	0.0	0.0	2.633554593426493	0.0	46.94113116994591	2.036699488865504	43.35733422063768	0.0
K02572	napF; ferredoxin-type protein NapF	25.62791345092766	90.47090254382596	66.58429907647826	133.3851498708361	274.9144853636625	390.3513015620549	159.80433251951175	114.3828542972657	90.77259748776255	128.43355905629227	37.87104461469421	60.007624060581165	142.61857216060378	82.536761663586	23.251298743881275
K02573	napG; ferredoxin-type protein NapG	289.3812462884452	295.879686760285	1061.2348095357734	361.6000171724886	390.0792951735921	580.080551609993	290.20215891850114	907.9454431591412	248.80854801196185	171.08789866023542	56.10863267720664	144.6859041801893	190.6037716938932	147.07407640291063	30.21566872947982
K02574	napH; ferredoxin-type protein NapH	441.5322081374495	418.72580882505054	1472.243012975243	334.94239349654003	374.374839141233	590.2471307723968	346.28249223916646	1112.602470400304	259.5882095737119	170.98649967392475	57.910688056268064	160.4857302443359	192.71502655696148	121.0947228438722	32.249176989064644
K02575	NRT, narK, nrtP, nasA; MFS transporter, NNP family, nitrate/nitrite transporter	3541.419730139376	1193.3866081586275	2334.719441786601	2608.9516594542647	9125.891619973065	7615.618678236349	1793.7003433098544	7412.937110545736	908.7620055257382	724.1120484287943	219.77605102791227	1294.4500861647432	438.9537272605695	1050.5729753311543	196.679390079415
K02584	nifA; Nif-specific regulatory protein	501.6471321039851	651.3892454074368	5495.159732101323	3353.864087360985	460.2882206101463	822.1871674200489	1022.5978735280868	1305.9983674586288	2926.3118476736613	545.4470508003265	65.1587058397337	774.6157410223155	300.5521663878112	910.970501956764	40.24291213998867
K02585	nifB; nitrogen fixation protein NifB	4495.581504228182	3364.8413008788634	4604.296865954388	2836.02701588434	947.5972924092606	1147.8929558315913	1203.0969026231242	8266.978900774351	2622.449261785688	1726.4865791987872	140.69571470542954	223.2578835229112	1365.13707272045	621.4689284942023	167.9137893878524
K02586	nifD; nitrogenase molybdenum-iron protein alpha chain [EC:1.18.6.1]	5269.918039558463	5960.588807049669	6280.57632966613	5295.523573190219	1726.2347807691058	1957.028174927248	1903.633330483944	11231.676119032029	3750.659115947869	5001.5495368155225	230.3000486398973	353.35647151445704	3348.938394609192	1351.850592061895	130.41380546594388
K02587	nifE; nitrogenase molybdenum-cofactor synthesis protein NifE	2565.2133474748352	6455.179091645292	4776.068592187414	2596.2179632752704	2073.626618266745	2062.460798636975	1120.7793681891994	6125.036187432196	1624.7947210183672	1580.1173224500435	172.13178321492722	254.4067673887756	1148.0345748353166	797.9520901225738	77.72796738222854
K02588	nifH; nitrogenase iron protein NifH [EC:1.18.6.1]	9701.775656612674	15696.017280934671	9214.442938457438	8855.050236925053	3905.070970953519	4038.4684170843193	7117.056171881959	22327.10572805905	7194.491673680697	6254.047201683799	583.172053925403	1361.189511085791	5043.6742967605405	2297.373747633974	451.046400505444
K02589	nifHD1, nifI1; nitrogen regulatory protein PII 1	1735.003472289584	1715.500510600834	3582.633966403696	1889.413044506736	548.3396860248477	696.5998033201554	927.8885832111796	3237.143037235751	1588.6415593692209	2278.9320099810857	88.06440627076222	320.9376991277632	974.149546065704	482.1043124292767	34.29340436210352
K02590	nifHD2, nifI2; nitrogen regulatory protein PII 2	1734.9282912439328	1715.8402074849118	3581.9642072893544	1892.0323287837675	549.6494060027699	698.1911658041822	929.5738396845512	3237.447502919365	1588.9603315415	2279.4104233831795	88.29898202610639	321.1806392526071	974.529378059235	482.5290654764541	34.22974973216871
K02591	nifK; nitrogenase molybdenum-iron protein beta chain [EC:1.18.6.1]	6353.942885532708	6553.658819479848	6361.188401805027	5945.464260116055	1818.8523169882064	2147.1252514219304	1851.6320234160385	13190.346689665572	4340.495773449393	5587.181554146627	249.00642778502976	378.7437735766714	3575.1955593567877	1320.067494185027	186.59071791183973
K02592	nifN; nitrogenase molybdenum-iron protein NifN	495.71100173227967	281.52941183948644	2792.936511207291	660.9154938928576	60.053990187808566	142.78890562090368	370.1243239926518	716.8764831650458	520.1473442760699	138.56170427834107	20.90129176654145	59.7696201445341	54.15914388841279	148.62407662863487	4.607485809848205
K02593	nifT; nitrogen fixation protein NifT	34.548150617614176	3.818383230187584	40.02722440052994	5.59764943913313	5.181245067598354	11.373390757749808	56.17418365862167	5.545521279685383	7.130703453410449	4.60643112538207	3.013916710282536	7.577168576428496	6.840366028806826	17.91187216387752	0.8079090260050332
K02594	nifV; homocitrate synthase NifV [EC:2.3.3.14]	2935.829909351288	4486.125955940204	5242.699183302669	10027.467282300053	59787.51919736069	25151.65254608892	2706.507040390012	5427.602576244232	2738.5355758176765	2985.6828817945034	4198.401496454109	623.4758858702271	2033.9164280417915	32930.4622944035	133.90228678546947
K02595	nifW; nitrogenase-stabilizing/protective protein	9.374491341619814	5.378819250059032	43.1348937791993	9.919494634295877	13.49633868101636	27.6120122724449	59.30972759533216	8.246940838390382	4.856529994313888	8.41369759635477	3.4418067693348258	9.876536481575169	11.326572897443455	18.413358204689214	1.352483031534402
K02596	nifX; nitrogen fixation protein NifX	86.77775139806776	201.9886091011676	265.4158583372523	158.94746864498032	61.08956194124475	81.90137532811228	216.84013570903883	1070.9503958833102	48.640205225316464	55.184176839302815	9.06890435096179	25.00454201470504	43.623922767565176	188.1733808377872	9.39061275834772
K02597	nifZ; nitrogen fixation protein NifZ	35.17960487801514	5.336554218976307	43.2964417846172	9.822501012061425	13.94768372812107	27.522982728190915	60.953448342191535	8.197052542746702	8.383653722440195	9.377857523539612	3.4106773356574718	10.64742679662767	11.27011993355921	19.051952517095582	1.346882815531504
K02598	nirC; nitrite transporter	3169.973998029041	8506.17599771567	15880.386771819502	13480.179053380847	108644.09015290235	45860.97571730573	4488.444884554703	9991.281023524609	1815.11186524904	1243.077286401474	7484.84975207187	1820.382766866447	1284.4026450463743	58757.61395006911	212.50880859774188
K02600	nusA; N utilization substance protein A	54394.39795120331	54423.50781644392	117346.13895031658	42848.29722641666	91872.44518711472	54282.145940242655	23491.95993404659	80358.14877025715	33329.37675151296	15126.535421919183	6145.899826079575	7946.140454906619	6768.377974456947	39608.78802707855	1582.5909970763528
K02601	nusG; transcriptional antiterminator NusG	59809.55079450442	60796.52422285604	116205.83468954638	47314.71372763111	96375.27410932588	58162.86326531141	28032.37384138772	86136.96652930017	36285.243111795295	19199.551473847096	6735.3054016735405	8316.056695087853	8920.433092521442	41304.0280787425	1890.2511798715552
K02609	paaA; ring-1,2-phenylacetyl-CoA epoxidase subunit PaaA [EC:1.14.13.149]	21.426621714639424	97.19847425027882	560.1024490090333	1446.2427833216111	1360.8356085959026	686.0612347133546	851.2036174615924	151.7052681310891	258.4894871714889	280.79864551068346	139.75284770815963	859.1046101426617	191.21186080469224	621.1661764933989	70.30283829033293
K02610	paaB; ring-1,2-phenylacetyl-CoA epoxidase subunit PaaB	16.672021843969695	83.64507396258165	560.8261352524185	1430.950247414247	1361.183930975433	689.9463845438606	659.6351868775562	134.9494726685562	247.9242258178603	277.72264026859733	128.26562475054968	871.720990258535	170.82422353281802	565.9266334385024	67.704486232903
K02611	paaC; ring-1,2-phenylacetyl-CoA epoxidase subunit PaaC [EC:1.14.13.149]	16.68484014621273	83.67433879659018	560.95880969225	1431.2201203180548	1361.6345730551825	690.1123911169145	660.3185514592217	134.98655065042337	247.9590018878821	277.7721699987907	128.28954767826528	872.1050636162717	170.86296024417155	566.9445650086163	67.70438989884858
K02612	paaD; ring-1,2-phenylacetyl-CoA epoxidase subunit PaaD	16.663671857242022	83.54145393127175	560.9362331162579	1430.7817806646096	1361.417225502881	689.85071468501	660.0492512313859	134.92531965276595	247.9015722934217	277.69037604343714	128.25004108548038	871.733162813629	170.7989900019226	565.8326872578318	67.70487726625953
K02613	paaE; ring-1,2-phenylacetyl-CoA epoxidase subunit PaaE	13.6374219462355	71.62890599216415	557.7086634875388	1375.035473490716	1331.237277703906	651.9538457818251	613.6028806271559	130.97683615953346	244.74091045270117	269.25592573299946	122.60212012857517	865.8839491848271	161.6537095221964	570.6833158504639	67.18507161714817
K02614	paaI; acyl-CoA thioesterase [EC:3.1.2.-]	27027.82751113157	17956.055068056165	33710.78237540292	13275.723612845431	14369.942383347008	13631.380448743446	9717.067790534747	29724.80016742168	9874.35721592452	5362.7115013124585	812.121363010418	3583.895461092628	2670.582209920178	2837.9898152417577	566.2660909307413
K02615	paaJ; 3-oxo-5,6-didehydrosuberyl-CoA/3-oxoadipyl-CoA thiolase [EC:2.3.1.223 2.3.1.174]	12.229792680372594	61.60871481736518	24.79643332458626	118.59430974483703	176.49288215815346	185.21465947488065	136.29641024912752	74.98351992325988	71.90463268774594	78.43617224111341	42.264451090456056	30.72692036660977	79.47790140424101	105.1036175208915	16.560893943308383
K02616	paaX; phenylacetic acid degradation operon negative regulatory protein	12.46903588452695	69.58859519946641	547.025297745311	1378.6169339073963	1139.3033391602169	594.9914192966639	254.370435617766	70.87796087636741	76.51968841074292	186.90796305411965	85.54117288583605	248.16272574877345	117.40005234173968	187.3954629947868	67.05370477617264
K02617	paaY; phenylacetic acid degradation protein	14.365746657368478	54.17599912118581	41.45333477211434	81.72651577956253	156.91517502136534	159.226984331203	116.75228887065178	70.0259258195596	71.36313495355193	81.7664989695245	32.17853555314035	27.461308231879205	73.07803243821392	106.85741260941032	67.68013066403331
K02618	paaZ; oxepin-CoA hydrolase / 3-oxo-5,6-dehydrosuberyl-CoA semialdehyde dehydrogenase [EC:3.3.2.12 1.2.1.91]	9.695784206526168	52.36242658819668	537.0867088764755	1325.0544652125325	1078.38444319081	534.051453024287	142.79329228543165	68.22740680039036	70.25920043855689	181.72344275962337	92.3852034315206	120.44117821886644	110.01346636392108	126.13069780037272	67.71492003905153
K02619	pabC; 4-amino-4-deoxychorismate lyase [EC:4.1.3.38]	5120.710709867958	3993.093451577638	36135.33392052031	11943.528779010465	62065.53002364217	26806.318315957644	1658.4729478513152	8677.712141440086	7374.144714717155	1588.5516777827488	4226.498299561616	1335.1947962486524	744.5967144886636	33492.99449801482	131.183846737184
K02621	parC; topoisomerase IV subunit A [EC:5.99.1.-]	18522.235900448744	17632.85045952723	90056.12738541586	20544.190244603946	72776.85997271609	30537.198372239625	5008.475510888573	36659.40445821952	18293.82392472535	5120.124757110036	5085.736543834257	2932.869136746218	783.3742070385618	40743.14778354489	656.762905503902
K02622	parE; topoisomerase IV subunit B [EC:5.99.1.-]	18612.910539977227	17886.33359375981	89648.26575869284	21799.59190657862	61827.82225623276	26660.943990553733	5513.985135879564	37643.44236054556	18178.21854427096	5239.647814755258	4399.994264658421	2600.784650006154	1095.1360717257753	34242.079395106106	688.7413103082083
K02623	pcaQ; LysR family transcriptional regulator, pca operon transcriptional activator	4.0	13.33	14.25	37.5	170.17000000000002	76.2	125.25	18.0	19.5	17.0	17.13	59.40000828061279	14.67	90.00001974718057	0.0
K02624	pcaR; IclR family transcriptional regulator, pca regulon regulatory protein	117.57302291593912	52.777206500367726	48.205819349435465	127.52041533227538	690.8922342582268	376.0354188075397	1324.7186137013869	258.9462214343813	431.22491756168034	244.29152220528107	102.48336222735908	1985.334015853128	126.98290551197708	1183.326661776852	22.667507828580952
K02625	pcaT; MFS transporter, MHS family, dicarboxylic acid transporter PcaT	3.0529985194444335e-39	7.28454426146852e-39	1.4998416439733912e-38	1.9872551024545475e-38	3.974650508149879e-38	7.79384502551187e-38	3.99304345876063	1.2855985952973042e-38	5.250147270110787e-39	2.302724025699783	1.927766528362432e-39	1.0926816392202779e-38	2.1480426163922003e-38	3.225468783527369	2.625073635055393e-39
K02626	pdaD; arginine decarboxylase [EC:4.1.1.19]	145.15310309883031	204.0975213302424	2416.969783493713	271.4247599470246	285.3190518782424	458.9320322380114	363.8315888469248	629.7119975717351	242.59819844717504	146.7271008985038	35.93964352826328	122.0941285037518	140.57653722304707	144.35663272180133	19.76387576457921
K02628	pecA; phycoerythrocyanin alpha chain	0.0227461794643774	0.063888941432751	0.0043119928157435	0.0820991729465428	0.0396150827434135	0.1195798161638	1.0163971045297635	0.0899247786083967	0.0616412108994117	0.046167886704167	0.055234633141386	0.1153380168772551	0.1038515537564991	0.3249701035297242	0.0121551007708805
K02629	pecB; phycoerythrocyanin beta chain	0.0125691954372895	0.0353040646851225	0.0023827421440222	0.0453667637512901	0.0218906967671701	0.066078001453905	0.5616456982913198	0.0496910753190033	0.0340620027200292	0.0255116773267398	0.0305218245529249	0.0637340471946069	0.0573868010527169	0.1795735740561699	0.0067167252148175
K02630	pecC; phycoerythrocyanin-associated rod linker protein	0.0123579429241471	0.0347107035248089	0.0023426950090556	0.0446042771702296	0.021522776264254	0.064967417730369	0.5522060276416358	0.0488559093297203	0.033489517097289	0.0250828984143072	0.0300088392807438	0.0626628586917502	0.0564222917486752	0.17655545177439	0.0066038361210967
K02631	pecE; phycoerythrocyanin alpha-cysteine-84 phycoviolobilin lyase/isomerase subunit PecE [EC:4.4.1.31]	0.2022136582761835	0.567973034361324	0.0383336394183434	0.7298620908611451	0.3521782995252934	1.0630652114719574	9.035775748193329	0.7994317674560115	0.5479906977813132	0.4104327621238877	0.4910361869145719	1.025355592907146	0.9232408737324516	2.8889859753392235	0.1080589114952069
K02632	pecF; phycoerythrocyanin alpha-cysteine-84 phycoviolobilin lyase/isomerase subunit PecF [EC:4.4.1.31]	0.0125691954372895	0.0353040646851225	0.0023827421440222	0.0453667637512901	0.0218906967671701	0.066078001453905	0.5616456982913198	0.0496910753190033	0.0340620027200292	0.0255116773267398	0.0305218245529249	0.0637340471946069	0.0573868010527169	0.1795735740561699	0.0067167252148175
K02633	PER2; period circadian protein 2	8.11848313890713e-12	4.377387203120383e-11	1.8000778858246876e-11	6.107407112619475e-11	1.2885722374992291e-10	1.300935409791981e-10	6.919255426510187e-11	5.7719530377428046e-11	5.948334295786066e-11	6.107407112619475e-11	2.647367293621289e-11	2.1355319607013574e-11	6.071966018713586e-11	5.754644596532952e-11	1.2709341116949028e-11
K02634	petA; apocytochrome f	3.3096757793110507	9.296140582947352	0.6274151755983428	11.945814664315211	5.764180312419093	17.399424016311922	153.7616196595498	13.08447698595743	8.969085249708797	6.717644017803496	8.036898142541652	16.782222328379657	15.11088807902821	47.284673997096135	1.768624162992678
K02635	petB; cytochrome b6	16.177849552978874	43.52848535676448	3.092677571249665	59.07268964486136	30.27911861217894	81.39366896430374	658.680397718754	64.98883154828442	40.19831423711239	30.69412366568924	35.839583141540345	74.20947893149511	67.2292777692437	211.981175884508	12.99018599259377
K02636	petC; cytochrome b6-f complex iron-sulfur subunit [EC:1.10.9.1]	25.576289748974823	66.68639741241931	55.83233960604087	156.227061684942	183.54884584512223	355.2189368682311	541.3270926684605	103.50661582174575	48.11033730577245	90.20268643299325	36.609817034136384	94.2537929291182	127.9969602128724	190.0261966166501	21.168651843932366
K02637	petD; cytochrome b6-f complex subunit 4	5.129186160556441	13.200353913748774	0.9545889974668932	18.26591091338279	9.862616246863444	24.49419914360565	194.2750987492204	17.89208045796472	11.7180351694402	9.058371128193818	10.413267360680898	21.44225808193717	19.503989513584145	61.69598625973335	2.228394636447704
K02638	petE; plastocyanin	4.016767444484822	11.282921219773469	0.7614586734912971	14.497966527058972	6.995663031936813	21.1167040410719	185.3575106517901	15.8798940210185	10.885274583289164	8.152827216961164	9.753931401859637	20.36763934467938	18.33923517493984	57.38675070512578	4.486219645725644
K02639	petF; ferredoxin	12.536333534598498	35.45544433602687	2.507377561978596	47.8278621036641	23.13403936381745	67.01353063456602	578.9996254008752	49.4037811677009	33.97340230700822	25.71869487903088	30.358163639331497	63.099185212636414	57.00641142204152	179.02785903975405	6.619898981411494
K02640	petG; cytochrome b6-f complex subunit 5	2.7668244736597365	7.771392423470046	0.5245068637364746	9.986468335551224	4.818742445614598	14.545579508678024	129.50468912234624	10.938367853458022	7.497980536450187	5.615819528298828	6.718690275373005	14.029610921655122	12.632408049495265	39.529066279543926	1.478535344598844
K02641	petH; ferredoxin--NADP+ reductase [EC:1.18.1.2]	18.67289286978308	14.662847874172831	72.73642567430709	30.25645546495113	9.091869715841394	27.4441963493331	274.6053005646605	53.65804375033757	20.261766049177428	10.595772667916172	14.714900014553386	26.47068111716949	23.83447745539513	74.5823468796398	3.019069736803557
K02642	petL; cytochrome b6-f complex subunit 6	0.3376603567275633	0.9484125801836064	0.0640102675111346	1.2187381211683772	0.5880742738307083	1.775127266824	15.088116640855844	1.3349069399153235	0.9150456802650978	0.6853487249716288	0.8199419141770449	1.7121590016474493	1.5416458286125736	4.824085787922577	0.1804389026641784
K02643	petM; cytochrome b6-f complex subunit 7	2.6878980200607088	7.549705630776786	0.509544777403507	9.701594272448329	4.6812829661065365	14.130652209497349	125.97791580050176	10.62633989828632	7.284093093090329	5.455622622553479	6.5270328712572825	13.629402145868276	12.27205589226438	38.40145986821325	1.4363586353854652
K02647	cdaR; carbohydrate diacid regulator	51114.11469995299	39706.57833298355	27062.7760264868	18243.71207093977	27162.744011340503	26099.65726709072	15240.071673130453	50369.40721679474	14767.815833492092	8297.243495323193	1170.3893266606133	5683.540385831642	6731.624238246941	3927.144187363224	1078.6965406221698
K02650	pilA; type IV pilus assembly protein PilA	8609.344958429541	13645.197313694063	5184.988718011082	16333.245316398858	88675.8649842992	44751.26477300111	6949.781225705411	22585.01328770777	4693.390134530512	4366.7110240077845	5337.725910005847	2434.593181401712	2879.4719136645163	41611.52593332592	461.3068650465536
K02651	flp, pilA; pilus assembly protein Flp/PilA	1888.0143999948496	3757.566762430144	11630.456771773011	2357.3490616536697	1108.8892636637368	948.2895371133096	1426.0249513501203	3399.589442095929	1505.057583091061	808.0091256784432	155.66890926996322	990.9440518266572	918.2165879144612	779.2540526702321	99.16581541062465
K02652	pilB; type IV pilus assembly protein PilB	12398.494734493072	18522.487460905097	21114.00892070714	29034.103099707783	149107.94796792604	70795.04033991945	11531.076060323168	22698.981053018084	11285.001898545195	6444.3668298867415	9627.623593809489	3582.3272521944828	3112.2335379967835	75965.97493180112	654.7778818156814
K02653	pilC; type IV pilus assembly protein PilC	24920.59320681962	26347.931519084363	22235.55229341658	32325.6682176036	154023.39443716817	80748.92434721293	17900.753656325265	40389.00660898756	13560.307245341064	8783.220727883847	9271.229617937515	6190.957231470022	4618.404302566734	70219.64917666397	953.458786263315
K02654	pilD, pppA; leader peptidase (prepilin peptidase) / N-methyltransferase [EC:3.4.23.43 2.1.1.-]	30659.26659385181	27093.957456620425	24818.88227840105	25232.469718536617	86845.2634282145	48429.80269580429	12793.674857252934	37303.71655373763	13825.287400714356	10518.960260307009	5373.932600299673	4197.580062578299	5055.405266662754	37998.13750864544	863.7237052812379
K02655	pilE; type IV pilus assembly protein PilE	22.601527923154705	26.61358988448376	238.61579898847856	70.76164175509135	256.0514351858324	158.94283395251404	630.3795317434842	161.27739664892815	180.220160863681	140.41173824653703	31.97462661003255	772.0869205087823	55.41485755636512	550.3492352958814	102.47512663543849
K02656	pilF; type IV pilus assembly protein PilF	22.19015013250103	14.921751864962676	6.218662904991734	10.925886275530024	89.27350147871479	91.8105168531582	470.6972097782418	71.05275824129997	166.84910414043046	101.82168403156952	15.364113919408815	802.1298162722113	50.79447730325491	461.560841928457	51.30622430788783
K02657	pilG; twitching motility two-component system response regulator PilG	12.770114147866805	35.86970118066441	8.611531594739022	56.485776345572944	111.25758943789896	158.16019816982703	1012.2107763643083	126.74159876349285	199.0264865957027	132.4009485628884	46.00926680300344	864.8753035503621	105.58289518035303	669.3373786720654	57.87012158206052
K02658	pilH; twitching motility two-component system response regulator PilH	30.856786717742843	212.63031156474804	134.29453633187853	174.1778947533334	191.41853587473256	189.27155884445236	1395.8188016901554	629.9435957108557	379.5755735091825	225.67289429982375	68.04289229808845	1492.8885481191078	172.50767438036368	1011.9459549351196	70.347224786059
K02659	pilI; twitching motility protein PilI	4.8377461806026725	13.588149292635729	7.107091452998719	27.84117236852372	97.43549033504284	116.45270177875892	651.9123757233408	83.58555270811924	177.5300931944792	116.29916624369235	26.747517245047803	824.4005393593702	69.36755357452276	535.4859093166859	53.58519424861021
K02660	pilJ; twitching motility protein PilJ	80.37860210667634	1427.333661661236	486.55518523879147	49.15390697998974	111.46901635869862	137.0092263613431	781.5217084033011	141.0024840578974	193.91047685701147	150.07804287318365	42.37360787443157	838.0425584172583	98.63780387871807	566.1997058451827	60.26471639877733
K02662	pilM; type IV pilus assembly protein PilM	5357.161401789896	8808.165481035374	10995.040727374944	7548.247258876526	23261.799574848454	15605.62797857758	3364.9640843485167	11717.1730012933	3087.983048991191	2908.1590121274494	1233.7676200887931	1619.133582714766	1596.5287346344712	8918.061009560763	245.81254978161215
K02663	pilN; type IV pilus assembly protein PilN	314.98803050230106	1104.614690809824	843.6357620821146	2425.3310702214776	12242.72869663438	5391.099399314188	2225.208114909228	633.2758100129273	1049.7632863833414	789.5135789162792	913.7446913400752	1122.3819865013634	287.07168128798776	7284.906556234831	96.22010261642276
K02664	pilO; type IV pilus assembly protein PilO	264.9502188094989	613.5642101289986	900.917362807692	1983.8050448109232	11952.540038873518	5223.590117669325	844.6273400244306	667.1528567349187	386.5140518700237	573.6584743773051	829.8225964755921	937.110147403914	410.7371545454666	7104.083628596931	76.71319408282847
K02665	pilP; type IV pilus assembly protein PilP	15.370144608519718	2.7335519521481803e-15	1.0000000000000009	1.2879197421017322e-14	10.140000000000008	7.140000000000007	78.2515930670383	13.879805845814822	7.882594554218931	28.322084499281672	1.1502406518830173e-15	81.86	1.862503647079601e-15	154.54089823394443	51.113099833648434
K02666	pilQ; type IV pilus assembly protein PilQ	125.10390649754984	155.43953688625732	565.617488401628	193.9396796570922	487.5433362288538	566.84403547315	921.0890961138068	265.1032451915219	234.59671693721947	217.50921064462528	62.965981475605	923.654136787468	176.88913997201763	628.1538197351721	74.11345332455892
K02667	pilR, pehR; two-component system, NtrC family, response regulator PilR	8.089052896071966	1.195212732132114	1.2503225068373625	4.962442840306977	63.758217839631584	10.253351087098167	447.3291282222369	136.21545723450296	168.60049345604963	92.7883529471429	32.42064653301687	700.6140155891158	44.71429882288966	433.8282338524272	60.7461455343265
K02668	pilS, pehS; two-component system, NtrC family, sensor histidine kinase PilS [EC:2.7.13.3]	6.16318057026144e-16	2.7335519521481803e-15	1.0000000000000009	1.2879197421017322e-14	61.14	7.140000000000007	351.25159306703995	70.75961169162966	157.86	87.32208449928264	15.0	696.86	44.0	430.54089823394577	74.1680095420491
K02669	pilT; twitching motility protein PilT	23996.478128041785	24143.774065418293	24460.51890728061	29655.75393909447	96193.81364274812	58495.52149276783	16347.082429016293	40018.02045620701	15624.478336685974	9179.06914788292	5260.444225133466	4972.049548330495	4616.785846204698	37594.684630415286	995.3902423955548
K02670	pilU; twitching motility protein PilU	0.0	0.0	2.16601097673515	0.0	173.77803293020546	14.28	932.7097357647514	169.0	467.8860109767352	234.6681503597826	45.0	2009.550054883676	132.0	1137.9509531177464	153.0
K02671	pilV; type IV pilus assembly protein PilV	15.86601399001558	37.96317605500698	84.10102574811496	114.40194863235897	295.9321617365418	495.3885328131465	499.7737653723713	131.91666582896036	191.9218801240904	208.15501176417607	25.082453980278167	857.3997471778521	158.70242056926423	426.9989640225393	117.37251502857634
K02672	pilW; type IV pilus assembly protein PilW	6.165762462466396	18.50756917762849	31.393346678876448	61.90897489465357	288.3516926370856	217.8305895085494	561.35860063143	80.15791630350328	187.9997708893563	152.34033735503104	31.739911455295243	852.3166459813309	69.129715846935	471.76872114220754	103.96762204448906
K02673	pilX; type IV pilus assembly protein PilX	0.0	0.0	5.522021953470301	10.38	83.4360658604109	87.44999999999999	348.3082391104087	56.46	161.3220219534703	102.47133027437503	15.0	758.1001097673515	47.28	329.0401097673951	51.113099833648434
K02674	pilY1; type IV pilus assembly protein PilY1	740.5119100233525	141.4047555587669	129.51149683107607	139.83381391502294	329.73030132463686	531.3947840180005	461.09313948867793	376.7987029331169	290.4714726213794	246.39640070671967	27.081206995142036	767.8310597402276	182.87875882101048	363.9390381872027	69.01975627544032
K02676	pilZ; type IV pilus assembly protein PilZ	6.16318057026144e-16	2.7335519521481803e-15	0.1660109767351506	1.2879197421017322e-14	58.638032930205455	7.140000000000007	325.40973576459527	59.0	157.02601097673517	82.31815035969257	15.0	692.6900548836758	44.0	426.37095311762016	51.0
K02679	ppdA; prepilin peptidase dependent protein A	16.67000552398131	68.03175186496267	21.868662904991734	74.64588627553002	156.60350147871478	158.6305168531582	133.38375330778163	76.62275824129998	75.51650958621148	74.40493944523675	32.48411391940882	28.16981627221141	77.18447730325491	71.96296698677435	15.50002200353846
K02680	ppdB; prepilin peptidase dependent protein B	54.24922437472934	200.5826075385326	152.61941371483346	191.38026980092135	180.396267798656	179.34144073157518	152.15073324600417	183.2706445582196	101.51907219013265	105.61076238473088	36.04580692006369	29.27048023801296	89.31864880895304	75.44647824153347	17.810990230388512
K02681	ppdC; prepilin peptidase dependent protein C	16.670036369685082	68.03191818123956	21.86873129790243	74.6461183229056	156.60399106423026	158.63101113598898	133.38401620086097	76.62297754329339	75.51673558970805	74.40517149261233	32.48421450458701	28.169897410504277	77.18470800406676	71.96318563114362	15.500070291939696
K02682	ppdD; prepilin peptidase dependent protein D	23.70417283700391	84.81548196110853	56.42530287567722	120.43262608327456	248.18021370785877	338.2022053818372	164.48472928139856	106.24319716098108	87.61294988277884	116.36749729925624	36.925725081216285	53.34541141643017	126.6757923594939	75.29579166495739	21.548242151822144
K02684	PRI1; DNA primase small subunit [EC:2.7.7.-]	1.5508191723186977e-07	6.878363987919899e-07	0.1660111507515508	3.2407465685763514e-06	0.498034574712007	1.967092341955308e-06	2.158144818714041	4.485870598175111e-07	0.1660113974725854	0.9960664596451336	2.894309578284629e-07	0.8300552988611871	4.686551580756326e-07	0.8300572953648581	0.0
K02686	priB; primosomal replication protein N	207.5201125619436	257.9403600122047	997.0899525638716	225.5942988480253	339.50038895381726	246.83094159270652	337.0338222961898	761.0297117906322	232.6096338158596	111.3516689745685	47.45000708752111	160.37011602902135	83.16969140355079	196.3434222935981	66.4197721402085
K02687	prmA; ribosomal protein L11 methyltransferase [EC:2.1.1.-]	53449.01595914386	53469.89968854858	112820.84828890278	42794.91167183149	145416.72500154146	73980.23974653789	20299.556195570814	77508.29375221848	31317.08407028189	13495.898561246737	9543.179557282549	6542.581245812924	6061.8255759853655	70654.16807958364	1572.2966669855227
K02688	prpR; transcriptional regulator, propionate catabolism operon regulatory protein	861.4853693968207	745.5895272988234	414.996763698123	2727.2744808351504	1947.6038412056696	1845.2639757286715	1784.016956457824	1792.7307032904887	393.27703468435936	412.0077136519874	250.7722425843935	852.8382374420684	503.137369027619	867.5138430801234	206.2379616902584
K02689	psaA; photosystem I P700 chlorophyll a apoprotein A1	3.260459084910999	9.15790187297133	0.6180851677611982	11.768173847239268	5.678463789164301	17.140685036530037	145.69133152805065	12.889903635532022	8.835710031948096	6.617748966215879	7.917385058426762	16.532661476270597	14.886180884037126	46.581524956193526	1.7423237514893262
K02690	psaB; photosystem I P700 chlorophyll a apoprotein A2	4.110995355425447	11.546868427043862	0.779321312658949	14.83806628696287	7.159770343765308	21.61207202387233	183.69694930673077	16.252414950638844	11.140628346273571	8.344081172307567	9.982745482971067	20.845437029498846	18.769448988797915	58.73296605063008	2.196833226084046
K02691	psaC; photosystem I subunit VII	347.6859995878473	133.07134507612574	2311.422923967152	42.13439092258079	12.068669721318654	18.275856390780863	158.89806739454744	640.4432967770782	429.7233859556541	38.01522728295213	7.92251251573856	17.398148553840056	16.29005136368672	47.28665571494079	1.7434521152994804
K02692	psaD; photosystem I subunit II	3.170920167951092	8.906407039275742	0.6011112769473411	11.44499557281949	5.522521486428191	16.669966547460657	141.69034771082102	12.53592035244642	8.59306324932362	6.436011959335544	7.699957369618508	16.07864056556488	14.477375719085234	45.302300409496816	1.6944759553234896
K02693	psaE; photosystem I subunit IV	3.4168750600407285	9.597239699053564	0.6477370825968931	12.332738353381194	5.950881570855552	17.962986681097767	158.551739431969	13.50827860558231	9.25959089234764	6.935226534478119	8.297210468527847	17.325792336046323	15.600324391756406	48.816208536284	1.8259092161887112
K02694	psaF; photosystem I subunit III	3.300740332482045	9.271042907092474	0.6257212831100459	11.913563411056682	5.748618205998756	17.35244913462564	153.36234547379468	13.04915157761254	8.944870556277325	6.699507754634612	8.015200163400698	16.736913764856556	15.070091775712568	47.15701506054136	1.763849239941997
K02696	psaI; photosystem I subunit VIII	1.810955682299595	5.086570327335434	0.3433028348315535	6.536392803570225	3.15398721404298	9.52044486896514	80.92128679471516	7.159434798948911	4.907615422490335	3.67569406095708	4.397550494305082	9.182730549371431	8.268226393162216	25.87276058760963	0.9677382896069292
K02697	psaJ; photosystem I subunit IX	2.023476846437745	5.683494845147607	0.3835904679434164	7.303458404046454	3.5241172183035543	10.637698066512373	96.28872082530948	7.99961627490404	5.483539037255768	4.107047952432957	4.913616436470639	10.260351943088407	9.23852793925047	28.909007831696957	1.081305324901337
K02698	psaK; photosystem I subunit X	2.95554819087368	8.301475224185474	0.5602832152798889	10.66764035931594	5.147426464167492	15.537726231407298	137.9376762986209	11.684468468517125	8.009414048734023	5.998871777067372	7.176968787670672	14.986563684436598	13.494058301312888	42.22532417276846	1.5793855029378758
K02699	psaL; photosystem I subunit XI	3.841859075177871	10.79092494608483	0.7283012943999198	13.866659081163686	6.691040020350656	20.19718651594236	171.67077801330785	15.188411022244356	10.411280095669545	7.797815959337861	9.329200750843832	19.48073943769977	17.54066124537117	54.88786991633609	2.0530121254089178
K02700	psaM; photosystem I subunit XII	2.741088163737181	7.699104872942613	0.5196280319456861	9.893576702358654	4.773919707418557	14.410280162513391	128.35468013171405	10.836621888795806	7.428236194979857	5.563582578240965	6.656194697194189	13.899110986364676	12.51490454621015	39.16137678192505	1.4647823782569929
K02702	psaX; photosystem I 4.8kDa protein	0.263873679342196	0.74116227173625	0.0500225284588829	0.9524153658546416	0.4595663046325561	1.3872204831419783	11.79101062070831	1.0431985834188249	0.7150868190681635	0.5355840153798662	0.6407654479715784	1.3380122551611766	1.204760194477818	3.769910328409056	0.1410087864738034
K02703	psbA; photosystem II P680 reaction center D1 protein [EC:1.10.3.9]	11.158799643080757	31.34257768388177	2.115373440093882	40.276136192034656	19.434330585591468	58.66335540421143	510.3652988439911	44.11521455722913	30.239888121020066	22.648999077072546	27.096955141109262	56.58241743612419	50.94739900342246	159.42353224430843	5.963038071975292
K02704	psbB; photosystem II CP47 chlorophyll apoprotein	3.313653106028476	9.307312006380778	0.6281691575531945	11.96017027624347	5.771107285506387	17.420333375513103	153.93934371210435	13.100200954876325	8.979863641543997	6.72571679236505	8.046556299837897	16.802389977202857	15.129047240741716	47.34149726600872	1.7707495662633932
K02705	psbC; photosystem II CP43 chlorophyll apoprotein	6.009587348555805	16.879603427326263	1.1392960972236772	21.690733771697904	10.466397823803227	31.5931895267428	292.0183578958755	23.75828617313938	16.28573096398958	12.197668677330473	14.593079012524498	30.47248976220575	27.437793187808968	85.8576246195956	3.211397193358513
K02706	psbD; photosystem II P680 reaction center D2 protein [EC:1.10.3.9]	4.822073226358998	13.544141298169404	0.9141790676902488	17.404566625914192	8.398205660300555	25.35026329958248	221.3418969239117	19.063566134052465	13.067616530004534	9.787373026595455	11.70943400311062	24.451015953141827	22.015995346666152	68.89184854968202	2.576813532819439
K02707	psbE; photosystem II cytochrome b559 subunit alpha	3.2928165001969383	9.248786630710809	0.6242191623719207	11.88496343987499	5.734817942437517	17.310792450721866	153.00827457569184	13.017825487660415	8.923397296656619	6.683424764004271	7.995958691661361	16.696734749155773	15.033914170774432	47.04380885806346	1.7596149033551494
K02708	psbF; photosystem II cytochrome b559 subunit beta	2.803416946648332	7.874172513080663	0.5314436981567018	10.118543780270985	4.882472438051348	14.737951207837792	125.26872355972122	11.083032588799016	7.597144633363839	5.690091216421596	6.807547915154948	14.215158708866973	12.799477212983122	40.05185560133467	1.4980896261136205
K02709	psbH; photosystem II PsbH protein	3.2566390385423896	9.14717221531182	0.6173610016425273	11.754385920876848	5.671810739881291	17.120602523631057	151.39171002987422	12.87480145872432	8.825357863390664	6.609995423770351	7.908108825462733	16.513291341025496	14.868739812167316	46.52694871995836	1.740282395549417
K02710	psbI; photosystem II PsbI protein	2.71488076652826	7.625494143368977	0.5146598961468264	9.798984745089328	4.728276516633601	14.27250424523098	121.31254633615308	10.733013526978157	7.357215226337207	5.510389463017044	6.592555175986139	13.766222330213647	12.395250213739834	38.78695695473756	1.450777672345137
K02711	psbJ; photosystem II PsbJ protein	3.204129279313865	8.99968402120639	0.6074067275674262	11.56485924405467	5.580358966191881	16.84455144590232	149.04534820137422	12.667209301069882	8.683058575373888	6.503416443387195	7.780599179639695	16.247032494980388	14.628997569220443	45.77675232238143	1.7122222364410733
K02712	psbK; photosystem II PsbK protein	3.1325638817020587	8.79867279187916	0.593840076480316	11.306553889314888	5.455719610716932	16.468322237673668	139.97642391341645	12.384282555224852	8.489119291011955	6.358160262055514	7.606816655462564	15.884149090736406	14.302253565954882	44.75431184144366	1.673979127481087
K02713	psbL; photosystem II PsbL protein	2.6401419910590045	7.415569603901197	0.5004916678786152	9.529225524088094	4.5981103593238135	13.879592150040738	117.97289647970074	10.43754114454749	7.154676218488489	5.3586922813573	6.411066726422741	13.387247823309838	12.054017613755484	37.71917906087343	1.410838774089996
K02714	psbM; photosystem II PsbM protein	2.729077742332271	7.665370279802573	0.5173512165845292	9.850226755804844	4.753002179774636	14.347139713547053	127.81800285985628	10.789139871540064	7.3956884469077	5.539205043738539	6.6270297457256335	13.83821028922248	12.46006892310591	38.98978630038938	1.4583642506454528
K02715	psbN; PsbN protein	3.2281498320027397	9.067152392601471	0.6119603032915091	11.651558090010928	5.622193516200712	16.970830818628933	150.1186897812387	12.762172188616828	8.74815328530239	6.55217092353399	7.838928378075025	16.368832418161734	14.738667490832386	46.11992914055299	1.7250583366293606
K02716	psbO; photosystem II oxygen-evolving enhancer protein 1	3.2705537677901773	9.186255584163138	0.6199988166058491	11.804609201881402	5.696044838243486	17.19375418270531	152.01347996446538	12.929811969344906	8.863066207401324	6.638238129075526	7.9418980148282206	16.58384812526862	14.93226987684243	46.72574566567504	1.7477181469674177
K02717	psbP; photosystem II oxygen-evolving enhancer protein 2	3.240015283383571	9.100480059468612	0.6142097780429917	11.694387573910475	5.642859966733886	17.033210337226205	150.64888413340657	12.809080910183315	8.780308171061655	6.576254508251934	7.867741207704323	16.42899751663781	14.7928409797998	46.28944838209943	1.7313989090424171
K02718	psbT; photosystem II PsbT protein	2.824877124544599	7.934449363129188	0.535511903679228	10.196001309317984	4.919847801434066	14.850770335625716	132.09873118387367	11.167873286958487	7.655300832901181	5.733648907651361	6.859659745851856	14.323975856127444	12.897457307702254	40.35845285840977	1.509557513514167
K02719	psbU; photosystem II PsbU protein	2.604097776924076	7.314329451045525	0.4936587668790235	9.399128943489943	4.535335222619486	13.690102723617528	116.3622860060094	10.2950438965471	7.05699788052083	5.285533393416218	6.32354042567715	13.2044800673123	11.889451619377992	37.20422260335406	1.3915774710785018
K02720	psbV; photosystem II cytochrome c550	5.462885630671506	15.344026484025145	1.0355991268591545	19.717526316108444	9.514242451829704	28.71914645985567	255.84736898240945	21.596979909107027	14.80419539496443	11.088010857808014	13.265545722789984	27.700405514501465	24.941734132879983	78.04715124799735	2.9192561961710783
K02722	psbX; photosystem II PsbX protein	2.9706930474205846	8.344013746069907	0.5631542254523031	10.722303613812947	5.173802970436729	15.617344840085856	138.61441361034824	11.744342166171226	8.050455987135631	6.029611269926091	7.213745099783097	15.06335801918393	13.563204721540444	42.44169570046604	1.587478609640758
K02723	psbY; photosystem II PsbY protein	2.308500183843021	6.484061786025371	0.4376223366858523	8.332210520773948	4.02051808038239	12.136105231667097	109.02478910947173	9.126427946927224	6.255940559883639	4.685559397397969	5.60573967866034	11.705606806725784	10.539850497298367	32.981079082609114	1.233616063222878
K02724	psbZ; photosystem II PsbZ protein	2.310116353763129	6.488601246620628	0.4379287139873878	8.338043861445067	4.023332825830648	12.144601660803191	109.09700653085444	9.132817315413782	6.260320313901259	4.688839735086463	5.609664230155729	11.71380184597683	10.547229396141605	33.004168978082845	1.2344797119192463
K02736	PSMB4; 20S proteasome subunit beta 7 [EC:3.4.25.1]	3.507248684089264e-06	1.5555680022295143e-05	3.7406484776828456e-06	7.329096996597122e-05	3.667627741578575e-05	4.448669548938901e-05	4.714682936990888e-05	1.014500209519666e-05	9.515170067720182e-06	1.355195701821348e-05	6.545613854262851e-06	6.779013647856432e-06	1.0598851341222815e-05	4.831584120059987e-05	0.0
K02742	sprT; SprT protein	16.73700228918763	68.21993082455597	27.07136347975575	85.26770178519101	184.5901840310676	242.86272812394677	229.9474568695109	82.34762334803415	82.25806806290377	93.67092267808655	32.64680241601966	131.519533720985	80.77036243659263	108.71013633563123	15.535823726849882
K02744	PTS-Aga-EIIA, agaF; PTS system, N-acetylgalactosamine-specific IIA component [EC:2.7.1.-]	4800.066642745813	5320.918758507331	3955.90369344382	8334.746539675753	29826.68819169254	15575.258044870265	5858.422427942831	6061.902130029697	2744.1772547663168	2341.40126722082	2172.7890924279964	2476.027748532484	1651.5906721763486	15204.975003357897	204.84860783479243
K02745	PTS-Aga-EIIB, agaV; PTS system, N-acetylgalactosamine-specific IIB component [EC:2.7.1.-]	2691.1176747452155	2444.921176264703	2230.5642391873894	6065.894052392992	15994.698693470857	8990.454733742927	4651.294569138442	2382.340737172765	1848.913224760812	1195.6985833222752	1151.8319827439473	1832.321937120512	1176.4676509942456	7932.405730416844	101.10818050892048
K02746	PTS-Aga-EIIC, agaW; PTS system, N-acetylgalactosamine-specific IIC component	2838.493948845884	2713.94448280451	2500.473736612319	6447.287290424543	16394.71702673821	9381.941653638853	5197.706980399413	2642.5161966099204	2143.856296532562	1366.0764136461517	1164.7808125663385	2200.7220402408766	1284.8488232691436	8186.185107737384	132.14517912322515
K02747	PTS-Aga-EIID, agaE; PTS system, N-acetylgalactosamine-specific IID component	2672.239690860562	2392.12352340196	2195.6152714907557	5719.571614869363	15667.239649111389	8763.029541359174	4483.730007221755	2324.6814132905374	1825.5392079159408	1116.5717280640868	1108.4293008528257	1745.8022822049309	1133.9136202479074	7792.620188523226	101.59981871652808
K02750	PTS-Glv-EIIC, glvC, malP, aglA; PTS system, alpha-glucoside-specific IIC component	1718.034447212984	6809.453326850914	15861.923525417682	2408.6655242452	4554.7388922432565	3493.917609087307	3400.498307947636	9341.068560360463	1189.0994891997148	1604.396396877471	459.7755906550504	883.3387873095796	600.3455190724956	1730.0886096687034	67.74972980713414
K02753	PTS-Asc-EIIC, ascF; PTS system, beta-glucoside (arbutin/salicin/cellobiose)-specific IIC component	365.2838642311848	782.0682186867417	662.328320440672	1969.2212608242803	1089.4032648735888	1307.3169959540712	1781.5165869697755	850.8024635214008	693.8690361760371	332.2818411231179	111.11490238983822	677.4796470769127	481.9693309685373	383.1098864771288	32.42649435167007
K02755	PTS-Bgl-EIIA, bglF, bglP; PTS system, beta-glucoside-specific IIA component [EC:2.7.1.-]	4.41852558363687e-10	1.959746124111189e-09	4.712568878566953e-10	9.233392183260511e-09	3.330000004620576	5.604552737963917e-09	5.939683510420916e-09	1.27809446495854e-09	1.1987465436256864e-09	1.707311747381056e-09	8.246339190851697e-10	8.540382485781781e-10	1.335271605370001e-09	6.086958743708902e-09	0.0
K02756	PTS-Bgl-EIIB, bglF, bglP; PTS system, beta-glucoside-specific IIB component [EC:2.7.1.-]	0.0004891566612512	0.0003479087977139	713.0000071038949	0.0004783269254592	162.00012339839216	163.00018566566337	319.00027784027543	0.0001386196308731	0.0003700978478607	0.0001689365755959	56.00001243082666	1.2874078036351238e-05	2.0128361786929724e-05	9.17569933208741e-05	0.0
K02757	PTS-Bgl-EIIC, bglF, bglP; PTS system, beta-glucoside-specific IIC component	32855.944773321185	32585.16154175105	48439.76308400442	49593.947513096326	332841.94211153645	145136.7229750994	24904.686179292563	39796.04916899964	11531.945272354908	7616.694506218064	23101.352908386365	9000.653227932324	6190.162678034545	179051.37323425952	957.709878341183
K02759	PTS-Cel-EIIA, celC, chbA; PTS system, cellobiose-specific IIA component [EC:2.7.1.196 2.7.1.205]	10688.971083945238	13066.416632948163	21547.30854768073	22921.49217784426	183769.6529528589	76757.68890545638	9187.846937847467	15875.772639162464	3630.72088804416	3695.421263527993	12782.966299045223	3425.950729756192	2047.828929156575	100321.86507222052	441.0134862556522
K02760	PTS-Cel-EIIB, celA, chbB; PTS system, cellobiose-specific IIB component [EC:2.7.1.196 2.7.1.205]	11026.980869701338	13134.665877325298	22373.592551225436	19612.0894319572	140640.64034521097	61231.15781365249	10145.627675302978	16486.90691116197	3706.556880008636	4605.498916948167	10049.147021827312	3417.0237285841663	2119.38479415285	76022.54610044988	389.0345094376268
K02761	PTS-Cel-EIIC, celB, chbC; PTS system, cellobiose-specific IIC component	12143.825032096427	20402.528514212467	45079.18839013669	25372.790847792705	188604.1775737882	82779.26897699921	16930.080966710673	26956.05228477526	4488.353217547903	5936.378624264354	13674.580952242855	4553.560053559448	2545.2568822424646	101785.85915811194	459.8209625613558
K02763	PTS-Dgl-EIIA, gamP; PTS system, D-glucosamine-specific IIA component [EC:2.7.1.-]	726.4606452786818	1954.701347293495	681.3258416645186	6249.862731272405	58839.88636828634	23780.61921150217	668.2857548306839	916.0781545231754	214.97848404250163	405.0481462977005	4017.391207421188	345.1360766087342	280.8089074879519	32618.511475066614	91.33170581714532
K02765	PTS-Dgl-EIIC, gamP; PTS system, D-glucosamine-specific IIC component	9078.482756708823	10082.524936900703	4809.59451794697	12046.267591734444	66947.07595147644	31571.577584054176	7189.940496647628	9836.372861111631	3857.111902026772	3065.3040374532525	4707.69727024291	2673.588365783043	2123.3494703476563	35302.11128451538	382.2452557142432
K02768	PTS-Fru-EIIA, fruB; PTS system, fructose-specific IIA component [EC:2.7.1.202]	3015.6309475381813	8123.314763402324	2198.999293101967	6790.538721764459	52514.34475815955	23872.85193696434	2202.959826645068	6697.74145305682	1739.0490416939797	2459.9733274855967	3754.411993810314	1185.1541837204916	802.491344367919	27705.15744092096	289.2534647319596
K02769	PTS-Fru-EIIB, fruA; PTS system, fructose-specific IIB component [EC:2.7.1.202]	1732.9873325062877	3496.716005396535	969.3499420502118	1433.3037551588404	3321.222747327441	2860.641823633984	1557.0979566614528	3870.956639152717	1124.81470859434	1420.1131177827567	355.3884469063669	817.7869295782526	410.3146506628035	1342.9546505828882	146.84734270696293
K02770	PTS-Fru-EIIC, fruA; PTS system, fructose-specific IIC component	31567.683696851876	43758.61375064527	29001.913469735737	24655.665705242154	185455.2621014221	89491.39999555309	9925.091342576292	41580.8004146426	8220.189328945235	8106.164554741975	12187.84627628691	3865.077491657014	2929.6713179552157	89597.77802867242	895.4840814057056
K02771	PTS-Fru1-EIID, levG; PTS system, fructose-specific IID component	38.74680304750625	93.2357326526829	158.8081524692836	4.141649752910796	29.420125503806208	9.233310512879449	137.29385224614032	106.46282140787244	18.90592309845666	13.323474087474343	12.449817741849872	3.000955242833699	16.557275858418954	34.302049687131486	0.0236288874058109
K02773	PTS-Gat-EIIA, gatA, sgcA; PTS system, galactitol-specific IIA component [EC:2.7.1.200]	3544.7935932190258	7981.643984664193	4445.714107062458	2870.244496610706	8681.640658831024	8723.353820286029	3258.671526799004	8435.46775981963	2517.456416216759	3363.22042697525	798.2522764037137	1206.7085885495592	994.2090596774332	2632.5924423412434	311.7843487496894
K02774	PTS-Gat-EIIB, gatB, sgcB; PTS system, galactitol-specific IIB component [EC:2.7.1.200]	3330.253374541964	7574.351333046252	2603.287762543332	2809.220034382758	8205.784385048053	7685.545650110171	2387.5044295816037	8053.035903155488	2554.5535942744377	2875.454567248613	675.8066966582062	1192.8879758880958	982.8994988434551	2541.1115767027454	303.1875119707027
K02775	PTS-Gat-EIIC, gatC, sgcC; PTS system, galactitol-specific IIC component	9479.558001380849	11241.067355208772	28119.173952764075	6390.759717033747	9117.04086445832	8951.76046114057	2921.31964311864	17459.925489132118	7419.332173344732	4451.185335206601	744.7625560081165	1793.2652708988485	950.4480871029692	2827.916049751157	484.3905898737887
K02777	PTS-Glc-EIIA, crr; PTS system, sugar-specific IIA component [EC:2.7.1.-]	4583.49631113311	9838.552682102974	16786.207321315662	9448.216560883491	67435.71760086775	29388.63070931052	5326.9423189091085	11859.185626143051	2211.322851517798	3615.431018061484	5042.980635987854	1523.2760610590576	1030.5740066565154	36295.22016852189	243.00189080506703
K02778	PTS-Glc-EIIB, ptsG; PTS system, glucose-specific IIB component [EC:2.7.1.199]	2.543488264990232e-06	1.371417885823667e-05	5.639571949988493e-06	1.9134261973175243e-05	4.037045231965207e-05	4.075778555797545e-05	2.167775023816548e-05	1.808329778652446e-05	1.8635893206532487e-05	1.9134261973175243e-05	8.294095743298095e-06	6.690536136639279e-06	1.9023226444855875e-05	1.8029071133159184e-05	3.981785689964403e-06
K02779	PTS-Glc-EIIC, ptsG; PTS system, glucose-specific IIC component	2499.636080361832	11647.486810968245	29363.86979124552	7772.385803221316	71291.50074924898	29893.258829566857	4806.949025668896	15562.194629813395	718.8319161966792	1112.4096673357494	4958.952471788949	1073.5779628098069	536.922442306878	39287.21677814233	166.17615160211756
K02781	PTS-Gut-EIIA, srlB; PTS system, glucitol/sorbitol-specific IIA component [EC:2.7.1.198]	2827.091991702083	12197.387341746367	17929.50246596528	1188.601504141133	5105.628822920892	4928.58032766113	2755.8233449539125	13275.141569370062	1531.107840171774	2407.536842718981	465.74981788506193	373.91431572455	358.0181340313174	1353.8475503980906	159.72191897065943
K02782	PTS-Gut-EIIB, srlE; PTS system, glucitol/sorbitol-specific IIB component [EC:2.7.1.198]	81.8444604100997	233.8478699333868	36.43111258618369	27.366627318982545	22.99589219095973	53.870514384512674	0.419988287286699	235.4844079387302	45.158856200028666	46.83887710121107	0.021647660652888	4.0799662676984045	10.587385203984011	46.03589778234627	6.64883365904647
K02783	PTS-Gut-EIIC, srlA; PTS system, glucitol/sorbitol-specific IIC component	2788.0154280233523	10217.749251064792	2637.428043446096	1841.6076795718363	8396.167671193107	6776.335126582486	1159.177305246532	7464.470988918157	2006.811990463654	2828.0449850389978	709.7566988715572	415.09005686597646	550.1393527850838	2403.5193319967534	228.6386090073017
K02784	PTS-HPR.PTSH, ptsH; phosphocarrier protein HPr	338.17685096485417	523.2236029590069	489.5862219122362	340.4515892187643	622.8072067111416	503.6025329955627	177.63562270952045	599.0024303605121	207.6101301059257	323.3284469163482	84.75484763329975	86.78594097167463	146.334707405966	338.81166685286985	53.460816587614886
K02786	PTS-Lac-EIIA, lacF; PTS system, lactose-specific IIA component [EC:2.7.1.207]	696.1547270246771	4788.8937809697545	13626.30890165339	814.8642675560616	1139.2147228600031	778.5315511882912	1929.6085399585195	7123.46718147217	318.89501945792784	537.5146615162081	176.58154068237585	406.9884283985911	167.03785322146962	507.404940129179	37.685902789757804
K02788	PTS-Lac-EIIC, lacE; PTS system, lactose-specific IIC component	601.4231586492247	4646.084400927103	13484.83735229956	341.85757439307963	335.3065292358138	240.1527544354452	1601.288587250643	6922.385807494516	154.75316671722825	260.7816553885388	78.70108269609949	201.02086302124584	86.14210305731892	205.02519098311512	6.478077982938479
K02791	PTS-MalGlc-EIIC, malX; PTS system, maltose/glucose-specific IIC component	1399.326485974908	1220.2936934208071	556.5555484061393	839.4320889264795	4374.540657923888	2988.436636635937	872.5570346108067	2313.6889392260664	663.5542025111797	1389.215362773744	478.5478261144162	276.52636391268265	311.8560967073769	1733.1460056574788	48.86025481878477
K02793	PTS-Man-EIIA, manX; PTS system, mannose-specific IIA component [EC:2.7.1.191]	4406.027268412448	12014.053526068845	17563.461895395143	3033.969167323021	7630.513921252384	6364.525321173851	5104.775715006856	15700.567018133475	2496.605364890592	3505.3468357350816	780.0709361301325	1808.4571467778903	758.4582909264442	3566.5895288642378	250.06940619161944
K02794	PTS-Man-EIIB, manX; PTS system, mannose-specific IIB component [EC:2.7.1.191]	10908.68489491664	28911.051286925125	53113.18485852545	6951.3112070455645	16676.760358613625	14773.722440284975	12883.48573505876	36937.6801002381	4967.928383669273	8186.290620714092	1702.4091692696704	3728.991096601956	1785.8482736651688	6941.761463641198	439.40744537209525
K02795	PTS-Man-EIIC, manY; PTS system, mannose-specific IIC component	5999.977624495402	18751.34495057861	24220.27872910436	6202.353007756017	13779.970349008589	12578.15652903576	8666.301146275295	19963.114490178294	3735.669346000641	6452.790162653429	1466.5957180726907	2590.996576995057	1622.0224832311817	5126.642416251928	275.7907558293236
K02796	PTS-Man-EIID, manZ; PTS system, mannose-specific IID component	8641.402028006773	15573.658153569872	22022.24427989863	3995.783182936913	12452.999282165842	10728.12617415174	7579.311814007897	19360.105080526955	3590.307156815088	6016.341781504913	1347.231899614702	2620.958303587612	1197.0829636989329	5282.9581245114405	371.16634131682105
K02798	PTS-Mtl-EIIA, mtlA, cmtB; PTS system, mannitol-specific IIA component [EC:2.7.1.197]	3052.946590850024	9302.77421262756	15967.521383186258	3402.0341610195374	6615.636929775407	5445.680988286591	2868.5013716305284	11816.492072643729	1907.5653254658105	2974.482961861847	547.7276695513931	726.3787180155676	669.8955206880028	1595.648501342469	168.88732951810215
K02799	PTS-Mtl-EIIB, mtlA, cmtA; PTS system, mannitol-specific IIB component [EC:2.7.1.197]	0.0	0.0970626947086024	515.79	1251.96	926.41	380.48	40.19	0.0	0.0	106.51	49.57	93.78	38.18	5.36	0.0
K02800	PTS-Mtl-EIIC, mtlA, cmtA; PTS system, mannitol-specific IIC component	6629.993986772488	14829.503319865957	18712.535742066688	11198.616082141134	54765.78522939188	24984.216021892527	4947.390695390906	16669.96359825348	3511.6757008359527	4538.577602906214	3814.249685241247	1526.0969372352124	1383.775982869593	27512.244105956823	305.98099389948334
K02802	PTS-Nag-EIIA, nagE; PTS system, N-acetylglucosamine-specific IIA component [EC:2.7.1.193]	0.0	0.4859334697768783	1.802233653828629	0.0	4.764264359332465	0.0	7.623960030864958	0.0	0.0	0.0	0.0	0.0	0.0	0.0	0.0
K02803	PTS-Nag-EIIB, nagE; PTS system, N-acetylglucosamine-specific IIB component [EC:2.7.1.193]	2.2258900192124487	9.377196113155817	5.544017967870049	39.02118783532031	30.19054747235528	27.7449321586683	39.1776849594326	1.6333774056609474	0.9892844529833108	5.341871531550256	4.15420115885104	4.302329312238916	6.7266052511672685	30.663850324184068	0.0
K02804	PTS-Nag-EIIC, nagE; PTS system, N-acetylglucosamine-specific IIC component	8151.18078642167	7577.639331486222	4607.653068725303	11796.904098841716	65036.241181746205	29996.98352599148	7136.6833161517	8152.371317209827	3798.089780933303	2623.055604594925	4590.1309587771575	3099.1479348475027	2047.807262735704	34482.74932806438	331.562315497496
K02805	wecE, rffA; dTDP-4-amino-4,6-dideoxygalactose transaminase [EC:2.6.1.59]	11729.360199094122	7808.003371482144	17809.11682651015	5859.043515011046	3423.258184310548	3783.020432633578	5421.47473517857	8297.80567099277	6828.325837991548	2589.658722395224	327.8100495812988	1494.0111936173455	974.720648342859	1531.0048130478708	235.88587550137407
K02806	PTS-Ntr-EIIA, ptsN; PTS system, nitrogen regulatory IIA component [EC:2.7.1.-]	804.5942049633401	3142.8556154221887	4791.60036447504	6125.797267642153	2485.9398771873466	2324.6520127045405	1763.608061664262	2922.8640615834865	2822.6974364339108	1131.8796140548652	295.1713848106334	1115.4462984661118	756.3937299782556	1456.4808084751412	155.2781763576621
K02808	PTS-Scr-EIIA, scrA, ptsS; PTS system, sucrose-specific IIA component [EC:2.7.1.211]	9.395187857569141e-15	4.167042295138786e-14	1.002041723371159e-14	1.9633122516162925e-13	9.824809908713549e-14	1.1917058039863985e-13	1.2629652434642648e-13	2.7176345074188988e-14	2.5489156411548792e-14	3.6302866860118435e-14	1.7534334557709253e-14	1.81595639338517e-14	2.8392112563040195e-14	1.294280632666313e-13	0.0
K02810	PTS-Scr-EIIC, scrA, sacP, sacX, ptsS; PTS system, sucrose-specific IIC component	17001.869936536503	23442.018245214014	29880.60938197795	45275.33497108195	367903.5460493696	151447.39784600434	16137.461291062207	22681.25378558909	6095.434205483045	4691.185961116568	25294.962919386337	5568.847709382417	3529.5784248632126	202190.1329252433	745.1433970133796
K02812	PTS-Sor-EIIA, sorF; PTS system, sorbose-specific IIA component [EC:2.7.1.206]	10.60589764319224	64.41290287005589	34.61685287707971	97.80856900542956	238.0282496175444	195.4175280924594	89.53266423046045	91.0475085844682	80.79195922837299	100.65730426287143	37.95063739206857	44.49955562998619	69.01141452615859	99.49517969230811	13.63427000625821
K02813	PTS-Sor-EIIB, sorB; PTS system, sorbose-specific IIB component [EC:2.7.1.206]	331.1227142348087	1016.5508777834945	231.67205492614104	324.0145214123793	663.9684910204319	607.5406467429979	188.97115868465647	1067.6042288738709	294.7861802778741	393.2920998099149	74.28068654220314	115.89575527092823	127.78486267191693	293.85938012430785	40.57856825690517
K02814	PTS-Sor-EIIC, sorA; PTS system, sorbose-specific IIC component	330.12228860189265	947.5953951081588	185.2488386298332	174.62249988502592	484.7173078285028	510.2729387493722	77.57439256454573	1065.5877694498026	300.5965492568194	244.37675897925345	28.28053489955104	51.95480686022936	104.9038623688618	106.39425803809368	38.78910819149608
K02815	PTS-Sor-EIID, sorM; PTS system, sorbose-specific IID component	355.3311042242421	937.8808769122004	183.6195065611352	166.94633361335747	267.1092548192604	374.6129594827649	78.99199725384369	1003.1984199907002	246.72668754484172	247.37016837567492	28.0066126038525	38.06803752996375	104.46000054066144	104.30875375140184	38.78910819149608
K02817	PTS-Tre-EIIA, treP; PTS system, trehalose-specific IIA component [EC:2.7.1.201]	1.0067125175746142e-37	1.1932162538743312e-37	2.34597266021638e-50	4.5964921004129246e-49	2.300177218182327e-49	2.7900128008319797e-49	2.956844872689229e-49	2.7221392330854783e-37	5.967502418192592e-50	8.499200298246225e-50	9.314995353989181e-39	4.2515036566484028e-50	6.647140362039279e-50	3.03016022992294e-49	0.0
K02818	PTS-Tre-EIIB, treB; PTS system, trehalose-specific IIB component [EC:2.7.1.201]	2.2101756338191e-06	1.5719698992243436e-06	3.2097805532827744e-08	2.1612432158445955e-06	5.575557714680966e-07	8.389004131291747e-07	1.255376559946492e-06	6.263304883480347e-07	1.6722275505249049e-06	7.633127229252778e-07	5.61666892359955e-08	5.8169449246957456e-08	9.094676264064729e-08	0.7541342345427472	0.0
K02819	PTS-Tre-EIIC, treB; PTS system, trehalose-specific IIC component	4826.391867587494	6239.257678532018	7412.639307413485	8335.604090715646	60040.89487991314	25157.235413628227	3724.510377964877	7370.24381304554	1545.5764537939222	924.3283303778458	4129.140223033668	1493.8511887208151	1151.5263185518306	32871.05875039787	141.13186185817855
K02821	PTS-Ula-EIIA, ulaC, sgaA; PTS system, ascorbate-specific IIA component [EC:2.7.1.194]	2461.763068378995	4560.9133790172	2655.612596748257	2187.8072380333897	5483.05960103272	5029.9248562712655	2406.377616868805	5497.529354412116	1911.667600537904	1788.6786882662595	576.2052121038896	1757.0215779094656	828.606009334674	2173.3774833043985	233.6729492432033
K02822	PTS-Ula-EIIB, ulaB, sgaB; PTS system, ascorbate-specific IIB component [EC:2.7.1.194]	2746.5948965719163	5436.026852741261	1815.192957963225	2283.612388349151	5705.918923373411	5220.563355087621	2757.88466023652	5844.094369982689	2382.1034091235583	2360.678871081563	622.5555425922137	901.4933325309528	678.274724743268	2000.4298330743327	199.4120685794076
K02823	pyrDII; dihydroorotate dehydrogenase electron transfer subunit	52750.93083178309	46151.75056486162	91701.21380476968	33169.393262952435	87490.65385150783	49923.53873155819	16430.858377997054	67109.3242793624	28472.67859386673	12743.47187625224	5590.871438038172	5134.312489295951	5588.777805878259	37487.98944883439	1438.9422493343602
K02824	pyrP, uraA; uracil permease	25814.655061047182	32165.373595471312	57614.25275110246	18283.936546099358	70501.59155126488	34496.970661955595	14118.992692666716	39709.2644908661	15130.409551871664	8365.95111339794	5528.699451464781	3742.2730299144887	4429.372975496027	35820.39723236291	590.6972476890114
K02825	pyrR; pyrimidine operon attenuation protein / uracil phosphoribosyltransferase [EC:2.4.2.9]	2970.6409139160846	17885.217002494093	38844.00090996836	20418.48813437216	69295.12387890363	34200.030497518776	15880.332789539854	17604.33152134683	9497.840668804824	7599.038189414528	5383.07579735367	3780.0237839508304	2033.415583450496	37038.45198492637	368.7810143925586
K02826	qoxA; cytochrome aa3-600 menaquinol oxidase subunit II [EC:1.10.3.12]	1.0603275154086025	4.702803521329088	1.130872768148693	22.157335844198958	11.087973208613226	13.449220223844556	78.10343476136232	3.0670408168595595	2.8766378083710955	4.09703215574275	18.95886984108916	2.5955040653626	23.204244511868666	15.909090491988488	0.0
K02827	qoxB; cytochrome aa3-600 menaquinol oxidase subunit I [EC:1.10.3.12]	1.0722614803018735	4.755795208784785	1.1436181563528602	22.40704638510095	14.542937278220016	13.600794883918445	78.26407028850187	3.1016035485621374	2.909046737524705	4.143202493526715	18.98117249532275	2.072529171373735	23.24035762852961	14.77146905573318	0.0
K02828	qoxC; cytochrome aa3-600 menaquinol oxidase subunit III [EC:1.10.3.12]	1.0212904209483895	4.529723560858259	1.0892550835426973	21.341904241871397	10.679918698298502	12.95426702106208	77.57888253747525	2.9541656134418526	2.7707621897307506	3.9462510744086914	18.886044689363573	1.97400935195788	23.086323874595077	14.06929198436626	0.0
K02829	qoxD; cytochrome aa3-600 menaquinol oxidase subunit IV [EC:1.10.3.12]	0.4977151836065209	2.207513306240323	0.5308370496575787	10.40075337081086	5.204746452914174	6.313126273022817	70.54062702703754	1.4396816522893658	1.3503019157971066	1.923164104714545	17.908890904164043	0.9620127702150996	21.504087595854287	6.856522003515858	0.0
K02834	rbfA; ribosome-binding factor A	53637.58526795882	53212.74863062482	113419.06093937167	41293.47326037342	91251.79719969165	53569.96078657974	21357.566471305443	78709.80210555295	31606.13091817749	14319.600726706876	6003.66581492976	6787.086121611035	6428.945687325608	39268.01695631913	1557.7584346283988
K02835	prfA, MTRF1, MRF1; peptide chain release factor 1	53501.908273313486	53042.21725041759	113381.5173316447	39400.10419390052	91004.20037907308	53388.36895056766	21381.48569283443	77683.39442361944	31663.5295906931	14227.584412873926	5931.774670092414	6723.83007507145	6154.554201751538	39308.99011386111	1521.2221039562396
K02836	prfB; peptide chain release factor 2	54025.80687639418	52929.583704514094	115421.4842670414	38951.05201938591	90767.335681607	53044.10388380389	20708.200198349943	78353.62880992128	31934.99684421588	14205.647651625546	5921.398795004948	6561.407065129033	6008.365729345174	39201.36778079836	1524.1857862374763
K02837	prfC; peptide chain release factor 3	46078.71151898935	41675.6852968146	97992.28599941325	25397.06065263743	71540.24558282505	36343.33939840121	11824.065693852266	60749.40404357539	23384.61709528012	9662.754497832831	5217.862719553432	5282.886367833109	4161.774202389184	36533.024429983045	1207.715609460848
K02838	frr, MRRF, RRF; ribosome recycling factor	53947.14136101867	53329.79865166492	115238.15544046144	41349.05551171795	91314.53539646092	53648.22344223016	21526.0392122579	79275.08847199962	31879.900699638645	14336.27798790215	6013.160981383259	6579.047418416933	6431.015946789468	39246.88663441056	1563.631052905724
K02839	prfH; peptide chain release factor	9033.729254650574	8343.107458665816	16624.558376327193	6753.782505818906	1346.0295446531502	1393.8750661021295	1212.270501819511	11556.547457225695	6505.033091464894	2279.7453565195424	83.02767864332571	795.7798909633801	205.4280967899348	556.1235780743667	438.0935070636772
K02840	waaB, rfaB; UDP-D-galactose:(glucosyl)LPS alpha-1,6-D-galactosyltransferase [EC:2.4.1.-]	841.5144868280593	4898.4163567160485	14228.3433182164	61.53547614723481	84.66210010872088	23.72338665402078	1354.160495624595	8219.764077179516	222.1620663145273	321.9880708360932	1.1193908266382435	126.40200210861664	24.16515783036332	54.30961557503422	7.604207204231669
K02841	waaC, rfaC; heptosyltransferase I [EC:2.4.-.-]	333.6021322586838	405.847126795016	1501.6001433146785	401.9299944843712	651.391591232749	648.290360751136	1320.2382482844196	981.9524494551296	330.48473162945373	210.39178210696537	105.8954480640463	399.6212569838728	203.3810165764295	481.06775044854896	79.47888696751129
K02843	waaF, rfaF; heptosyltransferase II [EC:2.4.-.-]	1382.52321719654	729.5679814468654	9205.841633682914	950.5443820669236	1580.8404856334748	1755.5700591651412	1432.8766244152953	1799.03248120533	555.9945127104235	562.8940058333868	174.95709473103545	699.1424599280833	469.08007483825776	665.4807433477316	130.6199529324576
K02844	waaG, rfaG; UDP-glucose:(heptosyl)LPS alpha-1,3-glucosyltransferase [EC:2.4.1.-]	42.32522182083461	92.3679934515819	98.39332480378636	187.32261313086025	384.0874063246475	621.5196270489782	300.81943709494686	135.79798968548175	110.5187291339926	188.1399286866461	41.438465987978695	235.73406888478877	177.4096812114098	177.7818797686918	27.693320927462047
K02846	solA; N-methyl-L-tryptophan oxidase [EC:1.5.3.-]	10.322837290703534	54.92943394134678	27.64949642127064	81.07580813989948	159.88220263937845	162.71012278223813	103.4630420723987	71.57874106682966	76.38600883515817	75.64179532204678	67.45108627805239	27.345094709044474	75.37561343549788	76.33260977828559	15.512429503147912
K02847	waaL, rfaL; O-antigen ligase [EC:2.4.1.-]	278.338293246162	352.87880384193494	1113.9988119121158	320.11233352404696	548.9164154841935	492.574120249159	559.72070465693	941.8861730634056	414.3036057171587	243.3922480048602	80.96317944091398	886.5119154288842	193.5704481461164	453.4115000184881	105.81363065680482
K02848	waaP, rfaP; heptose I phosphotransferase [EC:2.7.1.-]	9.850000000000003	53.110000000000014	27.030000000000005	84.48000000000008	184.21000000000004	241.72000000000003	177.52000000000004	75.49000000000002	81.67	93.23	32.120000000000005	128.92000000000002	76.95	105.61000000000004	15.42
K02849	waaQ, rfaQ; heptosyltransferase III [EC:2.4.-.-]	64.32957777739506	114.5783734048271	142.89000275207778	190.1939542379121	501.8818440614695	516.6175766217772	435.08282455916617	166.6439856509292	197.7286170609887	189.7001767643117	63.71969911300102	417.4066663945017	182.80270452574385	271.4964030138329	28.230622520803248
K02850	waaY, rfaY; heptose II phosphotransferase [EC:2.7.1.-]	9.916143685684	90.0156109573918	35.572168901302724	134.2858256127711	547.407789204872	380.6301831349456	94.99558051015998	76.79890240580387	91.40879678741987	199.87888400520688	70.44598538902406	36.12153554628845	76.25486615388074	218.95141178759184	16.179238764730428
K02851	wecA, tagO, rfe; UDP-GlcNAc:undecaprenyl-phosphate/decaprenyl-phosphate GlcNAc-1-phosphate transferase [EC:2.7.8.33 2.7.8.35]	11840.745852812552	18505.438698042675	25462.157117381656	18738.48184287412	7625.655961155066	9024.365464944098	15963.16749365456	26859.744134388187	8440.452605893832	6102.570862084442	1116.9269763634843	3606.408086947228	5163.182348713908	2176.888135571273	373.95415304487847
K02852	wecG, rffM; UDP-N-acetyl-D-mannosaminouronate:lipid I N-acetyl-D-mannosaminouronosyltransferase [EC:2.4.1.180]	2776.132767288338	2291.999579469312	7799.225548639193	2417.4066234793563	459.919047647151	428.059671805348	215.30672689624103	4320.993544333546	2459.143334185358	819.0579413808936	33.71206611857196	215.61798848355704	100.34424055296526	131.46060222921056	152.2111834780315
K02853	wzyE, rffT; enterobacterial common antigen polymerase [EC:2.4.1.-]	14.96092379514328	64.31635893341799	21.86866290355957	74.64588627067091	156.60350146846278	158.63051684280785	98.77375330227662	75.08535338376132	75.51650958147894	74.40493944037765	32.48411391730255	27.785465057275758	76.45933467611759	71.96296698219591	15.500022002527295
K02854	rhaR; AraC family transcriptional regulator, L-rhamnose operon transcriptional activator RhaR	795.6414423158224	1259.52084280307	879.0007026085308	5278.8512253525705	1416.8592632746129	1488.901296831125	1905.5595349680696	3042.5994702875378	551.1143307352336	620.6499916720368	236.6656749967925	262.63123051948713	958.7307295292676	386.0607470652031	147.5820600993984
K02855	rhaS; AraC family transcriptional regulator, L-rhamnose operon regulatory protein RhaS	1276.8914970423623	2279.320347518998	1354.1244714275565	6370.836992453794	1710.5235568810942	1888.6131104167737	2992.8636858458945	3434.026518587109	1399.9924067086918	1214.0567110214895	316.1485639147967	255.84101521659852	1035.0062727696136	358.2477415983226	146.1417900088451
K02856	rhaT; L-rhamnose-H+ transport protein	8237.6235477277	4571.148063945182	42160.43967161563	3361.811294711287	704.0151621769605	597.1224156336347	331.6388261574781	13407.663415474228	7255.967948263347	1397.7256511107896	34.5548552570312	585.3351101504904	137.78855165177987	209.276669491248	170.72597379417198
K02858	ribB, RIB3; 3,4-dihydroxy 2-butanone 4-phosphate synthase [EC:4.1.99.12]	475.0943261210148	348.8660064837703	3972.1365286259866	432.150685359525	396.96130607135694	279.60101569064994	375.59492407722814	1580.4879422588915	422.2182836744676	136.95687921460646	56.90294452755562	207.2426066834936	105.1969490456032	312.91102085862826	66.60295673425681
K02859	ribT; riboflavin biosynthesis RibT protein	827.571793913585	5443.787133019737	16409.187902599457	42.80821726076535	746.9599145492581	1166.274333712622	2207.2039564059487	8868.256940786301	324.749037002396	791.5246903238087	116.45131591358911	142.95742459946047	5.167399788766053	73.26455251721214	0.0
K02860	rimM; 16S rRNA processing protein RimM	53699.30219139964	52910.60977039041	110513.29281222624	39859.35162811933	91143.64279735714	53026.98048364282	21465.314722354367	79352.80136023671	29118.493292158862	14172.252092995728	6088.745326172015	6207.717450816904	6435.539048979148	38714.82297889507	1566.5380356749984
K02862	ctaG; putative membrane protein	3.017733858330549	11.918333153975698	8.928557501903349	55.56834723517173	30.091079829067866	37.7888494622236	100.26219088722428	3.923850118179124	3.1375577791565705	8.4015444089106	58.79202736126932	5.832851004842115	9.11954510010052	41.57228728781568	1.3334909271106758
K02863	RP-L1, MRPL1, rplA; large subunit ribosomal protein L1	53659.69722759807	52970.78858670511	113096.35014975458	40483.81489055432	90986.49322574526	53157.66554766826	20641.72935107152	78548.44839432125	31255.997808955668	14194.38668594549	5991.071913123909	6278.46189479759	6300.127280783974	39096.19460997413	1558.991843836261
K02864	RP-L10, MRPL10, rplJ; large subunit ribosomal protein L10	52911.53935310075	51376.7907530893	116161.2914272876	41058.61267846335	91167.96680904827	53449.023222914	21150.01371011578	78935.94300531305	31780.607063072403	14363.342387575218	6002.856456015708	6467.343997957751	6360.745447306309	39137.52617804059	1543.9417470534886
K02865	RP-L10Ae, RPL10A; large subunit ribosomal protein L10Ae	1.7883452825488416e-74	4.267044442552199e-74	8.785574940462831e-74	1.164068133364972e-73	2.3282184517153557e-73	4.565375939595043e-73	7.907017446416546e-74	7.530610213233012e-74	3.0753621540890464e-74	1.066843295623461e-73	1.1292216995506013e-74	6.400566663828298e-74	1.2582521266462668e-73	8.473271995900073e-75	1.5376810770445232e-74
K02866	RP-L10e, RPL10; large subunit ribosomal protein L10e	0.0	6.235590017737937e-20	0.0	0.0	0.0	0.0	0.0	0.0	0.0	0.0	0.0	0.0	0.0	0.0	0.0
K02867	RP-L11, MRPL11, rplK; large subunit ribosomal protein L11	53571.40062508266	52916.94785860148	113245.94127233676	40461.22494037471	90904.8996799006	53107.51785995485	20607.35767061808	78526.52298488008	31255.34052650541	14184.68020538432	5989.887652389969	6227.442874548502	6234.628482629357	39054.9182786141	1550.105678534003
K02871	RP-L13, MRPL13, rplM; large subunit ribosomal protein L13	53610.134071395296	52846.41221343701	112983.070311926	40433.38771660031	90843.83013759129	53072.39153393228	20683.512704568817	78530.35742071984	31223.84478249839	14177.218335590578	5991.627142679947	6242.517963531832	6236.382940772781	39076.09420319583	1542.035971075885
K02872	RP-L13Ae, RPL13A; large subunit ribosomal protein L13Ae	1.1922301883658958e-74	3.539971341225798e-25	5.85704996030856e-74	7.760454222433155e-74	1.5521456344769053e-73	3.0435839597300324e-73	5.271344964277703e-74	5.020406808822014e-74	2.050241436059367e-74	7.112288637489748e-74	7.528144663670683e-75	4.267044442552204e-74	8.388347510975122e-74	5.648847997266721e-75	1.0251207180296834e-74
K02874	RP-L14, MRPL14, rplN; large subunit ribosomal protein L14	52196.92610365492	50846.40465507064	112544.57501133344	38764.95851490424	90731.49048171396	53017.8489615034	20508.713210318507	76896.96186759479	31212.925221309568	14109.552396336054	5903.402049463468	6484.674920628751	6026.164117441333	39122.66629359896	1499.2233339552836
K02876	RP-L15, MRPL15, rplO; large subunit ribosomal protein L15	53927.63420545898	53417.37104127852	113416.8945288271	41354.16389139234	90692.27012065783	53111.797685426514	21423.31622004109	79101.70710648812	31781.67514073598	14342.258915322667	6018.429161735855	6531.442919055127	6468.32671585875	39200.18334797038	1580.4268481496
K02878	RP-L16, MRPL16, rplP; large subunit ribosomal protein L16	53539.61790005908	53144.098246631496	113211.96658703456	41257.42976383736	91334.26759650985	53620.63517696437	21505.696169789542	78667.82770218211	31660.90186819926	14350.427401859266	6016.046973303732	7126.919242571654	6454.762359488555	39436.07017361533	1555.2615554918543
K02879	RP-L17, MRPL17, rplQ; large subunit ribosomal protein L17	58540.473868879424	54114.20060200016	115631.6164923376	41814.70072676861	92603.66517483452	54921.90155309276	21752.689352839792	80974.93180499658	32483.70003782128	14624.347979962871	6031.0491245853	6611.239952315362	6536.770282337128	39273.812458812725	1586.934579516179
K02880	RP-L17e, RPL17; large subunit ribosomal protein L17e	5.961150941829479e-75	1.4223481475174013e-74	2.92852498015428e-74	3.880227111216577e-74	7.760728172384526e-74	1.5217919798650162e-73	2.635672482138852e-74	2.510203404411007e-74	1.0251207180296834e-74	3.556144318744874e-74	3.764072331835341e-75	2.133522221276102e-74	4.194173755487561e-74	2.8244239986333606e-75	5.125603590148417e-75
K02881	RP-L18, MRPL18, rplR; large subunit ribosomal protein L18	53631.30562914014	53355.9681478197	113408.15108911072	41421.782035256445	91290.05280232696	53596.14845253626	21252.878397043656	78751.98197993464	31535.781912895865	14315.89773105844	6005.187775499127	6506.281514030554	6409.903704664862	39161.51375481972	1570.7250304566996
K02884	RP-L19, MRPL19, rplS; large subunit ribosomal protein L19	53158.70390683884	52324.56413755085	112669.26109624143	38003.32425888015	90330.83724773656	52498.1753947494	19959.319901096656	77169.05343354007	31163.22549205144	14016.032763346377	5895.087896028368	6194.387077549885	5861.534156360167	39053.721046350096	1507.676985516061
K02885	RP-L19e, RPL19; large subunit ribosomal protein L19e	0.0	1.211318338701175e-16	4.2337051655633553e-13	0.0	1.1191939838303129e-12	0.0	4.200582599351346e-12	0.0	0.0	1.389580566022726e-12	0.0	0.0	0.0	1.946411592479272e-12	30.08836005382107
K02886	RP-L2, MRPL2, rplB; large subunit ribosomal protein L2	54254.31024562187	53507.96898632002	113628.82695731698	41480.73507332681	91357.1632127655	53702.704648917774	21381.431563289123	79649.31991641966	31843.71728232507	14378.89820214863	6012.972479123257	6572.762489519482	6480.516650796481	39182.638448655074	1591.651706352238
K02887	RP-L20, MRPL20, rplT; large subunit ribosomal protein L20	53403.80355957971	52799.67445859717	113073.013051273	38883.82452452405	90752.0229848654	53050.318872837815	20683.12928772272	77494.66730172778	31464.336171696348	14141.809709627796	5913.1401882147975	6495.787359893054	6048.814816337941	39168.39763528356	1514.5125023934152
K02888	RP-L21, MRPL21, rplU; large subunit ribosomal protein L21	53403.04527168095	51589.66298660423	112921.99724684996	39469.48508099238	90593.45268355054	52700.511498233085	19011.12877864988	77892.54449188327	30310.39227694026	13522.546251365007	5889.773184042384	6038.425188021767	6122.999623079973	38915.601186626656	1502.3293256592228
K02890	RP-L22, MRPL22, rplV; large subunit ribosomal protein L22	53590.65793119922	53221.62516551983	113372.42575232036	41323.830049322256	91296.31600137794	53639.53908646276	21410.96947731214	78710.75353723942	31529.840183619628	14305.358933103438	6010.575758031606	6511.879118174715	6425.3760846287805	39190.60873998432	1560.3884894386215
K02891	RP-L22e, RPL22; large subunit ribosomal protein L22e	1.580884029081872e-05	7.011685889374031e-05	1.6860884326809034e-05	0.0003303573094794	0.0001653174509005	6.025248692282035	0.0002125132155935	4.572835641811118e-05	4.288940348683259e-05	6.108512496116476e-05	2.950419925933548e-05	3.055624329532579e-05	4.777407113434582e-05	0.0002177825087037	0.000101180700962
K02892	RP-L23, MRPL23, rplW; large subunit ribosomal protein L23	53694.968974919335	53242.03306290835	113372.24746598146	41197.99583082128	91297.2851090586	53639.521225076016	21400.16356441482	78843.60219464992	31537.46596410891	14290.7253029083	6012.816826937866	6521.309023855683	6425.516685793835	39183.24749144216	1559.5346824375674
K02893	RP-L23Ae, RPL23A; large subunit ribosomal protein L23Ae	4.957513983940155e-06	1.3924550331392905e-05	9.398307400095686e-07	1.7893457606360346e-05	8.634171990815279e-06	6.025074231894554	0.0002215231892309	1.959904291408564e-05	1.3434659016007467e-05	1.006225877639445e-05	1.2038349852337112e-05	2.513784050830912e-05	2.263437386520407e-05	7.082700789968367e-05	0.0001602962141406
K02894	RP-L23e, RPL23; large subunit ribosomal protein L23e	5.961150941829479e-75	1.4223481475174013e-74	2.92852498015428e-74	3.880227111216577e-74	7.760728172384526e-74	1.5217919798650162e-73	2.635672482138852e-74	2.510203404411007e-74	1.0251207180296834e-74	3.556144318744874e-74	3.764072331835341e-75	2.133522221276102e-74	4.194173755487561e-74	2.8244239986333606e-75	5.125603590148417e-75
K02895	RP-L24, MRPL24, rplX; large subunit ribosomal protein L24	53509.67976254703	53137.385708351256	113275.71190603085	41278.31257492506	91329.71981345656	53628.384005980144	21619.73314485969	78665.53533048317	31672.326813350424	14349.211199322684	6023.948068745226	7137.249730054523	6458.004828932689	39463.7776901358	1555.8164691731968
K02896	RP-L24e, RPL24; large subunit ribosomal protein L24e	0.1459053032610239	0.1069646061534625	0.0888690783510075	0.0533121611208269	0.2414551595856927	0.0676044845726708	12.414018483031333	0.0164953021021641	0.0800076624548403	0.0081248984592913	0.46223771920272	1.5066410458687396	0.2945879684226364	0.0082744189452555	0.0
K02897	RP-L25, rplY; large subunit ribosomal protein L25	23544.47194393249	21176.36402983936	78135.77319038071	31772.81146010169	122862.02575293503	53113.45854731776	9994.176305669076	33516.063075051105	22219.2611299872	7222.280071059501	8722.440109676425	4076.597929819922	2090.1884757113166	67045.125987948	949.9974779173832
K02899	RP-L27, MRPL27, rpmA; large subunit ribosomal protein L27	53364.14746482348	52832.76083505399	113422.48536099552	40405.20145939798	90289.3433866899	52575.57652150568	20532.47112477181	78038.35675587316	31203.320887051017	14177.255185213313	5983.40904758855	6221.567429168882	6227.264391369087	39042.34437348141	1545.8968393897665
K02902	RP-L28, MRPL28, rpmB; large subunit ribosomal protein L28	46319.52078534497	48414.76051532696	110241.3338070757	36118.61610283496	88004.95751278123	50190.3434707952	16913.369141863608	73201.31779588193	28688.34392371303	12486.346587087028	5665.242724472789	6041.56885110113	5610.7419258377	38765.5917576359	1434.8083663215257
K02904	RP-L29, rpmC; large subunit ribosomal protein L29	53515.17995130788	53197.04565649439	113239.3889295108	41284.10405390927	91311.41906821464	53616.65598237975	21299.99918393502	78635.60773337499	31578.062323052647	14319.86721710608	5999.092956241484	6635.746059720887	6377.5057634949	39286.75284533639	1559.1475373706098
K02905	RP-L29e, RPL29; large subunit ribosomal protein L29e	0.0	3.539971341225798e-25	0.0	0.0	0.0	0.0	0.0	0.0	0.0	0.0	0.0	0.0	0.0	0.0	0.0
K02906	RP-L3, MRPL3, rplC; large subunit ribosomal protein L3	53777.55587538011	53367.81001674067	113432.3703000053	41441.40980843057	91308.38995216094	53653.87045623445	21440.969555599688	79028.42557826394	31570.11731662121	14303.170838795666	6020.122055621155	6597.32219378683	6447.073018926256	39183.76168333194	1560.1306696988802
K02907	RP-L30, MRPL30, rpmD; large subunit ribosomal protein L30	53143.85723087922	52423.83056399437	109765.31272328824	37300.372310879466	90204.94844673832	52434.93925705479	19765.676936911816	77804.28437238908	29141.839906207548	13671.156106351624	5865.7947162513465	6107.5306103516905	5648.635791755887	38277.36674565734	1527.2493991759804
K02909	RP-L31, rpmE; large subunit ribosomal protein L31	53551.615886440064	53296.10620876769	113366.07721416638	41411.57309301857	91570.27244790152	53873.87178178174	21691.38100733287	78682.71030249188	31609.6578558772	14424.340085797066	6051.239920856879	6578.418463578004	6514.558235838304	39444.303135722126	1573.1487938514592
K02910	RP-L31e, RPL31; large subunit ribosomal protein L31e	1.1922301883658958e-74	2.8446962950348026e-74	5.85704996030856e-74	7.760454222433155e-74	1.5521456344769053e-73	3.0435839597300324e-73	5.271344964277703e-74	5.020406808822014e-74	2.050241436059367e-74	7.112288637489748e-74	7.528144663670683e-75	4.267044442552204e-74	8.388347510975122e-74	5.648847997266721e-75	1.0251207180296834e-74
K02911	RP-L32, MRPL32, rpmF; large subunit ribosomal protein L32	52891.540604302674	52607.82072806454	110499.92688943642	40190.16068034276	90197.71452737716	52484.03530179024	20359.502771810094	77183.5227049609	30796.70654247508	14097.680326693671	5965.388364248726	6004.954480995148	6144.621212313768	38974.82999292381	1532.333777058874
K02913	RP-L33, MRPL33, rpmG; large subunit ribosomal protein L33	51658.37314334376	56315.498870447416	127711.08858834002	39239.15111117462	79027.36795147044	48571.00891266341	21465.710025306664	84868.5747481529	30678.82583228171	14389.288532701034	5323.726861238549	6063.753436929168	5867.341016658264	32711.543862834715	1450.475939510556
K02914	RP-L34, MRPL34, rpmH; large subunit ribosomal protein L34	49016.45660602975	43717.09106982955	94938.9735481113	37187.99880639913	88736.18095204025	51229.95376756723	16550.687933174697	65912.7077663773	28948.781332630457	12577.972233859591	5668.535774811199	5562.697598758428	5092.110113403326	38199.59707278085	1383.4938434728758
K02916	RP-L35, MRPL35, rpmI; large subunit ribosomal protein L35	53198.21280895981	52765.2372399919	112178.5828063268	38809.85310834882	90696.3118827336	53047.670948947656	20603.6361135878	77191.51120671956	31355.108399009245	14103.797787426727	5911.892684935088	6467.602954894872	6048.417748503054	39129.30621942123	1514.265867605977
K02918	RP-L35e, RPL35; large subunit ribosomal protein L35e	5.961150941829479e-75	1.4223481475174013e-74	2.92852498015428e-74	3.880227111216577e-74	7.760728172384526e-74	1.5217919798650162e-73	2.635672482138852e-74	2.510203404411007e-74	1.0251207180296834e-74	3.556144318744874e-74	3.764072331835341e-75	2.133522221276102e-74	4.194173755487561e-74	2.8244239986333606e-75	5.125603590148417e-75
K02919	RP-L36, MRPL36, rpmJ; large subunit ribosomal protein L36	31248.377417804877	35103.99258990258	83134.39780755853	27663.58346998249	32022.323608728337	23743.4865877942	15151.837997889546	55292.85521765536	22883.260498332413	10764.081893325249	2327.660184494228	4301.149356589228	4504.535715472345	10998.704866037924	1065.2908999980084
K02926	RP-L4, MRPL4, rplD; large subunit ribosomal protein L4	54114.64227866132	53461.2300008012	113423.61411950318	41463.254444776096	91283.60695323888	53661.27477925475	21455.546458084824	79558.48656488981	31790.488855560317	14364.430710288949	6020.988129451947	6540.72554876098	6492.594635676956	39197.54492834241	1584.9358305993187
K02927	RP-L40e, RPL40; large subunit ribosomal protein L40e	1.1922301883658958e-74	2.8446962950348026e-74	5.85704996030856e-74	7.760454222433155e-74	1.5521456344769053e-73	3.0435839597300324e-73	5.271344964277703e-74	5.020406808822014e-74	2.050241436059367e-74	7.112288637489748e-74	7.528144663670683e-75	4.267044442552204e-74	8.388347510975122e-74	5.648847997266721e-75	6.045523035095728e-08
K02929	RP-L44e, RPL44; large subunit ribosomal protein L44e	5.961150941829479e-75	1.4223481475174013e-74	2.92852498015428e-74	3.880227111216577e-74	7.760728172384526e-74	1.5217919798650162e-73	2.635672482138852e-74	2.510203404411007e-74	1.0251207180296834e-74	3.556144318744874e-74	3.764072331835341e-75	2.133522221276102e-74	4.194173755487561e-74	2.8244239986333606e-75	5.125603590148417e-75
K02931	RP-L5, MRPL5, rplE; large subunit ribosomal protein L5	53620.41244908527	53213.443952026304	113391.38880981208	41326.836929724894	91319.7134344564	53639.74595288117	21552.231849437987	78759.86937322957	31612.5356079596	14337.166807811413	6024.171499315244	7022.421099157979	6495.130568655495	39324.48606514212	1558.680375586007
K02933	RP-L6, MRPL6, rplF; large subunit ribosomal protein L6	53593.7775952532	53219.67429859913	113366.37952048334	41324.46554963854	91285.63429765144	53634.67132974428	21410.030988492	78707.75565294591	31529.46983335625	14300.419541451123	6010.373349561572	6512.084034358419	6422.388177506345	39187.32235215639	1560.6189531867387
K02935	RP-L7, MRPL12, rplL; large subunit ribosomal protein L7/L12	53524.42898471326	53064.41513356144	113163.8377061969	40575.20110133332	90933.24772312774	53131.94775042931	20629.41415140061	78535.61486183372	31252.493805206293	14206.829496294746	5988.449793809876	6054.197136521432	6200.079917160665	39071.657377860734	1601.529507581734
K02936	RP-L7Ae, RPL7A; large subunit ribosomal protein L7Ae	2.361564845085428e-14	1.047423504603558e-13	2.5187218638908753e-14	4.934961667219049e-13	2.469554206026066e-13	2.99545956402696e-13	3.174576564881656e-13	6.831018401980179e-14	6.406928379181135e-14	9.125051617100333e-14	4.4074124648920557e-14	4.564569483697503e-14	7.136612478968799e-14	3.2532906080395506e-13	0.0
K02939	RP-L9, MRPL9, rplI; large subunit ribosomal protein L9	53687.258471733134	53117.3206002863	113218.60454724026	41220.48005333424	91002.82967099056	53457.42530596693	21348.36382443123	78863.39601273705	31520.91480911289	14184.397878741016	5986.534267485857	6595.451960465301	6397.004345119596	39077.06895989096	1539.8582893578832
K02941	RP-LP0, RPLP0; large subunit ribosomal protein LP0	5.961150941829479e-75	1.4223481475174013e-74	2.92852498015428e-74	3.880227111216577e-74	7.760728172384526e-74	1.5217919798650162e-73	2.635672482138852e-74	2.510203404411007e-74	1.0251207180296834e-74	3.556144318744874e-74	3.764072331835341e-75	2.133522221276102e-74	4.194173755487561e-74	2.8244239986333606e-75	5.125603590148417e-75
K02943	RP-LP2, RPLP2; large subunit ribosomal protein LP2	1.1922301883658958e-74	2.8446962950348026e-74	5.85704996030856e-74	7.760454222433155e-74	1.5521456344769053e-73	3.0435839597300324e-73	5.271344964277703e-74	5.020406808822014e-74	2.050241436059367e-74	7.112288637489748e-74	7.528144663670683e-75	4.267044442552204e-74	8.388347510975122e-74	5.648847997266721e-75	1.0251207180296834e-74
K02945	RP-S1, rpsA; small subunit ribosomal protein S1	68766.99020561864	53956.71172470848	119565.85357867998	37857.93627712503	93213.40052306544	55257.38142294535	15978.732004577998	85219.0909402392	32723.51555896404	12526.105722991571	5733.013383985628	7510.108190078394	5761.90412229649	38315.36802911311	1707.3794009108192
K02946	RP-S10, MRPS10, rpsJ; small subunit ribosomal protein S10	53273.61718228177	52988.10534283068	113170.0719252434	41227.65787665472	91128.03131975354	53489.23607964627	21175.13438073422	78548.44756757567	31375.506094516488	14203.667982359097	5996.369879641768	6484.41903234774	6386.850976496456	39109.65807899418	1551.2105306683975
K02948	RP-S11, MRPS11, rpsK; small subunit ribosomal protein S11	53989.64774207835	53378.536265878	113285.0921936522	41594.74885357987	91432.97139490026	53785.66378844049	21609.412758832925	79246.26161592666	31758.870441491523	14378.908415277056	6018.519158188465	6488.0804542196975	6511.52099522567	39189.00968404765	1576.7475898303635
K02950	RP-S12, MRPS12, rpsL; small subunit ribosomal protein S12	53375.92142592923	53209.58006765919	113365.87367600545	41239.90824702558	90687.16146761444	53113.63750823485	21426.05377096465	78340.38683098638	31529.36298545604	14293.807807903808	6009.6015655060855	6524.143986037543	6426.190459839087	39194.05054421529	1554.790493349095
K02952	RP-S13, rpsM; small subunit ribosomal protein S13	53565.459558136514	53228.31147165742	113142.59086852512	41555.35274996719	91376.697740978	53724.1072649353	21452.36874472444	78635.64557187077	31411.750575119266	14275.350716076297	6024.141884650144	6277.56239816285	6438.048828988679	39081.45096669158	1559.690895459171
K02954	RP-S14, MRPS14, rpsN; small subunit ribosomal protein S14	51585.36239716441	46196.01363355361	100802.0490001785	40148.08536672089	91603.65366993326	54378.89426030108	18951.162522985134	72095.81270597837	30336.11731558332	13758.159444380311	6049.339337368151	5977.831458881679	6291.4005053750025	38990.16112687327	1505.8229947573154
K02956	RP-S15, MRPS15, rpsO; small subunit ribosomal protein S15	53275.53908381062	53110.16397854578	111258.34215662908	41293.60377437074	91289.1716403577	53636.831116043264	21387.047724931497	78119.88841171181	31146.15103752574	14272.81996694878	6008.890003218773	6488.002308886667	6423.370476202189	39187.12762021017	1559.437791211384
K02957	RP-S15Ae, RPS15A; small subunit ribosomal protein S15Ae	3.16702014514478e-05	0.0001404666633008	3.3777784673409865e-05	0.0006618121474887	0.000331184127181	0.0004017116363746	0.0004257324525391	9.160863372414942e-05	8.592129615916763e-05	0.0001223731897812	5.910641875163253e-05	6.121400197359459e-05	9.570685952588444e-05	0.0004362885446534	0.0
K02958	RP-S15e, RPS15; small subunit ribosomal protein S15e	5.961150941829479e-75	1.4223481475174013e-74	2.92852498015428e-74	3.880227111216577e-74	7.760728172384526e-74	1.5217919798650162e-73	2.635672482138852e-74	2.510203404411007e-74	1.0251207180296834e-74	3.556144318744874e-74	3.764072331835341e-75	2.133522221276102e-74	4.194173755487561e-74	2.8244239986333606e-75	5.125603590148417e-75
K02959	RP-S16, MRPS16, rpsP; small subunit ribosomal protein S16	53548.30782747538	52861.64034805393	112924.35582730491	40410.740027535765	90922.68116067188	53084.12667829695	20192.96864642856	78394.55533114684	31201.194395542305	14182.140053248266	5968.267416098041	6186.983452108298	6199.131946615713	38958.88164812607	1542.931621066347
K02961	RP-S17, MRPS17, rpsQ; small subunit ribosomal protein S17	52152.97950896532	51230.40692164048	112822.46652457252	41112.31591531678	90649.66110213324	53070.75635331318	21215.97766943788	77638.00232603026	31264.248336848308	14258.10843958484	5998.519021966665	6511.359501416873	6396.589329551739	39140.27766663119	1539.4140134906852
K02963	RP-S18, MRPS18, rpsR; small subunit ribosomal protein S18	53196.92002317494	52672.22016233777	112790.5911923654	38915.30805739283	90736.56301961742	53100.613006053165	20610.35795446789	77462.8544389992	31414.57940823979	14104.136908661449	5908.842356188852	6277.092857831281	6039.904762833423	39146.95510769456	1495.630103439512
K02965	RP-S19, rpsS; small subunit ribosomal protein S19	53590.10418445424	53219.78260235709	113369.8405232815	41322.61814352016	91283.1218774636	53631.03111127862	21401.60335107702	78704.92059403806	31525.18804486729	14302.801753628784	6010.611241629989	6522.981384580469	6423.805687545688	39190.81408317916	1560.7529967679047
K02966	RP-S19e, RPS19; small subunit ribosomal protein S19e	2.9805754709147392e-74	7.111740737587006e-74	1.4642624900771398e-73	1.940113555608289e-73	3.880364086192263e-73	7.60895989932508e-73	1.3178362410694256e-73	1.2551017022055032e-73	5.125603590148416e-74	1.778072159372437e-73	1.8820361659176707e-74	1.0667611106380508e-73	2.09708687774378e-73	1.41221199931668e-74	2.562801795074208e-74
K02967	RP-S2, MRPS2, rpsB; small subunit ribosomal protein S2	53880.33616077661	53338.76879938242	113690.48497442728	41354.760184179366	91306.6945012588	53637.70373663706	21466.54354559882	78996.67341042808	31607.057143305217	14466.928530903337	6003.575711135104	6578.100505506439	6411.270846735246	39171.4853242879	1562.4355109305848
K02968	RP-S20, rpsT; small subunit ribosomal protein S20	52896.49299396154	52688.60996381323	112990.26421114778	38751.17035409296	89974.74844042266	52386.07022940711	20563.992581957027	76698.23025079307	31390.95981451577	14073.313586737888	5889.472883981721	6309.465976588426	5985.415032481744	39119.7109487624	1512.5504838422194
K02970	RP-S21, MRPS21, rpsU; small subunit ribosomal protein S21	51540.77037099549	51486.224270415776	111984.49437925924	38471.38014665953	87848.3105961654	51375.7725092696	19833.7651607752	76393.20133367933	30733.577901356817	13120.157970056644	5706.949080964097	5694.3871312614165	6024.014787080481	38154.41407521163	1491.7194956908138
K02972	sra; stationary-phase-induced ribosome-associated protein	9.85	53.11	21.84	74.1	156.34	157.84	83.95	70.03	75.11	74.1	32.12	25.91	73.67	69.82	15.42
K02977	RP-S27Ae, RPS27A; small subunit ribosomal protein S27Ae	12.1212115733075	12.21097866561138	8.151164264806912	2.346577952132752	2.133077264342706	2.688742173467256	2.0824452548456227	37.95532387951821	1.861351969617969	1.9052380226882537	3.0020361269413875e-06	0.0081946854111148	1.2644043667797344	1.3053684748390528	0.3589540611897485
K02981	RP-S2e, RPS2; small subunit ribosomal protein S2e	0.0	6.235590017737937e-20	0.0	0.0	0.0	0.0	0.0	0.0	0.0	0.0	0.0	0.0	0.0	0.0	0.0
K02982	RP-S3, rpsC; small subunit ribosomal protein S3	53616.95707618255	53281.85344616245	113289.31070738028	41393.570551602206	91846.78056297754	53943.742029823006	21347.244182288006	78686.27902027688	31571.658855128648	14486.109691594032	6056.097961639678	6590.805060942546	6420.448595511826	39410.42729532423	1567.3823631175771
K02984	RP-S3Ae, RPS3A; small subunit ribosomal protein S3Ae	0.0	8.237927548970827e-37	0.0	0.0	0.0	0.0	0.0	0.0	0.0	0.0	0.0	0.0	0.0	0.0	0.0
K02986	RP-S4, rpsD; small subunit ribosomal protein S4	53637.7038420405	54244.89369111657	113778.1882824964	47441.1301542253	149909.8337915691	77377.35601707686	21951.29192741621	78933.37106767677	31593.574361563133	14407.447435703609	10010.808139200331	6815.139119043273	6680.317794287041	71475.23338856168	1634.718962060383
K02988	RP-S5, MRPS5, rpsE; small subunit ribosomal protein S5	52366.155143174765	51337.96519325926	113989.918898772	41171.97538905398	90627.52734635504	53001.04003902338	21134.919314799077	77955.65176115374	31450.970286140546	14284.9081780814	5994.609696287169	6496.106527334346	6369.825030282438	39096.11195665985	1539.8798397967112
K02989	RP-S5e, RPS5; small subunit ribosomal protein S5e	5.961150941829479e-75	1.4223481475174013e-74	2.92852498015428e-74	3.880227111216577e-74	7.760728172384526e-74	1.5217919798650162e-73	2.635672482138852e-74	2.510203404411007e-74	1.0251207180296834e-74	3.556144318744874e-74	3.764072331835341e-75	2.133522221276102e-74	4.194173755487561e-74	2.8244239986333606e-75	5.125603590148417e-75
K02990	RP-S6, MRPS6, rpsF; small subunit ribosomal protein S6	53146.29345233069	52570.24326578797	112867.0462349096	38798.62332543108	90742.79701838356	53021.69338870811	20137.380107588822	76966.00462093185	31286.857597742823	13998.621237513707	5852.077689378291	6439.194100496559	6002.951029692238	39067.86190047694	1488.6492845990122
K02991	RP-S6e, RPS6; small subunit ribosomal protein S6e	0.0	0.0	0.0	0.0	0.0	0.0	0.0	0.0	0.0	0.0	0.0	0.0	0.0	0.0	8.30665733821843e-06
K02992	RP-S7, MRPS7, rpsG; small subunit ribosomal protein S7	52636.59972941471	51369.88409869822	113013.78884949043	41287.92985927881	91283.1929098095	53631.24216779082	21452.96956450335	78468.22961512778	31341.85773534741	14296.519393305334	6016.638473328347	6714.663961016155	6470.362689653371	39182.5244712168	1542.2019609528895
K02994	RP-S8, rpsH; small subunit ribosomal protein S8	53791.067117000326	53232.51582778024	114359.7217847805	41333.62951637428	91301.27905809856	53651.41733947257	21394.23875417809	78954.28207355746	31692.91364632646	14328.787029439616	6007.829928810095	6540.830653780291	6419.341636223444	39192.36195116704	1556.5355877358302
K02996	RP-S9, MRPS9, rpsI; small subunit ribosomal protein S9	53500.87382698576	52909.2222266935	112982.07402583332	40519.0722897941	91432.97852480096	53404.67209849419	20559.03789153949	78394.00936239888	31244.18007962313	14356.414154304312	6035.500176852565	6236.17029791528	6233.653487628132	39248.48187900428	1547.824154609952
K03006	RPB1, POLR2A; DNA-directed RNA polymerase II subunit RPB1 [EC:2.7.7.6]	135.47954519796482	15.138120439726828	76.39766317517116	35.231461564472006	9.595944447134706	17.411534363952136	120.8771827252322	106.9206132607744	30.076184225689182	20.12768151322761	25.42320064845248	589.6450259793675	171.57348758598323	0.0521837114369553	0.0013875474136228
K03010	RPB2, POLR2B; DNA-directed RNA polymerase II subunit RPB2 [EC:2.7.7.6]	101.6079697472634	11.34288415078048	57.297927169015175	26.417499416860117	7.194016484607505	13.049770671075391	90.58240850467632	80.18378205275617	22.552560638953818	15.092332667215496	19.06329871410213	442.2252043823688	128.67240358214195	0.015005219047157	0.0
K03013	RPB5, POLR2E; DNA-directed RNA polymerases I, II, and III subunit RPABC1	0.0111056472631154	0.0311932845107971	0.0021052973440104	0.040084290056963	0.0193417596100699	0.0583839259768065	0.4962480727735849	0.0439050818623238	0.0300958473572347	0.0225411157694825	0.0269678850171953	0.0563129000838166	0.0507047227668445	0.158664154853401	0.0059346345095196
K03015	RPB7, POLR2G; DNA-directed RNA polymerase II subunit RPB7	5.961150941829479e-75	1.4223481475174013e-74	2.92852498015428e-74	3.880227111216577e-74	7.760728172384526e-74	1.5217919798650162e-73	2.635672482138852e-74	2.510203404411007e-74	1.0251207180296834e-74	3.556144318744874e-74	3.764072331835341e-75	2.133522221276102e-74	4.194173755487561e-74	2.8244239986333606e-75	5.125603590148417e-75
K03018	RPC1, POLR3A; DNA-directed RNA polymerase III subunit RPC1 [EC:2.7.7.6]	0.0008562270014288	0.0037976187206513	0.0009132070514348	0.0178925742364557	0.0089538044957445	0.0108605671605665	0.0115099874501085	0.0024767062463709	0.0023229449260697	0.0033084484638452	0.0015979851523993	0.0016549652024053	0.0025875047708065	0.0117953791016809	0.0
K03021	RPC2, POLR3B; DNA-directed RNA polymerase III subunit RPC2 [EC:2.7.7.6]	33.86932324908775	3.7809613835934632	19.09930905633839	8.805833138953359	2.398005494869145	4.349923557025111	30.194136168225445	26.727927350918726	7.517520212984604	5.0307775557384975	6.354432904700712	147.4084014607896	42.89080119404733	0.0050017396823856	0.0
K03030	PSMD14, RPN11, POH1; 26S proteasome regulatory subunit N11	0.0042309580734633	0.011883816927729	0.0008020626428743	0.0152710550423183	0.0073686991886582	0.0222427326494058	0.1890573993751066	0.0167266757326616	0.0114657223786236	0.0085875693230878	0.0102740514023603	0.0214537265235368	0.0193171591957182	0.0604468493408558	0.0022609388895771
K03032	PSMD1, RPN2; 26S proteasome regulatory subunit N2	0.0002671452574686	0.0011848678320156	0.0002849231949829	0.0055825340046493	0.0027936124454709	0.0033885278150814	0.0035911487907871	0.0007727393865843	0.0007247654177278	0.0010322453218841	0.0004985759083239	0.0005163538458381	0.0008073088410491	0.003680191797036	0.0
K03034	RPN4; 26S proteasome regulatory subunit N4	0.0005818197683105	0.0016342018737795	0.0001102955625995	0.0020999975779257	0.0010133059180105	0.0030587071136058	0.0259982090089076	0.0023001671088215	0.0015767076444658	0.001180918720336	0.0014128351316039	0.0029502070166119	0.0026563971782568	0.0083123423271864	0.000310912780996
K03040	rpoA; DNA-directed RNA polymerase subunit alpha [EC:2.7.7.6]	58553.163209513805	54115.825013400994	114802.98289306655	42058.92284456422	92718.85996824538	55011.36753358929	22094.97541377426	80878.25653980812	32364.341070687333	14618.14963589995	6058.577220272439	6911.355236032254	6628.425162551997	39345.545447317214	1593.6390746724842
K03041	rpoA1; DNA-directed RNA polymerase subunit A' [EC:2.7.7.6]	33.86932324908775	3.7809613835934632	19.09930905633839	8.805833138953359	2.398005494869145	4.349923557025111	30.194136168225445	26.727927350918726	7.517520212984604	5.0307775557384975	6.354432904700712	147.4084014607896	42.89080119404733	0.0050017396823856	0.0
K03043	rpoB; DNA-directed RNA polymerase subunit beta [EC:2.7.7.6]	56463.46403806134	54634.410383736125	119471.9236966106	42162.63129993733	92287.38861786532	54450.86806433533	22351.38257264924	83379.62171152397	33239.592527438246	14992.87219555189	6136.589412910451	7221.820025177144	6679.947117870414	39478.11886222252	1658.3505405520918
K03045	"rpoB2; DNA-directed RNA polymerase subunit B"" [EC:2.7.7.6]"	33.86932324908775	3.7809613835934632	19.09930905633839	8.805833138953359	2.398005494869145	4.349923557025111	30.194136168225445	26.727927350918726	7.517520212984604	5.0307775557384975	6.354432904700712	147.4084014607896	42.89080119404733	0.0050017396823856	0.0
K03046	rpoC; DNA-directed RNA polymerase subunit beta' [EC:2.7.7.6]	54622.43096913967	53704.13512328951	117948.28617391484	41601.95492179928	90794.756801206	53221.57621679991	22446.48909635816	80297.74643954917	32488.37258344847	14488.302790889258	6080.828225338672	7369.493997186594	6637.344395481652	39607.68664462887	1594.7962437410697
K03048	rpoE; DNA-directed RNA polymerase subunit delta	1040.7673521966094	6103.946245899468	17091.632335885126	1262.0236855586834	4984.118259967792	3650.309294119118	3131.913381892641	9299.89733713903	568.0236980774413	2147.0998365734954	627.6298326518731	446.4740405002589	207.21625906214655	1741.987583555089	9.41067078671483
K03060	rpoZ; DNA-directed RNA polymerase subunit omega [EC:2.7.7.6]	32298.18901481281	40379.59093585507	42727.3376229234	24965.524491575758	79592.82815463562	43168.79489572272	15641.995811215733	43933.73243975445	15056.970377210537	9808.874915818016	5641.447026372306	4207.880511231854	4567.643172770707	37751.43659754512	917.9111642370652
K03063	PSMC4, RPT3; 26S proteasome regulatory subunit T3	5.961150941829479e-75	1.4223481475174013e-74	2.92852498015428e-74	3.880227111216577e-74	7.760728172384526e-74	1.5217919798650162e-73	2.635672482138852e-74	2.510203404411007e-74	1.0251207180296834e-74	3.556144318744874e-74	3.764072331835341e-75	2.133522221276102e-74	4.194173755487561e-74	2.8244239986333606e-75	5.125603590148417e-75
K03068	LRP5_6; low density lipoprotein receptor-related protein 5/6	0.0074997005580592	0.0210649850216568	0.0014217180945588	0.0270691266692859	0.0130615894692872	0.0394269646654658	0.3351188688187887	0.0296493269724218	0.0203238800830588	0.0152221310933519	0.0182115510713958	0.0380283902575566	0.0342411593508562	0.1071467175668461	0.0040076891232392
K03070	secA; preprotein translocase subunit SecA	58422.43906181423	59288.13353725025	131521.08002782974	43335.80637703909	100466.3150314034	61572.081513687626	23052.288192839536	94122.18084929034	33031.75973852312	15746.510121213272	6215.15478061426	7445.92853559584	7373.101594000593	39738.59714730295	1615.2551546242753
K03071	secB; preprotein translocase subunit SecB	903.0913101490364	1671.914850442335	4943.151575678367	432.777875448533	690.8438531845234	754.5154801646275	1213.8357119829898	1864.67593776804	1230.239699180434	413.09525028272526	86.02180665628963	1094.723066850286	282.5371394477533	750.1065149789978	95.6141432418944
K03072	secD; preprotein translocase subunit SecD	13287.623978308517	20176.77957004259	17622.176992981324	25562.895871201963	78114.9969534903	41715.10590966291	14853.725906806245	25275.895532346603	8972.923035979013	6381.87171486093	5012.804152219135	4136.882031521442	4159.918327720001	35841.964597072154	708.759933686945
K03073	secE; preprotein translocase subunit SecE	50762.06867529028	50314.30838701619	95901.0863001244	39708.10776996207	89971.39604068128	52485.88302342182	19344.79002526045	73741.16305165917	28140.482699912496	13595.797942544476	5855.19049140276	5905.852319480131	6046.930539079425	38505.85545251113	1520.8544851108336
K03074	secF; preprotein translocase subunit SecF	13126.531759965415	19573.891047028097	17163.120389362917	23117.364549750408	78183.31281071529	41644.33923915542	13923.906344450374	24139.0097377009	8826.648040017186	6191.95252900799	4882.630462384079	3913.146639230746	3713.833770411124	35726.57856550585	662.8028525866393
K03075	secG; preprotein translocase subunit SecG	51045.2701744401	52589.00810441151	114879.788614691	40002.35336580373	83773.85304338168	47141.49201640145	20919.653018997516	73338.18787125492	31538.528735359418	14068.705556921015	5981.116561275359	6459.819464850218	6331.126484129076	39092.04742627568	1494.4502836354477
K03076	secY; preprotein translocase subunit SecY	53369.921057946805	57238.01652709182	129121.67733711388	44518.02793764934	114429.09812860042	63174.521491051884	24556.53524068275	85844.09287871968	32723.92978984972	15262.443891220042	7706.066688487735	6992.700709524308	6723.370299177183	52226.36724437741	1646.1251145673366
K03077	araD, ulaF, sgaE, sgbE; L-ribulose-5-phosphate 4-epimerase [EC:5.1.3.4]	10555.355759140406	9868.794762141744	28693.199987358348	13167.800098438733	49941.48170652102	22256.07326883161	12303.670362991434	11421.641936742964	11131.944889485463	5416.8484819178375	3894.448781983122	2398.862882154452	1210.9198257666935	27093.32924330394	306.9626913880613
K03078	ulaD, sgaH, sgbH; 3-dehydro-L-gulonate-6-phosphate decarboxylase [EC:4.1.1.85]	21.011453504624043	107.16118482394695	75.26249579030963	146.6576597134812	375.6005979445042	282.83757404676885	160.02290974421845	140.74345607394713	113.89279666738184	152.0978932540001	53.59927964866403	74.5522573295891	87.42397896497758	153.56808010626278	15.841752761314302
K03079	ulaE, sgaU, sgbU; L-ribulose-5-phosphate 3-epimerase [EC:5.1.3.22]	6490.547843908214	3509.7117572114357	2256.229320013849	1785.1077779235338	2757.206559633789	2625.2894565462207	2105.430876062375	4733.024370371613	2540.960614457621	1935.106925234009	265.88078358675256	861.8470008106867	636.2321858377138	677.8187310844594	140.4197471082465
K03086	rpoD; RNA polymerase primary sigma factor	82538.1813387202	75576.58956277503	203053.6678916508	46907.39130981258	99802.85117959297	62018.985158214215	31765.393503498584	111315.12085428434	50158.01424877942	19709.46089472504	6935.920282716039	9518.95350837929	8059.852028400971	43183.28309928801	2094.2492861156006
K03087	rpoS; RNA polymerase nonessential primary-like sigma factor	114.2401271773572	1068.1186840359856	587.7054937250732	1519.6512542138262	1307.1369634948635	758.5172751630265	906.6468910244862	270.68287499050376	344.9818428078709	316.21560039207304	138.11851530554637	329.08014604815014	181.53696550684785	699.0162302855736	85.13202137842957
K03088	rpoE; RNA polymerase sigma-70 factor, ECF subfamily	459844.6133563716	331302.7414787316	863487.2040094095	268155.5430983128	359631.5747338913	276898.7669859482	113512.21858949924	601935.6495633356	249991.6884147026	93051.4464716696	16676.839692707137	46690.83362404112	43101.22728899314	99245.90457080815	12186.103855101524
K03089	rpoH; RNA polymerase sigma-32 factor	222.350267625861	258.3623772477615	1079.6099505286516	248.5175923467743	466.676913741656	351.8472079190507	760.9749121690865	946.7638619359388	396.43696031472905	197.8865030226751	71.46427941940526	1007.5407543464006	147.13632141160952	743.8230911720052	66.61382319108274
K03090	sigB; RNA polymerase sigma-B factor	940.2870261520588	3843.18693541864	3533.7316591877707	8686.422688502367	6680.637741340104	5308.896789035093	7057.103381299549	2713.10180449758	3871.18228180364	3662.432241334658	817.1887811917081	1138.6651770994824	798.7915913233151	1268.9232936055212	115.39761889241436
K03091	sigH; RNA polymerase sporulation-specific sigma factor	176781.75137028575	164698.44548516517	127500.6435757136	119303.69389703652	422878.46749707457	241839.11697977228	75045.2692982034	218986.0849466478	63375.90164080856	40290.480546677485	25708.04353651693	19889.79954804721	26736.299825358223	180226.31696324132	4486.435120134082
K03092	rpoN; RNA polymerase sigma-54 factor	30785.64985900277	29800.72398482228	97592.62177163904	26608.131259443624	10753.727350555746	11745.186344568356	14927.413349701528	53125.60634431159	26443.908266861887	9328.123038934576	1248.080274407002	5338.165775113996	3818.483511774664	4229.506037906762	1096.9417195599378
K03093	sigI; RNA polymerase sigma factor	3524.860131337344	5091.2435878824	10533.45066965797	9280.500425682674	13896.64223667048	7563.94794785976	3561.939148824956	3831.651076890871	3118.813402371343	3337.96459266365	1124.559395942223	919.1470411490708	856.3623642840364	8109.646388228038	148.88396088705684
K03095	sprL; SprT-like protein	824.9561392552109	5383.236401347378	16249.61763897668	45.79970151397052	750.9090510071312	1168.0901269692188	2312.7813648004067	8862.961374203023	336.33741337996844	792.0778344019799	203.3579340200561	160.59412052242672	30.920008292979485	111.31663827619532	0.0
K03098	APOD; apolipoprotein D and lipocalin family protein	1107.8901849787512	1210.9751152550452	9211.519600412446	5729.830566662936	1178.4257440356869	1388.136039622082	1923.5561742771272	3417.596673752262	3723.842607020653	908.6610440127088	218.92865035043803	1704.1284024338092	729.572146042765	1544.1293745153378	143.63832117807482
K03100	lepB; signal peptidase I [EC:3.4.21.89]	103061.36278400203	103957.76710299336	228476.337372139	64723.25183857519	121288.72872770004	80917.97666044495	39108.88224853318	146483.83056579897	55479.08195020417	26579.4896605967	7845.20957809072	12405.976331902126	11421.359444776012	44478.97102164439	2896.918335549756
K03101	lspA; signal peptidase II [EC:3.4.23.36]	65443.50624748845	57015.99163535911	118839.7897371393	43152.79837992336	88514.78198693212	51854.38093470785	24897.19866662146	80532.14562414555	35548.2956753568	16157.777142799703	6240.908332202293	7469.352991932259	7353.643869631763	39853.21373475492	1685.3926236068578
K03102	SQD; squid	0.0	1.907812804538516e-15	0.0	0.0	0.0	0.0	0.0	0.0	0.0	0.0	0.0	0.0	0.0	0.0	0.0
K03105	SRP19; signal recognition particle subunit SRP19	14.886562030805637	4.0278896124876855	72.01865100796047	16.59022062015284	2.4975398981689847	7.538930659797712	99.54468327506548	38.689157965962025	10.000965190472392	2.91066258285027	5.520538597931358	7.271505673541315	6.547339574514526	20.487797653592	0.7663204779390632
K03106	SRP54, ffh; signal recognition particle subunit SRP54 [EC:3.6.5.4]	53835.42840261614	52827.00870616656	113291.97280122568	38225.54774386514	90699.1216825086	52704.17667301869	19704.406405368587	78022.26508143544	31336.82588700133	14041.840388177816	5902.53089075786	6474.304958273382	5905.276911133391	38909.058026256615	1500.8648516020992
K03110	ftsY; fused signal recognition particle receptor	54441.4400414614	52464.97858495624	106277.8639476157	39041.00151006632	90811.8605217618	53063.8771579442	20570.154729359096	79202.91362521554	31785.3816981902	14352.101960180087	5950.281832546313	7034.514132312293	6170.033220108965	38775.95578601622	1559.101951730799
K03111	ssb; single-strand DNA-binding protein	88163.94662141714	80071.67676762592	157665.8345154703	75731.22149356059	275520.3012800791	138112.03834699557	37451.99154829895	120802.30950100075	47443.36127937568	23056.26346913881	18583.59190843351	12341.023570968624	11591.237301408628	134387.65802759008	2602.7117802064067
K03112	damX; DamX protein	10.000005523981311	53.5317518649995	27.05866290499173	85.02588627553001	184.4735014787148	242.5105168531582	165.46570702302233	76.08275824129998	82.07650958621149	93.53493944523674	32.48411391940882	129.6798162722114	77.6344773032549	107.75296698677434	15.613121837186892
K03113	EIF1, SUI1; translation initiation factor 1	13134.187500336708	8912.59808919502	41104.37182077246	9104.663548947956	1234.78839225933	1132.7101776997936	1032.0024254044308	18765.16153522841	10324.11293619206	2933.962265398506	31.198475062451397	1671.5631872290476	165.11589033539752	714.8935864728093	557.2319252685975
K03116	tatA; sec-independent protein translocase protein TatA	17605.346586629374	12152.9344454911	63414.16145588084	15480.510441416944	6342.39927277112	4926.516192893289	2884.493271532	26468.671657131395	15926.5621275234	4960.499051008029	581.4628823782248	2511.578091918005	844.4240067507749	3099.899961842112	655.7412037064346
K03117	tatB; sec-independent protein translocase protein TatB	486.2213140213311	568.4207060286436	2513.268745898749	3038.082795679442	1974.864885243852	1605.5632434586128	1114.0610438638605	827.523750288078	1405.9192053460074	673.920882633084	170.8713524235784	1262.1139700396016	455.9311558232976	963.876378500596	100.52873702105828
K03118	tatC; sec-independent protein translocase protein TatC	16890.89432011852	11527.347886143783	60981.74642522562	15034.484974240322	5961.719164047898	4524.3640726582025	2594.440680149104	25371.786446468912	15710.139764695365	4788.434335933624	574.5888760340853	2443.178782994917	749.052743761235	2876.143449369837	651.7099564514244
K03119	tauD; taurine dioxygenase [EC:1.14.11.17]	22.903852616573317	109.99428568872904	469.6407216073901	1171.2573667321524	1610.3632398554223	898.441374005655	1405.7807629424624	222.49559440616952	476.00484001929095	419.163564313798	147.97139005894527	2107.0688947976955	220.17729677561243	1094.667330085582	66.94323154876389
K03120	TBP, tbp; transcription initiation factor TFIID TATA-box-binding protein	0.001193537021634	0.0033523791101895	0.0002262587908739	0.0043079059721093	0.0020786817383298	0.0062745894472178	0.0533323662040804	0.0047185309778924	0.0032344362437664	0.0024225203216359	0.0028982704385087	0.006052013849642	0.0054492964129083	0.0170518240258509	0.000637802176601
K03125	TAF1; transcription initiation factor TFIID subunit 1	0.0028354075471096	0.0125758668712976	0.0030240977700902	0.0592515068347581	0.0296506473169045	0.035964918230296	0.0381154824932094	0.0082016469595281	0.0076924642225812	0.0109559728062255	0.0052917499141244	0.005480440137105	0.0085685578042779	0.0390605608911096	0.0
K03126	TAF12; transcription initiation factor TFIID subunit 12	0.0	0.0	0.0	0.0	7.14	7.14	0.0	0.0	4.86	7.903872500101413	0.0	76.86	0.0	0.0	0.0
K03129	TAF4; transcription initiation factor TFIID subunit 4	0.1317217625450522	0.5842247797879349	0.1404875601713421	2.7525894546200687	1.3774511989169338	1.6707871233228486	1.7706937894619017	0.3872653858917913	0.3573613065768359	0.5089709413740757	0.24583366378729	0.2545994614135799	0.3980611314938418	1.8145983746922505	0.0
K03130	TAF5; transcription initiation factor TFIID subunit 5	0.0090280144319545	0.0253576775915488	0.0017114405270563	0.0325853631540166	0.0157233235274021	0.0474615223971168	0.4034105042854076	0.0356913652395242	0.0244655478285716	0.0183241474952231	0.0219227613993409	0.0457779418539954	0.0412189364619614	0.1289814313306876	0.0048243893157186
K03146	THI4, THI1; cysteine-dependent adenosine diphosphate thiazole synthase [EC:2.4.2.60]	1398.7803040342535	547.4660973176005	11005.792078293916	290.18471732244075	238.25149909174013	329.27910153761314	90.26133171977727	2707.504748511853	1741.0821850305606	312.4356619356644	8.923988590243235	100.384466670016	92.26416182323358	24.99469668260621	10.802772109816768
K03147	thiC; phosphomethylpyrimidine synthase [EC:4.1.99.17]	18934.617763727947	23730.03094392758	59149.398320029424	20416.39607535751	8429.14155840428	8297.088819507027	10339.651113723776	28397.623259419157	18953.458445391472	8481.06504288401	925.6055783544874	4212.377986878723	2074.564401697733	4445.6545428366735	984.2896253139404
K03148	thiF; sulfur carrier protein ThiS adenylyltransferase [EC:2.7.7.73]	3497.9623507872434	8789.047879843769	10966.607366120625	6677.077402427972	5484.217007150256	5908.98379406057	7206.9754066306305	6355.278983974264	5000.339481029054	3826.0242743821127	671.3467458409561	1994.7848372608676	1254.0489990534293	2306.326135578004	278.277822510877
K03149	thiG; thiazole synthase [EC:2.8.1.10]	16667.540875306302	23178.711943820832	47855.67391586887	21353.409459469964	9353.39593906768	9401.013928616085	10252.281800285586	24913.41738839597	17110.745303022857	7664.596173351581	906.4172997381228	4771.682716114588	2220.152591003634	4336.450459635189	943.3789284117156
K03150	thiH; 2-iminoacetate synthase [EC:4.1.99.19]	31775.661610095525	44237.74116220145	72573.35518221848	37109.05364338469	79053.60712599743	44014.67379989008	21016.568232019403	43855.97341329741	26360.80255442278	13651.96695220799	5636.545159369065	6583.63967372105	4833.861775496294	38732.53257122278	1446.4060309729066
K03151	thiI; tRNA uracil 4-sulfurtransferase [EC:2.8.1.4]	36589.447992160734	42215.24609270756	39736.34053525585	24990.15007681484	88056.61710946045	50626.66419843273	18631.300600369414	51286.40817133984	14245.697378845563	10333.4803914461	5768.0769876610975	5167.001356073511	5733.703694731381	37694.30787413262	957.2197596441345
K03152	thiJ; protein deglycase [EC:3.5.1.124]	49024.55705855145	47090.72592067664	107817.45316763414	33550.956834491306	89585.44069778279	51794.55087371747	13223.815907047185	68968.20734332589	26213.971221548265	10428.560974523356	5399.612018141315	4479.132777572246	3746.742265921559	37991.3416933567	1371.6396660005685
K03153	thiO; glycine oxidase [EC:1.4.3.19]	22.37509415953962	30.82051062936929	613.1967291857663	1349.9115371371236	1231.4135912590775	580.3247959352927	891.19517358734	146.64299863551753	203.35914442250808	227.69779077410607	123.55641101087907	986.830234248236	133.3252605226908	610.2955778581403	2.745120190494956
K03154	thiS; sulfur carrier protein	15908.05938409072	25694.4796171969	49117.56862536953	19451.40056041051	8785.816864506462	8829.186581904018	10413.626314659556	23503.00896065738	15779.34064692538	8545.708770034353	960.0603339929409	4861.472342359249	2856.491196944271	5458.3488037858	858.4768147369122
K03163	TOP1; DNA topoisomerase I [EC:5.99.1.2]	101.60854525302054	11.343482425704565	57.29797336506789	26.419678720436067	7.194469427260387	13.050978039836783	90.58331290496729	80.18390734093933	22.55330827827697	15.092500030421254	19.063379550760395	442.2252881014548	128.67253447524732	0.0156019073381058	0.0
K03164	TOP2; DNA topoisomerase II [EC:5.99.1.3]	67.81617250002776	7.7469020877828	38.5794788478789	18.11629784510999	5.805309751903039	10.678969082289507	60.7310469981328	53.78231185026188	15.168359497169057	10.524039040724771	12.757818349173894	295.09427190247294	86.32706336619982	0.0467356980732263	0.0666597632468128
K03168	topA; DNA topoisomerase I [EC:5.99.1.2]	54874.04981937308	52611.73953341035	114586.89708744184	34982.48658957145	89600.20264462156	51682.70507858517	20472.949403455343	78166.1780413907	29857.680345200577	14117.159413661007	5923.016943913463	7128.517861010825	5994.160066217255	38780.22447979926	1502.590420392214
K03169	topB; DNA topoisomerase III [EC:5.99.1.2]	138245.82184645004	98204.15687031588	223993.36829324235	74779.71575466444	218132.25929611115	117429.37245750488	30878.26980795899	164091.969835968	61818.10714681172	22776.14824173881	13676.975528447498	13110.437532866734	12414.102739035668	99014.2830966672	3227.832648933146
K03170	topG, rgy; reverse gyrase [EC:5.99.1.3 3.6.4.12]	11.57231215495874	28.238009735497137	55.67596198766874	79.7224440677509	149.87544228473578	291.4992439339156	53.92235830095954	48.32747255510752	20.20405062199386	68.39290393798919	7.684453538067123	40.91483988886857	80.19460595912471	9.54737342120531	10.097739674020428
K03177	truB, PUS4, TRUB1; tRNA pseudouridine55 synthase [EC:5.4.99.25]	54197.45034604312	53602.03990603865	115492.42597393824	41628.418099727496	91098.88868691272	53494.33213151198	21183.397675106597	80113.6227151144	31925.69235340541	14403.626975855716	6019.349170048203	6779.205328438296	6538.351938176094	39135.13704588009	1586.739501564114
K03179	ubiA; 4-hydroxybenzoate polyprenyltransferase [EC:2.5.1.39]	993.0287743472244	3377.762174142775	5113.370931415933	5782.445540974866	12939.364722600236	6387.576762429012	3328.939142690506	2071.4430194113934	3687.653872015235	1413.3918615758462	1038.6092609292102	1407.7965327900336	666.6587875015032	8130.139992185354	164.65919602092345
K03181	ubiC; chorismate--pyruvate lyase [EC:4.1.3.40]	18.960923795789192	82.64635680367546	41.308662904991735	132.51588627553002	364.6335014787148	331.5005168531582	455.4737533077816	98.54535338835356	101.57650958621149	121.66493944523674	47.81411391940882	220.7554650589748	86.4093346809485	363.3029669867744	66.50002200353846
K03182	ubiD; 4-hydroxy-3-polyprenylbenzoate decarboxylase [EC:4.1.1.98]	4150.727554977028	4916.4069412197305	3016.322497039061	10854.544069739231	71457.77274359096	29554.556360792485	4354.620327904053	7270.419321396968	2709.6346847683344	2156.466833094488	5051.396648855677	1659.2282679389505	1831.732346703129	39534.57924364777	333.31801424591976
K03183	ubiE; demethylmenaquinone methyltransferase / 2-methoxy-6-polyprenyl-1,4-benzoquinol methylase [EC:2.1.1.163 2.1.1.201]	27886.49226022407	18719.185737430176	94549.02154194636	25668.35769189299	52678.38885056022	25127.84967129201	4061.26029953846	41034.36189034996	24635.78873004697	7220.2629852475475	3598.22979560286	3096.819723232296	1435.744586939482	27996.459166487886	1066.2345613451544
K03184	ubiF; 2-octaprenyl-3-methyl-6-methoxy-1,4-benzoquinol hydroxylase [EC:1.14.13.-]	39.35403627944143	195.8410475657841	75.95450824945517	258.1514329799596	543.7729639857391	549.5146665404342	341.2824124958633	248.51171554370035	254.24249211871728	260.7104861496663	112.0279487391966	91.95049495252096	258.9000043937059	244.8692729368859	53.80010605017344
K03185	ubiH; 2-octaprenyl-6-methoxyphenol hydroxylase [EC:1.14.13.-]	29.052932452846367	90.37412595140952	80.48036119630711	154.44486505326387	410.3224268622992	363.3613811978355	568.9231040634118	125.42514846711744	109.0343400093631	130.05068749959173	58.09682691692064	279.02784395544745	114.9740986866752	508.11859128679487	68.0842159283709
K03186	ubiX, bsdB, PAD1; flavin prenyltransferase [EC:2.5.1.129]	4043.570267228247	4745.742059406668	2819.1874423472373	8805.715301979617	60495.17617003166	25918.371165089888	4292.925444280739	6379.34652295587	2316.6884881386904	2113.844163533833	4332.883462374702	1551.6039538308185	1774.4437178563169	33228.90723966903	336.02095952842404
K03187	ureE; urease accessory protein	5949.520156781036	8360.08622450216	22607.03215684253	9390.860531824184	57943.25720349287	22970.122417253955	2919.112495502436	13304.98662236652	3517.970408601945	1765.9431613836168	3951.668994366183	1885.9215292337624	508.61770574057545	32583.338455217407	260.69326683047075
K03188	ureF; urease accessory protein	5949.386916408814	8361.22236864888	22609.062318819742	9390.615977036863	57928.09638937625	22969.52421254625	2921.38690402987	13304.446165788428	3517.610042395936	1765.6980664502798	3951.3382302149016	1885.2041479372847	507.9891772115655	32581.43059903996	230.52915995175013
K03189	ureG; urease accessory protein	5949.417599779115	8361.486468242667	22609.131403985422	9391.957580028688	57928.77218975122	22970.21915303738	2947.4108859308817	13304.492727532026	3517.693450393501	1765.8920766844344	3951.3727691660806	1885.1370173877945	508.0207675556627	32581.83199404663	230.50779621485657
K03190	ureD, ureH; urease accessory protein	6102.321702462223	8717.282770781538	23153.231107330903	9261.58399487784	57988.79296641795	23003.87560687021	2972.482693424863	13718.981939803	3506.00755411065	1748.017053058979	3959.071677237834	1881.5786795406216	510.3152465297212	32581.315821305023	230.620226264868
K03191	ureI; acid-activated urea channel	1778.1338909236808	5323.896341247349	13698.808637241757	6102.425165358224	57291.19519815178	22395.936249153263	2157.6672222504376	7826.052232444698	318.2225149942646	244.5694604679353	3892.010319637166	648.9157454025549	324.1263279850364	32182.81087872897	68.68983947665444
K03192	ureJ; urease accessory protein	2.3753919899762663	6.672435935690187	6.640567208649263	24.958855175307125	113.59964347280868	113.73505033183297	478.483356684636	73.85147916932257	170.85721552007234	101.85850647641554	22.56800399997048	828.753117597533	66.12479138096924	397.05864445340416	1.4507895570715086
K03194	virB1; type IV secretion system protein VirB1	208.23826365292763	197.9721837793616	1047.6165777887502	161.7001753379949	223.15060956412967	132.65338225980489	266.3101685435068	734.6854121521899	171.20838909986105	28.05405036702464	31.4993585706934	117.82195104005342	19.56299245372239	90.44033831225684	1.3367718602090852
K03195	virB10, lvhB10; type IV secretion system protein VirB10	415.7114778100814	399.0418403695682	2135.5819997806257	319.502101883355	370.0690698460731	227.7522931331069	420.3579525806993	1597.2519585625532	326.9186210411788	125.20090504224711	49.72666109735093	304.3850827355526	25.3804975608761	289.09671803275654	33.02972966859945
K03196	virB11, lvhB11; type IV secretion system protein VirB11	444.564913602778	412.0606615336481	2213.696787064838	350.5867982093188	470.21416956535137	295.6746461391422	518.4414339845623	1586.365301727012	342.72567450639457	157.22200197380698	63.570002605693446	309.06691172126006	38.04195257566698	367.2907219956812	3.8767982334165096
K03197	virB2, lvhB2; type IV secretion system protein VirB2	68.77883539827849	38.15329536626943	269.82458103299655	76.5149463277765	127.92183096199471	121.9223938546067	387.9013088270923	228.28002815166352	44.004040801211445	51.53761878228927	33.730049024869544	196.2758525808724	27.12798930186544	187.86089758442864	2.65483772056414
K03198	virB3, lvhB3; type IV secretion system protein VirB3	69.31315226435926	44.450599311385325	275.874679463611	93.40433050459484	239.8713289964211	185.47913329495563	390.80244794722654	225.3034408366701	47.3302985184473	87.53726850049391	44.68655430846713	199.14980766629904	27.7685674424348	230.4224278785723	2.8654184894863324
K03199	virB4, lvhB4; type IV secretion system protein VirB4	448.6919873416836	405.5615608326623	2231.559650602605	336.2499532889373	372.7075250497593	241.52579906015472	505.36250675629503	1711.6276579852606	338.81954952946194	126.00457780182984	60.83037541988091	323.82229309012257	31.978893723966976	289.75000352966464	33.83451618256125
K03200	virB5, lvhB5; type IV secretion system protein VirB5	457.3636795091826	398.5271314300448	2208.672561882345	335.75151102749567	371.8484957537143	227.8485039808931	505.1042502367411	1619.4095590147072	339.00832048927293	122.80111731047896	55.216704127672514	303.7815243217774	27.46791374381641	271.40633725486305	3.660193904631388
K03201	virB6, lvhB6; type IV secretion system protein VirB6	0.3847921480475409	6.787713309359716	0.9127318847321574	2.876003969608554	6.0629106855140655	16.601273261210395	27.35342032238075	22.449321055650497	4.03602137553452	7.059101923196582	2.9959700046684423	20.90983508491235	6.940221542087934	81.68303546185926	0.586276649775828
K03202	virB7, lvhB7; type IV secretion system protein VirB7	0.0	0.0	0.0	0.0	0.0203688110740389	4.2	0.0	8.0	0.0	0.0	1.8	16.4	0.0	6.0	0.0
K03203	virB8, lvhB8; type IV secretion system protein VirB8	374.416854357937	351.99581217298527	1921.0681494912465	211.16636412272683	6.668548251936523	17.791076183778287	67.92655341019076	1360.8141974121725	278.105092299454	5.936882836539596	3.024959613851731	96.45217256207178	7.268275555335363	32.22522706727002	0.626471956126508
K03204	virB9, lvhB9; type IV secretion system protein VirB9	440.0985072742244	398.6948157428484	2194.302705938473	335.5949776962303	372.4006651527297	235.2721389412365	515.8800440412301	1618.06574639079	338.080351781261	125.73572872143826	55.223337130476494	304.6069836769419	31.95725247763354	289.40660562720973	33.840152732312546
K03205	virD4, lvhD4; type IV secretion system protein VirD4	190253.32476591412	134412.9129149462	68334.34535679486	65600.56623191618	127175.32262059391	96522.16948477452	47811.987299852015	171421.18579841644	50414.79509584508	26530.425367430355	6477.266407440175	14817.790715737228	19483.88681681141	35760.65965637616	3431.193523460168
K03206	azr; azobenzene reductase [EC:1.7.1.6]	0.0079444027809396	0.0352357642014823	0.0084730855566171	0.1660141718084697	0.0830768350183707	0.1007685109310947	10.026794081656645	0.0229798312344786	0.0215531746836306	0.0306970547914329	0.0148267196285985	0.015355402404276	0.0240078624740695	0.109442054947169	0.0221243496213126
K03207	wcaH; colanic acid biosynthesis protein WcaH [EC:3.6.1.-]	54.83590122383917	118.48842687249788	30.482110283717105	136.06720808951292	249.60090897146569	287.3541837990339	179.76482259357573	134.2546029020749	79.95650039441217	90.39888250157942	40.8267954437536	86.04299543055289	135.0229752737608	121.36025298919024	16.871646752562533
K03208	wcaI; colanic acid biosynthesis glycosyl transferase WcaI	10.88180751003178	68.99422143375824	25.194692214256182	101.29226984419712	249.1467422396584	227.5619008394486	169.26693750892684	77.5109358112673	81.05200487373602	105.8906006879695	42.89773875051179	83.25185920045428	82.11130466321207	158.76405016438218	16.35764884221803
K03210	yajC; preprotein translocase subunit YajC	55693.93054603208	54012.90438127673	113887.03514895382	42957.63340026391	103303.1271698482	59178.467122178365	20876.94057406633	79551.69042726715	31959.887373170764	14175.20709267006	6683.453556341516	6700.768614031297	6534.441442337957	45260.07604118119	1578.0074621643191
K03212	rumB; 23S rRNA (uracil747-C5)-methyltransferase [EC:2.1.1.189]	16.688776870930578	68.07654085088208	21.960880597495272	74.76807256146267	156.8478826771182	159.1097210457281	133.4667492310348	76.70180321009417	75.54879009185677	74.51692053657335	32.49596678278579	28.236999751090508	77.31654960187316	71.97186094757615	15.516162256361111
K03214	yfiF, trmG; RNA methyltransferase, TrmH family [EC:2.1.1.-]	16.670005524967003	68.03175187027739	21.86866290717726	74.6458862829452	156.6035014943597	158.63051686895326	133.3837533161825	76.62275824830787	75.51650959343353	77.20493945265193	32.48411392262307	28.169816274804223	77.18447731062706	71.96296699376123	15.50002552557881
K03215	rumA; 23S rRNA (uracil1939-C5)-methyltransferase [EC:2.1.1.190]	84205.04055425434	74154.31392025603	124566.45747687896	49767.73504033564	113574.8329175787	73231.71078827656	28099.97853290565	111193.02792223568	39429.42986005196	18822.40289550422	6805.572674552755	9268.606299973972	8997.433677839785	41580.34904420792	2271.801645289932
K03216	trmL, cspR; tRNA (cytidine/uridine-2'-O-)-methyltransferase [EC:2.1.1.207]	34952.699308837706	40298.328838350295	44343.09779886778	29520.68728543318	89901.23112073552	52344.6518266456	19155.48867444092	51029.37845041367	15730.115313720802	10467.26757737689	5849.969648419269	5717.331575329418	6031.366395015504	38767.945296244674	973.3106709446392
K03217	yidC, spoIIIJ, OXA1, ccfA; YidC/Oxa1 family membrane protein insertase	56499.47241095208	56480.78297969376	129159.55763022735	38656.88207071173	91398.44128190732	53966.94549351587	18557.12185729525	87613.50604204604	29129.34731322455	13203.461195786274	5842.020473346953	6291.891106845063	6328.931936611438	38875.166047882194	1510.6151312964446
K03218	rlmB; 23S rRNA (guanosine2251-2'-O)-methyltransferase [EC:2.1.1.185]	48977.08587565408	51157.9087375005	78734.83293293038	40334.05164229003	92123.47152858648	53487.680512799714	21056.516193918967	69245.13533200872	25467.372517735155	13732.253626310065	6056.563545422696	6763.771094479796	6143.212609631789	39361.41493664139	1519.8471593161898
K03219	yscC, sctC, ssaC; type III secretion protein C	12.22283656912242	62.66452276110147	43.06759289604742	130.5159600109982	367.5126899712232	391.8291247991648	427.04793522750674	79.59756904828917	94.47014194490764	120.15113576120145	42.143960467026616	328.25222832648626	74.85997114001592	236.12595263105803	12.872704557956116
K03220	yscD, sctD, ssaD; type III secretion protein D	0.0001146591970311	5.000617007867589	5.190254229123164	20.370860124429218	37.86181744142047	100.87183319343605	135.5028863920992	5.460815186149045	7.903387467432408	21.40567108810368	0.0003738937470701	150.05053992075065	3.280857557669572	74.13854677666266	0.0001794969358599
K03221	yscF, sctF, ssaG, prgI; type III secretion protein F	9.48727202802946	56.15421374479048	21.03573818194553	81.36125210721937	160.5727497300765	169.01751025907168	118.8285173050277	67.45113300740134	70.8548745038422	71.3712545458866	30.937175384802668	71.91584825698604	70.95708937105893	102.21885775755752	14.852155804285715
K03222	yscJ, sctJ, hrcJ, ssaJ; type III secretion protein J	14.178702865590186	72.37223191140974	46.64597797498735	133.29458283842715	371.4728206808519	358.2516565514604	361.8076407591976	86.09580543861362	101.09961143151772	119.87829195446416	46.26778137771359	264.6708081353281	85.29563024761484	221.8605789248594	14.852154503616845
K03223	yscL, sctL; type III secretion protein L	4.279838410802487	19.571164481820723	19.94389651780109	64.12865130557651	212.0595224368896	179.73974350397177	263.22839197901897	16.48557822698148	27.07886605645168	37.968513154132	15.852265269358652	204.09191848438508	10.925499403257062	142.5411768668959	1.3334060914784125
K03224	yscN, sctN, hrcN, ssaN; ATP synthase in type III secretion protein N [EC:3.6.3.14]	16.01206988801806	79.2938522002554	45.32808939802386	184.88663725833845	374.0345094119019	347.9023857724411	396.2022240519631	97.09682907148957	97.94012904776652	115.63423135328298	47.92549693210072	231.2523098950394	84.04966051727023	243.4700637117296	14.205514662629644
K03225	yscQ, sctQ, hrcQ, ssaQ, spaO; type III secretion protein Q	13.487383890092282	69.48280785924455	40.82577444861829	129.93765606069863	360.4888537948161	330.5457010441635	319.2521095597705	83.27991362248474	97.35781565768892	111.06620112762502	46.267540157336455	224.8497951691865	81.12898678408698	194.5940900435517	14.852330922357664
K03226	yscR, sctR, hrcR, ssaR; type III secretion protein R	14.178702814010457	72.3722316332981	44.8281526444064	129.65893201797027	361.7112035277	328.8722377796212	365.3341630658007	84.14596317231637	98.80193602115628	113.17790690628392	46.267781209516535	228.59100539418904	84.14679234561947	209.32493992950623	14.852154422869688
K03227	yscS, sctS, hrcS, ssaS; type III secretion protein S	1238.2584964723324	748.0791349405146	448.8071681578775	371.1516958234444	389.7940010628906	379.8699139274108	421.9176822902687	1022.369541851366	291.1713870047336	151.4259716227797	51.63925632487511	236.8143608980001	129.79185244441263	215.9873478982276	28.362463231442675
K03228	yscT, sctT, hrcT, ssaT; type III secretion protein T	13.487157710383588	69.48359608170514	40.68093170300748	129.651261152127	359.7141396909904	328.2158916201936	344.26885116915844	83.12644170732625	97.17369913878336	110.53242283783372	46.26680177307215	228.59007593218288	81.03606454929022	209.31964098136157	14.851976442738849
K03229	yscU, sctU, hrcU, ssaU; type III secretion protein U	13.490500896629642	69.50162341091794	40.688332887190334	129.6764133129189	359.7671751811838	328.2694679832125	344.2972954009064	83.15021197776436	97.1981962105113	110.55757501686487	46.27770444667453	228.59563347387143	81.06107073468159	209.33562038539708	14.857210540713613
K03230	yscV, sctV, hrcV, ssaV, invA; type III secretion protein V	12.222623960677913	62.66538543787266	37.87713354735368	120.13837463738646	339.6433613580566	307.9525445750269	333.491430803551	74.17442585593228	87.90858418333909	101.01953634132876	42.143267169235685	225.26377513325207	71.5783810015269	200.3562167539636	12.872371723213202
K03231	EEF1A; elongation factor 1-alpha	1.6118432424437094e-07	7.148999111269284e-07	1.719107914549292e-07	3.368268557850257e-06	1.6855494216537428e-06	2.044496582991596e-06	2.16674964245564e-06	4.6623876846549405e-07	4.372932733265829e-07	6.228138438197802e-07	3.008199420389597e-07	3.115464092495179e-07	4.870965377937437e-07	2.2204744846142246e-06	5.125603590148417e-75
K03235	EF3, TEF3; elongation factor 3	0.191588605753297	0.5381296332126733	0.0363194484102513	0.6915124407140123	0.3336735508264373	1.0072078386147976	8.561002714917532	0.7574266695309099	0.519197242405379	0.3888671087854587	0.4652353319125843	0.9714796226974868	0.8747303880496043	2.737187981140741	0.1023810971477981
K03239	EIF2B1; translation initiation factor eIF-2B subunit alpha	3.095296397571076	7.385468242733927	15.206212541376289	20.14787599963084	40.29717447003263	79.01825132586087	13.685591287238656	13.034099674146953	5.322885624867172	18.46509307760576	1.9544748392751183	11.078202364100887	21.778027503131053	1.4665673648418105	2.661442812433586
K03243	EIF5B; translation initiation factor 5B	7.29980318570836e-27	3.237677530474195e-26	7.785589256296201e-27	1.525439751302322e-25	7.633607731731129e-26	9.25922712376487e-26	9.812893416763201e-26	2.1115274474118159e-26	1.980437517533409e-26	2.820633149366368e-26	1.3623696854610792e-26	1.410948292519863e-26	2.205989245544428e-26	1.0056205398731331e-25	0.0016491589548923
K03249	EIF3F; translation initiation factor 3 subunit F	0.0	7.093951250245199e-18	0.0	0.0	0.0	0.0	0.0	0.0	0.0	0.0	0.0	0.0	0.0	0.0	0.0
K03254	EIF3A; translation initiation factor 3 subunit A	4.023465712475177e-05	0.0001130101719559	7.6272831988153235e-06	0.0001452214020778	7.007327422376797e-05	0.0002115191656658	0.001797857484919	0.0001590637513431	0.0001090342661358	8.16642238590289e-05	9.77019692179726e-05	0.0002040160445305	0.0001836981750631	0.0005748244759868	2.150059145532809e-05
K03258	EIF4B; translation initiation factor 4B	0.0002030079852058	0.0005702041214221	3.848421995954368e-05	0.0007327291034983	0.00035356171106	0.0010672410981684	0.009071269690928	0.000802572060682	0.0005501432910935	0.0004120450063142	0.0004929650539852	0.001029383350314	0.0009268675085246	0.0029003343648552	0.0001084833838286
K03260	EIF4G; translation initiation factor 4G	0.0575982568659746	0.1111921823392961	0.0195277798674176	0.4766749682395981	0.1914653882209315	0.280813287934682	0.3183155770760555	0.0529610784127937	0.0961922740812541	0.0986622808907863	0.0341707931987125	0.0353892359998127	0.0553303579142476	0.2913303013561242	3.05882746854033e-07
K03263	EIF5A; translation initiation factor 5A	0.0	5.7794128477801004e-24	2.0249362002946432e-20	0.0	5.352985917498143e-20	0.0	8.566055030268507e-20	0.0	0.0	0.0	0.0	0.0	0.0	0.0	0.0
K03265	ETF1, ERF1; peptide chain release factor subunit 1	0.0	0.0228154443636664	6.123658336142872e-09	0.0	1.618809364570261e-08	0.0	2.5904813339960855e-08	0.0	0.0	0.0	0.0	0.0	0.0	0.0	0.0
K03267	ERF3, GSPT; peptide chain release factor subunit 3	4.785282537922421e-09	164.97717825710131	61.56015412379257	264.9730264134232	1759.0602843237623	1000.1265975948816	45.76558470271051	29.63898457347817	72.63484561134258	565.6162259235075	172.14315508459526	45.43775696815861	10.74686381465818	667.8900561289358	3.4211760396403847
K03268	todC1, bedC1, tcbAa; benzene/toluene/chlorobenzene dioxygenase subunit alpha [EC:1.14.12.3 1.14.12.11 1.14.12.-]	0.0	1.9691447090050526e-07	0.0	0.0	0.0	0.0	0.0	0.0	0.0	0.0	0.0	0.0	0.0	0.0	0.0
K03269	lpxH; UDP-2,3-diacylglucosamine hydrolase [EC:3.6.1.54]	17452.352369408047	10553.725638535334	69459.50494695325	9819.161265104034	1902.7921663196544	1886.5917628311008	1392.019103416123	26907.37235240096	15486.593586819294	3634.520726944578	80.86202484602795	1971.411293981056	385.669772999426	964.8438957961196	595.3443519144734
K03270	kdsC; 3-deoxy-D-manno-octulosonate 8-phosphate phosphatase (KDO 8-P phosphatase) [EC:3.1.3.45]	24805.227465718803	19730.31317892173	77668.14857124448	13568.151652023407	2877.6371482174413	2769.1306648881864	2466.969108916407	34005.93533812443	19005.65134665311	4913.264955672388	159.8891323264345	2421.213549519789	681.6378966393615	1385.3063955016771	839.1649930257224
K03271	gmhA, lpcA; D-sedoheptulose 7-phosphate isomerase [EC:5.3.1.28]	14302.171012821	10027.912026783886	29838.91870605048	7899.25258778715	4613.196863991852	5004.548600219294	5538.307508131531	13148.333069907048	8066.11698876338	2827.9172962198104	454.9026990497261	2491.482755451797	1464.863381603681	2216.384094767098	397.5447773012825
K03272	gmhC, hldE, waaE, rfaE; D-beta-D-heptose 7-phosphate kinase / D-beta-D-heptose 1-phosphate adenosyltransferase [EC:2.7.1.167 2.7.7.70]	1177.5851889873643	943.7936885534036	10482.999201130726	3532.3747143160963	760.8102696747449	1274.707936297948	705.6113022187087	1090.7430068040476	2436.4095609708315	568.2466185863166	70.8573352759386	483.8817834146212	371.78300249665136	634.7611943174633	61.98967995072537
K03273	gmhB; D-glycero-D-manno-heptose 1,7-bisphosphate phosphatase [EC:3.1.3.82 3.1.3.83]	10012.95971335424	3583.6711586004567	10124.072371871607	5885.779738364824	4850.167645824411	4368.524302949604	3115.8416517247138	6909.7554612959575	4862.869100691095	1733.092324170589	305.9899372717293	2003.4605109556924	757.7244657672239	2194.564055998208	201.206343035711
K03274	gmhD, rfaD; ADP-L-glycero-D-manno-heptose 6-epimerase [EC:5.1.3.20]	776.0298518700758	1031.9648870593826	4496.682891442901	3474.9378122736016	1094.601690168121	1454.0593183171818	671.1595019534694	1624.5784598178348	2515.303331900627	639.1530760468512	101.78380804625012	339.86419897359485	389.9266188758098	771.1351499337858	111.73607263806136
K03275	waaO, rfaI; UDP-glucose:(glucosyl)LPS alpha-1,3-glucosyltransferase [EC:2.4.1.-]	41.4424343976718	93.08682428169938	128.1320370300973	77.04995110138913	157.95143197750417	159.43385996508405	85.80598691624589	82.5760818423893	76.7068050413959	75.42595362052653	32.29794168141495	27.209935411928367	76.06298580547946	71.38858455777329	15.420014869997406
K03276	waaR, waaT, rfaJ; UDP-glucose/galactose:(glucosyl)LPS alpha-1,2-glucosyl/galactosyltransferase [EC:2.4.1.-]	14.60385578847939	58.32095382802692	40.81364810612697	74.62658068931624	156.62764848376813	158.12451179366894	84.2813027355809	71.4729418826974	74.08273797655217	74.33668920178744	32.15176345981277	25.94289606328262	73.72143233257194	70.10000000993075	15.420000000000154
K03277	waaU, rfaK; heptosyltransferase IV [EC:2.4.-.-]	1.932476690104338e-19	1.0419678884410297e-18	4.2848011078049483e-19	1.4537718044338217e-18	3.067242697775759e-18	3.0966712768128807e-18	1.6470194734442557e-18	1.3739222599797645e-18	1.5974526294457378	1.4537718044338217e-18	6.30163972448237e-19	5.083296552345523e-19	1.4453356117765136e-18	1.3698022589145672e-18	3.025257925016132e-19
K03278	waaI, rfaI; UDP-D-galactose:(glucosyl)LPS alpha-1,3-D-galactosyltransferase [EC:2.4.1.44]	30.38090240764924	68.6232062552034	106.67051350924822	64.31015499677136	131.8470672965059	133.08458580105858	71.6223119703768	65.18399788503048	64.49979508848502	62.95892197749434	26.96052772623473	21.781950920991	61.73646197184406	59.5880305838809	12.871990411499294
K03279	waaJ, rfaJ; UDP-glucose:(galactosyl)LPS alpha-1,2-glucosyltransferase [EC:2.4.1.58]	197.8572757386404	189.2496831779682	983.534322474998	104.66030963763995	0.3714023114414508	0.379896316901531	23.416196338966365	681.2569645539498	139.30708577964512	0.3002779136637547	0.0403879404274526	39.16028282698211	2.17645138415936	0.3485089848922663	0.0011094810969549
K03280	waaK, rfaK; UDP-N-acetylglucosamine:(glucosyl)LPS alpha-1,2-N-acetylglucosaminyltransferase [EC:2.4.1.56]	0.0001146585740753	0.0006182250626536	0.0002542277416647	0.0008625584128892	0.0018198701989446	0.001837330895945	0.0009772169851689	60.70839464197735	1.3433874628670908	0.0008625584092716	0.9000543414557479	0.0003016044317595	0.0008575530094216	0.0008127372239521	0.0001799270857852
K03281	TC.CIC; chloride channel protein, CIC family	18092.670261443796	12082.962794639912	77091.14832680338	16078.463622189647	2737.841159972976	3438.55161003117	1388.776543660628	28816.206226599228	19962.74752100351	4377.2364230201365	129.65945356417316	1351.747615771324	817.5285055176628	1477.3696909698265	612.6214311551282
K03282	mscL; large conductance mechanosensitive channel	44954.39601715916	44034.252557346605	104344.0416306312	29948.97609564112	27993.460758098136	24674.00850999132	15610.861928952529	70798.31921480258	27263.298304007105	11709.450310017508	1547.0527673381562	5103.920969402173	4794.892965427347	6050.093676653101	1240.493408151162
K03284	corA; magnesium transporter	44315.77555827699	47627.07566396969	99464.16069647705	40962.633087070295	91042.31875930936	53115.02382678241	22596.18210108122	68349.29419280999	30621.81123636043	15570.210883618129	6297.648687965455	7420.372855348703	7485.902829911018	40356.176514943225	1541.8124603624772
K03285	TC.GBP; general bacterial porin, GBP family	5.709081728192119	17.045395061287216	14.25	37.5	170.17000000000002	72.0	140.55687321293263	11.537404852946434	19.5	17.0	15.33	43.384351213236606	7.395142622306401	51.0	0.0
K03286	TC.OOP; OmpA-OmpF porin, OOP family	1335.6475968570587	539.6350731132788	14875.890477108069	857.3834397472194	1524.1794780297769	1131.809461726711	1161.8663311967782	1172.7910295663537	548.0854098802133	528.1505997329168	164.65010082809764	1228.6533391887017	200.67127979172452	1289.8781452485218	321.3824792953208
K03287	TC.OMF; outer membrane factor, OMF family	1.996914503628376	33.249852592243435	10.736034042138668	53.962547257838246	296.81065215803204	177.67210004641535	91.8012125280299	12.642830869807144	17.46641627934634	98.21697569804752	33.327349138662775	17.16178279598487	10.652510009762162	139.2894013361305	1.56290414573291
K03288	citA, tcuC; MFS transporter, MHS family, citrate/tricarballylate:H+ symporter	8.150005523981315	27.081778409494127	33.977678109059646	91.92588627553006	389.68716954455766	228.67051685315823	365.4383737464378	26.05275824129998	49.07252056294664	56.73372932888806	31.024113919408823	190.5998711558872	17.30447730325492	143.98849065053258	0.0800220035384631
K03289	nupG; MFS transporter, NHS family, nucleoside permease	15854.13063344552	9976.988734602872	60501.18562652032	8983.207780632174	1253.0230161045288	1152.7959081886283	631.0642480588933	24633.461284748315	15246.481302851544	3412.2535701183565	36.43999999877227	625.3607190545947	177.74041162966608	342.90936906464697	515.7617684787075
K03290	nanT; MFS transporter, SHS family, sialic acid transporter	19.691471712602542	100.83242536695026	39.8863986397449	135.27869013653304	285.4570381880086	288.156389354247	153.32362361966082	157.74333250769428	134.69523707359264	135.27869013652813	58.63902195931563	47.68625217730485	135.21881471890575	127.46502220421876	28.151112036508053
K03291	MFS.SET; MFS transporter, SET family, sugar efflux transporter	20.118528005331587	107.78111534190728	43.870144472656136	151.69391554866695	314.47654407904133	322.9829357861261	211.1388390368416	149.6118291278406	151.38025926981675	149.28820967430022	66.9971863937344	69.97259522426245	149.09194151478474	151.52136688154738	31.12186493665264
K03292	TC.GPH; glycoside/pentoside/hexuronide:cation symporter, GPH family	39854.88233583952	35470.99713289883	70573.06963033159	38576.47929868088	165761.28427618885	77294.76681208125	22210.193386813717	45390.10209649408	21612.0645510218	8995.172701000658	11756.562786945877	10114.167829116055	9177.843320817112	88088.2681193931	1152.0312144797956
K03293	TC.AAT; amino acid transporter, AAT family	3570.9757313560867	18843.27980754047	52849.63928028243	2358.7313434242114	6505.122863577402	7210.917561150988	9413.52241447037	31239.590357700246	2539.0897557704875	4104.632398636007	923.1890144955256	1165.430234117313	1087.2245320172335	1731.9112580862204	56.354924665883054
K03294	TC.APA; basic amino acid/polyamine antiporter, APA family	22712.31244700331	28761.728407099083	73727.59933002517	19247.416763807367	104248.60956977303	63307.22628044268	12428.193030643528	61434.69741469588	7651.472843945312	8793.675894209086	6494.906981812899	3394.261707976676	2866.240051296218	38418.58156243454	650.1441640553606
K03296	TC.HAE1; hydrophobic/amphiphilic exporter-1 (mainly G- bacteria), HAE1 family	50187.91251957959	42176.98054845158	160726.12749269424	47827.62008182287	64116.28998561487	35625.28014881631	16099.324356036388	75231.75598344443	47935.34026372619	13192.71350034343	4292.425888983496	7150.408220024958	3117.087180763477	31587.460832193727	1735.752352654888
K03297	emrE, qac, mmr, smr; small multidrug resistance pump	1454.5659575500265	5112.504016626755	19086.95111031887	1669.155650958609	1644.790003950426	1000.7875935951866	2365.642379907564	8577.137603716676	1293.4411602922964	613.7444068096909	150.39681059578692	1205.35086199796	301.3151620171211	1146.7570957850023	85.24787605952625
K03298	TC.DME; drug/metabolite transporter, DME family	775.095546943795	694.2984590503331	3848.904422876619	432.3467157891719	23.865144963789863	15.208550985395792	162.4508701425048	2761.032909958007	569.804822498602	15.189073672437154	65.34281242897052	233.29818381600447	1.782077750416016	141.98388727258742	0.3350995408242424
K03299	TC.GNTP; gluconate:H+ symporter, GntP family	14611.167119792404	14959.083984867357	20621.98526982749	13310.191501497484	11634.560991792509	9855.00413276185	8651.861889054719	20215.288977780718	11002.132417453451	6222.639496651832	1238.8098296961343	4721.360200769523	2519.486030809692	3325.5695836806726	603.518538952897
K03300	TC.CITMHS; citrate-Mg2+:H+ or citrate-Ca2+:H+ symporter, CitMHS family	5932.686012090469	5143.518325097086	2216.7245116358185	1966.0382202899652	2360.005300745868	2251.8283784736723	2162.0804070830145	7109.857700034167	2044.219457041458	1115.3912036363397	321.1488089158818	1061.0643664859604	1328.58078291147	942.1185786592504	230.50910479871243
K03301	TC.AAA; ATP:ADP antiporter, AAA family	23.71648283924498	423.84235924939145	2957.363540633847	2991.03243062461	184.19560976565336	364.49001487256845	38.01149509222091	366.5032876646035	2186.013318452439	286.1718027248371	0.0057456573341362	51.35286145723256	88.10574153260728	433.2976989048852	15.453419080812225
K03303	lctP; lactate permease	5009.157182647541	8025.099544221785	16138.94634105172	3657.845748036317	10399.1316383337	8508.686065441569	2764.453652278977	8551.446435096335	4287.346849541025	4585.097017914449	1022.46376061833	899.0810403379211	910.2559487848428	3187.502956792752	144.9690447244702
K03304	tehA; tellurite resistance protein	63.36819744476489	84.96262953870587	100.97512712718924	108.01033447026008	247.0407424941949	233.07357446265215	428.65877561607255	256.5469342318399	241.4128013798044	164.28988870817813	56.25780019573782	675.3589121060402	138.68656333828784	367.8257903935953	18.13907116578825
K03305	TC.POT; proton-dependent oligopeptide transporter, POT family	19753.22561214085	17520.36975899077	96799.54943900352	13084.221147163767	3012.6566799530774	3315.311826255416	3968.7383169957143	37008.57966286588	18453.720317766223	4795.75901334937	355.61368109499864	1638.6070120357467	569.3564799042048	1485.951358323756	742.678564692764
K03306	TC.PIT; inorganic phosphate transporter, PiT family	28168.446962922462	18465.39824104277	36384.45133378926	18753.24263415708	19876.67134558454	18554.97328152417	11210.42501438574	41073.88206336345	15559.114135925372	7864.975939205648	821.0106029152946	3671.9509654714175	4634.032210139207	2747.179737376581	887.4505280762857
K03307	TC.SSS; solute:Na+ symporter, SSS family	41117.534306926165	39262.98303965442	93968.68204649992	31705.555299294523	70186.84121651988	41685.24863219445	18941.086738374397	62474.43924809297	23180.46094834151	8646.653523464924	4816.098136896585	8783.931549269499	7411.059883009719	32745.982290827225	1314.5619556015884
K03308	TC.NSS; neurotransmitter:Na+ symporter, NSS family	85224.6713335854	70164.97785457993	108757.27468277754	52493.90805543389	106907.71198876848	68372.63408105807	29501.192021121264	105905.7107878998	39577.668673151726	17837.856022311375	6630.904564970315	13659.470480885582	9064.46025164201	41759.77926071732	2431.533475630635
K03309	TC.DAACS; dicarboxylate/amino acid:cation (Na+ or H+) symporter, DAACS family	903.8634358176726	4997.743046265936	15130.376452022912	174.48651355956176	47.292953615346406	23.2092370720704	1530.4377447920658	8096.184732508326	245.9466145344853	157.2237151824443	23.74710840774589	238.6714152807284	15.43169915719412	115.7549355454282	1.7050365985198055
K03310	TC.AGCS; alanine or glycine:cation symporter, AGCS family	94636.8806002723	72959.34439435462	95217.05662494258	57707.79918707291	191645.59157191476	116110.1241183356	28019.441118056293	111369.44624860064	32720.48277572867	15689.619488189745	11321.310605054528	13018.64503584637	11055.087862795792	75058.46047416983	2156.64282004316
K03311	TC.LIVCS; branched-chain amino acid:cation transporter, LIVCS family	11244.757459892551	21698.52374539272	38163.33893049881	14965.42919178355	90501.41650947586	46861.78440232926	10360.87193926265	29956.636839057617	4811.903062335152	5408.331066773288	6802.617118986395	2863.2779780171504	2108.7487656551525	43919.42683601856	386.23660912521416
K03312	gltS; glutamate:Na+ symporter, ESS family	14622.44373737216	12631.80077287219	6335.645081741959	12061.098823349312	74536.24145462434	37435.23042393057	2526.804089332378	19880.59076361948	3140.1967622871502	3222.9567051402464	4951.804767236538	1639.5752907778665	1935.1253563919488	34847.38005767962	328.9890458301411
K03313	nhaA; Na+:H+ antiporter, NhaA family	16428.351941624678	11562.355606472564	60950.08618241304	16954.638423357675	63391.25747993153	27934.193750653096	1574.283657690211	23777.64419109305	13537.132641091848	3511.812421336604	4273.518159190428	1579.2888884452902	520.0243505395617	33151.60853806975	663.7725418119539
K03314	nhaB; Na+:H+ antiporter, NhaB family	55.42054561165158	71.0022927949733	22.226121429638027	81.64961361057236	161.93511242671337	164.02493009005133	137.88913149791776	83.49377099730796	81.28567106637152	75.69997226927836	33.109616552229994	28.8176227238406	78.19730964662597	76.78419410813913	15.617592499808532
K03315	nhaC; Na+:H+ antiporter, NhaC family	29571.130917985996	27076.50101344595	57144.53593340075	12689.948883025292	16141.907022460524	16536.810398971935	6386.23519032957	44012.50569382235	11732.757826290002	5513.6780233515565	1583.2744115520093	4044.520199874292	1786.623272933672	3086.0028657123003	714.538692588708
K03316	TC.CPA1; monovalent cation:H+ antiporter, CPA1 family	2710.1707737719025	7139.164615439772	25883.57538456788	1547.2427473697117	4605.668135884553	3668.428742701588	4063.48057627936	14503.778594137835	2786.6946702874266	2795.3722865080413	561.9085521253933	813.890268801079	981.3188712114724	2062.3838399803267	89.76609352245572
K03317	TC.CNT; concentrative nucleoside transporter, CNT family	2042.273140644976	6363.7607729698775	16624.784136240152	6532.196862564568	62874.10480972293	27936.118060366767	2899.620448870317	8213.553876371	630.7707837524241	511.8371991626345	4340.237956812955	572.3209487316313	356.60927151151066	33076.859864440055	107.35796665024822
K03318	tutB; tyrosine permease	0.0002581144044554	0.0011448133413149	0.0002752913582873	0.0053938162841289	0.0026991742974386	0.0032739785360892	0.0034697499039586	0.000746616909682	0.0007002647022048	0.0009973502394714	0.000481721535588	0.0004988984894198	0.0007800177427572	0.0035557828088533	0.0
K03319	TC.DASS; divalent anion:Na+ symporter, DASS family	611.891311031057	847.8589386284727	4492.30737930836	380.3272794319444	581.2396311956898	560.0354217172428	1490.823586390486	3052.73081037835	577.0895420900799	564.3919642183439	177.8267790637405	224.63218956836448	107.10700281359256	199.26717046436204	45.804018655183896
K03320	amt, AMT, MEP; ammonium transporter, Amt family	40913.216063042026	55328.58939892556	73257.76300164548	38056.17168680084	135302.5766133252	64756.899420564485	22053.984819012723	57793.03657519635	21528.83074324771	11369.595514381896	9349.186175424822	8331.915957383659	8629.349684503017	71773.16218249164	1206.0762073369815
K03321	TC.SULP; sulfate permease, SulP family	27895.25805805378	22964.790934220902	65790.1662914793	21862.687382266333	17197.013275328492	15621.5427021729	7629.273971153598	39388.6275824496	18416.1616001578	6564.404483214621	1031.2132372756082	5992.130858048173	2316.3966677116177	5826.125313401745	954.768387251381
K03322	mntH; manganese transport protein	5189.0777593804505	8706.213211829629	35688.8703176001	2782.8799812450225	4277.1159901823285	3599.745636816649	2644.776946238332	15714.028077258654	3524.085476824513	3432.0131400646405	470.715646485592	1055.3346859052235	1178.4968871203046	1755.5281132852783	78.44533403413023
K03324	yjbB; phosphate:Na+ symporter	71254.04742642715	59378.82061084312	97899.39468242507	42518.2786799514	163121.1222979828	88391.24845849979	18990.6407615228	85267.50382804504	31020.27853157789	14012.851007366506	10295.122335612194	8000.83954079101	6164.438232088429	72269.12670589855	1843.530920623988
K03325	ACR3, arsB; arsenite transporter	8458.026327626354	8134.634077564462	16206.741545154311	7040.912059713984	4473.884936281064	4634.753046212509	6739.32812391164	11508.379954177984	7714.9275787455645	3642.2141336296777	668.2557730728397	1227.3222466968523	1741.488705307526	1742.3889473484437	208.41978602070785
K03326	TC.DCUC, dcuC, dcuD; C4-dicarboxylate transporter, DcuC family	5246.081227293598	3361.6772725128512	17947.127609702366	2126.87510445362	723.355728549057	684.413399887482	1058.5677836644106	9065.7197516769	2367.1662682294805	500.8183370148473	107.04940872677751	1115.9255648791418	751.2913794426552	462.91784597245305	75.58246134988903
K03327	TC.MATE, SLC47A, norM, mdtK, dinF; multidrug resistance protein, MATE family	26298.33910328451	15556.866149195948	113838.67070787176	17081.752566234107	5612.512619588105	4095.2839202842847	2703.7591072091345	40821.06167578556	25164.9319563286	6262.878008367174	455.23955501468913	3400.1811423404088	522.0580388641869	3161.667620764914	804.6039131946757
K03328	TC.PST; polysaccharide transporter, PST family	8993.90371078081	10655.67989795058	41975.62185989493	5835.606103256007	1834.360295477192	1396.199863658624	2953.8592094279907	19484.211493806644	6139.277049381635	2049.7486494777586	152.79558676761252	1037.340123162343	778.0547142184125	605.7065898354047	325.0361626628748
K03329	yahN; amino acid exporter	9.849969156421604	53.10983369518288	21.83993161180181	74.09976796861328	156.33951044821865	157.839505751227	83.94973712503489	70.02978071311725	73.76722664152159	74.09976796861328	32.11989942175248	25.909918867297844	73.66976931508422	69.81978137069608	15.419951714926002
K03330	gatE; glutamyl-tRNA(Gln) amidotransferase subunit E [EC:6.3.5.7]	0.0182045299539093	0.0129478276202079	0.0002643796508006	0.017801488831247	0.0045924136468411	0.0069097620412942	0.0103401466558979	0.0051588896202228	0.0137736187420901	0.0062871697235581	0.0004626275672227	0.000479123679139	0.000749100225054	0.0034148424533777	1.0398570147486923
K03331	DCXR; L-xylulose reductase [EC:1.1.1.10]	0.052621390825155	0.0377967706773115	0.0319543917654286	0.0148902062963502	0.0852224642261074	0.0218003412134487	4.49230359964613	0.0053619613314696	0.0283978599071266	0.0021258223153904	0.1669830517934886	0.5451497201080524	0.106032588314405	8.6169147702152e-05	0.0
K03332	fruA; fructan beta-fructosidase [EC:3.2.1.80]	19362.039160532186	11806.077608689422	65402.70661219969	10270.422658124146	2463.913479511446	2043.499409922076	1970.831315678567	27687.74431360205	16221.9580216497	4396.040346203468	171.27870722647543	1354.242502477588	293.74952120152875	976.0728344948568	613.5528132733898
K03333	choD; cholesterol oxidase [EC:1.1.3.6]	0.7631356298980646	6.373316731402252	2068.0528622852034	5010.655845134136	3770.6045081146194	1526.4258058684595	519.2089796928095	72.1729696614458	154.10668189869466	486.701577665147	215.13311501265704	994.5959126665624	200.22350567656088	442.5434355831393	3.4965615396856964
K03334	IL4I1; L-amino-acid oxidase [EC:1.4.3.2]	0.0003829360646637	0.0010755819387973	7.25931826353893e-05	0.0013821544957618	0.0006669271169156	0.002013147935021	0.0171112299513727	0.0015138999887654	0.0010377409867839	0.0007772447622181	0.0009298850860285	0.0019417364730129	0.0017483597791142	0.0054709307456973	0.0002046338382434
K03335	iolE; inosose dehydratase [EC:4.2.1.44]	4667.263159058253	9069.737835308457	4649.284977333031	9455.72494484225	5503.096503693208	6066.119058578461	9403.905959034071	8666.409744136494	5456.857050553357	3655.462132845182	634.5797754950855	3847.41789032799	2053.452443012257	1527.7789788195628	302.17642765056144
K03336	iolD; 3D-(3,5/4)-trihydroxycyclohexane-1,2-dione acylhydrolase (decyclizing) [EC:3.7.1.22]	2139.0471873616584	3407.3289812873427	2354.78881700029	5248.527122521113	3509.9259542762097	3409.730571093879	4294.681960000891	3847.450298128472	2278.2679595686946	1457.5164604655847	291.6272199167187	1971.2851373202411	1013.968381077452	976.2460770830604	113.38622729308844
K03337	iolB; 5-deoxy-glucuronate isomerase [EC:5.3.1.30]	4748.64857054455	5642.76958499074	3701.0710979614346	8191.780237585051	4767.047251964462	5210.601983945368	6261.9811256488265	7526.543625202754	3724.13208375883	2054.79715028717	380.0750293771917	2582.0969416524267	1704.6254506883754	1255.1770742764625	217.2512470437236
K03338	iolC; 5-dehydro-2-deoxygluconokinase [EC:2.7.1.92]	1875.0265956826104	1491.2826479428527	1090.7738931153408	2005.267830874331	2005.012092436697	1589.279346146247	1641.6326798484129	2068.298327931346	854.373602991313	677.7022517860454	164.57154342602877	1750.072081572374	446.6445029508415	1085.945971214238	139.22890644453977
K03339	iolJ; 6-phospho-5-dehydro-2-deoxy-D-gluconate aldolase [EC:4.1.2.29]	39.15785599306732	6.701438129829318	5.7008233852112165	7.850562730068872	4.773826080309023	3.4539033415251006	1.7888549061881778	17.275783796212032	1.1841387080496515	0.5143820233663293	12.635737839491012	21.357999305382386	2.174663924426155	1.8151908203808007	0.4582522636265561
K03340	dapdh; diaminopimelate dehydrogenase [EC:1.4.1.16]	31602.159435368976	27021.27284150959	83926.28271262205	22521.02850877351	24546.98258483594	17245.47487160792	8503.065016743425	44206.32920897007	23156.851609555702	7369.022804376558	1340.509964640269	3552.545788584513	2508.8409723435707	9131.867428546906	981.3760637844656
K03342	pabBC; para-aminobenzoate synthetase / 4-amino-4-deoxychorismate lyase [EC:2.6.1.85 4.1.3.38]	12.092153778546091	32.72765096433627	36.71336066447384	62.355597939920976	259.3456541697724	127.7860186940392	809.1029445446881	90.35480438746336	209.92713476502507	126.707965587735	108.5222529164532	877.7295336201629	82.12584031024817	470.183999349833	55.54788801935433
K03343	puo; putrescine oxidase [EC:1.4.3.10]	0.0	0.0004955721506886	8.992107926507324e-09	0.0	2.377093514956826e-08	0.0	3.803916949352152e-08	0.0	0.0	0.0	0.0	0.0	0.0	0.0	0.0
K03344	IDAX; Dvl-binding protein IDAX	0.0001948109222741	0.0005471804011361	3.693030289285669e-05	0.0007031429442782	0.0003392855849616	0.0010241480029086	0.0087049896726744	0.0007701657802988	0.0005279295876573	0.000395407439846	0.0004730600952392	0.0009878188764102	0.0008894424225655	0.0027832245709349	0.0001041030382802
K03346	dnaB; replication initiation and membrane attachment protein	911.7804048860824	5666.25348387146	16548.546394485555	487.8890264858596	1917.8968505633704	1850.1701090598904	2737.428856171732	9153.647291504503	412.86569381271664	1174.561451974375	313.2669054061337	288.3880961693914	131.17649156045093	539.2081702845089	2.9893686359617915
K03353	APC6, CDC16; anaphase-promoting complex subunit 6	0.0001125428950203	0.0004991608583847	0.0001200323806069	0.0023518086915924	0.0011768924335665	0.0014275182489841	0.0015128783688449	0.0003255394779846	0.0003053290149882	0.00043486408105	0.0002100399484603	0.0002175294340469	0.0003401028901208	0.0015503903868366	0.0
K03365	E3.5.4.21; creatinine deaminase [EC:3.5.4.21]	0.0	1.2124111700321896e-15	0.0	0.0	0.0	0.0	0.0	0.0	0.0	0.0	0.0	0.0	0.0	0.0	0.0
K03366	butA, budC; meso-butanediol dehydrogenase / (S,S)-butanediol dehydrogenase / diacetyl reductase [EC:1.1.1.- 1.1.1.76 1.1.1.304]	1028.572201824062	5674.61872420678	14441.742838634456	999.0116187578496	868.1784367498649	620.4627174317745	3069.309297331198	9293.90546590856	1164.2752753667728	1029.273942230973	193.26139355961288	500.95670911486	132.65562095250522	527.6979970116906	32.87631883734557
K03367	dltA; D-alanine--poly(phosphoribitol) ligase subunit 1 [EC:6.1.1.13]	5323.100477176727	6797.232697182009	17127.768718544845	1987.0578659949977	12553.164829629986	10817.89314286789	2909.421698697571	15414.380264654468	1039.132458045538	2075.604085376809	564.6063372272712	750.9470593545942	534.1863003280009	1610.9357413211485	57.659060886073846
K03379	chnB; cyclohexanone monooxygenase [EC:1.14.13.22]	0.0006512973698316	1.4001326195427672	397.22803240339744	962.1987777453708	755.8846294121681	303.3838657002947	192.38673850867397	21.002517012411445	17.20777613166882	92.40472543345668	37.35625287670806	209.81867000263804	28.774374652031067	301.99580828945284	30.08882103089721
K03380	E1.14.13.7; phenol 2-monooxygenase [EC:1.14.13.7]	0.0025135157494088	0.0248264899536275	516.804111451288	1251.976360954538	936.5873845201444	387.684166268327	53.20857273940143	0.0105842577260265	5.864322415410978	120.94499446137092	60.97158711886015	175.64899598375752	38.19768470869644	10.361190916699282	0.0021612077054889
K03381	catA; catechol 1,2-dioxygenase [EC:1.13.11.1]	14.004341732362825	47.218362072501485	50.75713109013661	123.08988301595907	789.4832470302232	357.37108333893593	1551.2806343513837	260.67185519691327	675.2444707993913	309.35980124866126	134.7873640410783	2735.0283975201664	208.6402933953602	1453.8796542978305	0.2290018814489153
K03382	atzB; hydroxydechloroatrazine ethylaminohydrolase [EC:3.5.4.43]	2129.3219073538544	1007.4145854350892	619.6025517998272	357.484476139535	123.5365497055594	124.63586475711416	415.7152169986221	1623.2545918332862	370.9842939845496	87.50567910795883	21.997918775803893	198.33985895554568	76.15870548223701	150.58370946375982	43.42347252614283
K03383	atzD; cyanuric acid amidohydrolase [EC:3.5.2.15]	0.8088235654146116	1.482867466253545	0.459049578167773	4.960618232636707	23.28316233198922	3.1951811027289474	37.49831416054696	0.7979419387639121	1.0875570549411369	0.8915410116959386	1.7017423669527756	4.584157158055041	1.584167261334641	3.422088597718369	0.0226220952357175
K03385	nrfA; nitrite reductase (cytochrome c-552) [EC:1.7.2.2]	3955.104218753269	1254.6752639233507	28132.887068765856	791.4341834660161	432.3851335057062	248.87492748803515	300.0930797279988	6370.517069095245	3580.1881069470346	471.8744520659296	49.41429024324455	352.60430571119684	105.90020279561284	179.44949089393575	16.690124204067335
K03386	PRDX2_4, ahpC; peroxiredoxin (alkyl hydroperoxide reductase subunit C) [EC:1.11.1.15]	26954.646110100934	29572.37309800348	79333.2134570188	25794.35912176013	53292.50567490969	25918.01974449189	12778.926766258275	43064.20018837554	20772.523192519773	7368.303964712685	4010.903116940343	4889.6078591737205	2848.132345069868	29333.91522549644	934.6235339807132
K03387	ahpF; alkyl hydroperoxide reductase subunit F [EC:1.6.4.-]	8391.38668974756	4522.10197292665	42764.87777684071	4090.684420175488	2306.675837869158	1912.461666087232	1393.1115514553046	13309.036705373088	8301.690983959727	1872.2166702883044	199.2312838859346	1500.142641780975	290.0615671278381	1251.9395686476014	239.16994848581123
K03388	hdrA2; heterodisulfide reductase subunit A2 [EC:1.8.7.3 1.8.98.4 1.8.98.5 1.8.98.6]	3889.889244564831	9006.827999350444	19206.68453485774	4711.588044125996	1966.489176199271	2187.180030657976	7277.21559680698	6563.616583688004	5462.136450552693	2876.559947338287	501.5510101732597	1663.3560978219143	857.2197037541334	1840.98691067584	205.758449457558
K03389	hdrB2; heterodisulfide reductase subunit B2 [EC:1.8.7.3 1.8.98.4 1.8.98.5 1.8.98.6]	3217.1459351023104	5511.801654098679	17589.82730160895	3055.284814761007	1356.367696219609	1463.241315781507	4177.173953352028	5375.001600930047	3840.762633922181	1749.3175299109305	299.7115293068639	1122.704139037724	601.3936558111977	1409.9170499694817	147.79738423117217
K03390	hdrC2; heterodisulfide reductase subunit C2 [EC:1.8.7.3 1.8.98.4 1.8.98.5 1.8.98.6]	3353.078563277287	6312.381392562786	17947.245646148855	3809.537757721821	1600.277962925713	1742.5189472134366	5408.62120489004	5741.168697697082	4595.239311767706	2262.428250689562	372.5461504215244	1090.306711450464	616.4739915477346	1503.6234343368735	172.89539288646233
K03391	pcpB; pentachlorophenol monooxygenase [EC:1.14.13.50]	0.0	1.046585170417969	2.6482726890279336e-19	0.0	7.000796572256809e-19	0.0	1.1202945350115012e-18	0.0	0.0	0.0	0.0	0.0	0.0	0.0	0.0
K03392	ACMSD; aminocarboxymuconate-semialdehyde decarboxylase [EC:4.1.1.45]	16.7756147935846	49.66480752925644	154.4879890157659	425.54919977151695	586.1755786886765	240.1964980431828	1332.123456339558	166.97651592385083	368.8462703335964	199.4969559090491	85.06148823453022	1430.8784324389055	150.5282430470728	819.7279211116728	7.136821602672062
K03394	cobI-cbiL; precorrin-2/cobalt-factor-2 C20-methyltransferase [EC:2.1.1.130 2.1.1.151]	10482.868273240198	16141.397286223772	26611.37665817013	13639.579920438886	50827.2841784056	23079.39907018064	9326.246341951512	15927.33727273517	7175.776944707186	4374.678835764058	3789.517740383227	4195.93253205451	3213.077047228356	28319.340650375678	483.0404482952829
K03395	aac3-I; aminoglycoside 3-N-acetyltransferase I [EC:2.3.1.60]	1.8414738628364813	442.7083535554044	144.64953480460522	28.95255459926519	186.35518986455023	106.50575713497246	17.243721411244643	13.85208997634673	8.760245321516239	60.19706869522986	21.3444550602834	6.011802628145609	2.852092126003028	71.0968758825949	0.7235489059353065
K03396	gfa; S-(hydroxymethyl)glutathione synthase [EC:4.4.1.22]	9.901416005789977e-05	0.0004391569376087	0.0001056033376731	0.0020690987393994	0.0010354186798469	0.0012559168694298	3.788327884013935	0.0002864065116906	0.0002686255401099	2.184282855688745	0.0001847911329422	0.0002535071716379	2.0369987081275687	11.461927679769335	0.0
K03397	E6.3.2.20; indoleacetate---lysine synthetase [EC:6.3.2.20]	0.0	0.0	0.0610826331270056	0.1221652662540113	0.3280102091039785	0.9872083365497564	0.786266719072205	0.0642603423648267	0.0772065651855794	0.2251465841463619	0.0	1.2123549206961186	0.0386032825927897	0.4212230134133976	0.0
K03399	cbiE; cobalt-precorrin-7 (C5)-methyltransferase [EC:2.1.1.289]	334.7020757922853	1853.3289788157413	1285.548662575511	5869.7529943484005	49106.428855528335	21121.895414098817	1846.0495229832031	1548.2028449256572	1075.9250559896675	927.960761731868	3406.9025093566115	475.11057213544143	342.09766679037216	26277.73656555332	80.197843559462
K03400	luxC; long-chain-fatty-acyl-CoA reductase [EC:1.2.1.50]	0.1535662232244794	0.6811113912592903	0.1637857223338921	3.2090731134041555	1.6058848151333829	1.9478669536708215	2.064341931666005	0.4442027916159425	0.416625355728902	0.5933776142047191	0.2866022027023707	0.2968217018117837	0.4640747542006551	2.115527561176206	3.5539660111345775e-17
K03402	argR, ahrC; transcriptional regulator of arginine metabolism	52534.77891352946	54422.61795919361	117962.01281350217	35536.57172941165	82161.41950390175	45324.397360627234	18613.52919759324	83290.65054990079	28293.4776194098	11863.155893917808	5159.187480560006	4868.2351591759525	5646.318355393174	35814.23824742285	1428.667581932801
K03403	chlH, bchH; magnesium chelatase subunit H [EC:6.6.1.1]	13.543711454470138	16.21845564242786	39.8082867371388	28.144260593487505	32.1840253970892	30.143127451395117	242.28950922870507	22.14011030056879	14.629954525506	11.239333522260225	13.022541173295275	27.45914369525702	24.409917628083527	78.40285956597705	3.975968005435136
K03404	chlD, bchD; magnesium chelatase subunit D [EC:6.6.1.1]	1376.7937293468508	967.7134466969004	1681.659448682881	2562.542975566703	2934.761320113465	2112.13518326332	505.8555470667917	1936.7292932158052	651.3889958068594	448.3037487910643	227.3538147425079	229.28803664215908	256.4078236623928	399.74794643557993	64.43979840472115
K03405	chlI, bchI; magnesium chelatase subunit I [EC:6.6.1.1]	766.2793230465863	588.7150539320182	721.3127833881056	494.3155987647166	1127.8664618744126	1024.4681814351616	838.5322380175587	1093.2001873990237	541.0850176147629	286.39360859077067	134.75029194964873	900.6106414543332	174.27465298040767	706.2010508534206	36.681292419436936
K03406	mcp; methyl-accepting chemotaxis protein	187694.9579422677	95670.87545927487	75284.43323909189	71231.84884279873	96935.58343289189	96637.1166682398	51987.468193051245	168060.72203967342	52651.44891642616	36795.838058664805	5049.413629523107	19143.2259310079	23188.85389630674	15990.289230788085	3994.6597588205295
K03407	cheA; two-component system, chemotaxis family, sensor kinase CheA [EC:2.7.13.3]	33007.05234796867	16746.794455474534	13087.3285861759	13831.05356266486	19176.451243679432	19114.057073684893	12605.296555120682	31534.2799759212	11446.263471129403	8616.524494713718	1075.2323409082203	3555.2588962262807	4201.762975089332	3800.397214134284	754.8212098100062
K03408	cheW; purine-binding chemotaxis protein CheW	37738.942723789776	26928.73343653733	19807.35071821248	22101.94890417501	21647.38294199591	22009.37037240999	19814.519544440936	42438.00171284872	17083.705140212645	14133.066356721063	1662.723827841795	5754.814762092146	8036.691834865587	6135.07893383157	1068.5537240581573
K03409	cheX; chemotaxis protein CheX	5022.635479296207	5605.480467134738	3739.62187199052	4451.147834001931	1533.0012097675517	2028.89632932195	2801.6480812974146	5585.318579686427	2784.31570573668	2893.230226201969	240.41968411199264	633.5472202206483	1389.9479280328103	873.0136999650695	99.1755518396876
K03410	cheC; chemotaxis protein CheC	22693.75821482722	13918.835200271653	9775.563178749984	10150.42231183431	16045.13971664484	15329.080190510436	9855.323673824254	23762.00936025931	8460.143488241889	5528.417588271916	872.1971208378329	2639.3844770621577	3305.620456536128	2298.5512745653687	491.45934272288827
K03411	cheD; chemotaxis protein CheD [EC:3.5.1.44]	24235.14900637397	13978.51808586346	9718.376521044263	10324.917646998238	14503.664354382918	14047.331188469769	10500.584427266056	23963.329807108574	8866.490253024975	6185.253732530281	848.3908764121595	2740.4915810975176	3313.9824237725134	2517.7732902672	546.8849449472541
K03412	cheB; two-component system, chemotaxis family, protein-glutamate methylesterase/glutaminase [EC:3.1.1.61 3.5.1.44]	28893.43316012151	15665.356927218563	12454.913525139564	11872.159043599731	10962.47458656576	11692.849562061994	12081.474931059947	24146.440870518843	10606.0265722714	7406.555472428894	978.2115002305188	3600.4984443838284	3950.307758506087	3646.757114293546	664.8941842052125
K03413	cheY; two-component system, chemotaxis family, chemotaxis protein CheY	52205.19812669775	25019.46924526412	22242.492816389786	23478.10338473417	34385.26530774431	32521.553124356997	20354.08148625491	48378.519411453344	19464.4902123654	14488.063543724444	1830.743448006218	5645.111646707301	5557.193677445228	7996.498368637895	1135.6074470376411
K03414	cheZ; chemotaxis protein CheZ	73.88764152565483	71.84566364283614	152.1551772921841	150.4934395877847	487.57415443564366	338.59270328779087	658.6415150511513	249.74154445529723	264.7206585190252	204.99738770353463	69.65438399214324	941.2718767244723	128.2821608729419	520.5549595476725	117.60845426557847
K03415	cheV; two-component system, chemotaxis family, chemotaxis protein CheV	19976.34906461408	9375.371352489465	6597.745186647131	5921.075886314586	13610.34185933815	13343.48112068237	5447.311989165135	17718.154527841274	5508.617501293506	2942.5644068657343	462.367364124335	2171.7906916771376	1437.350693715974	1560.5114081624397	427.2360123982327
K03416	E2.1.3.1-5S; methylmalonyl-CoA carboxyltransferase 5S subunit [EC:2.1.3.1]	0.0	2.36330559438314e-15	0.0	0.0	0.0	0.0	0.0	10.123866761178094	0.0	0.0	0.0	0.0	0.0	0.0	0.1524115693968989
K03417	prpB; methylisocitrate lyase [EC:4.1.3.30]	2084.708810480992	1160.4702154389606	827.466215067347	596.5736900691539	537.2417332556115	604.489275307143	697.5090914188244	1617.5959109642895	436.078623835966	247.9920538710008	128.05084816618253	272.6537696393947	200.48123960446557	473.6659017933148	94.67847499922443
K03418	E3.5.1.56; N,N-dimethylformamidase [EC:3.5.1.56]	0.0055232805976528	0.1228360737710634	0.0053488766000512	0.1047353080740259	0.0523718811192161	0.0654681499029992	0.0935569057601555	0.01663218151397	0.0149827868211761	0.0202081879696032	0.0106554965724561	0.0928648200020989	5.979930310987063	24.86220541662095	0.0003302751324139
K03424	tatD; TatD DNase family protein [EC:3.1.21.-]	83734.16642037476	75362.13006982996	163760.4624923545	60444.51653719267	108831.55055985707	70824.07626630331	28421.198682698232	111339.97874762896	47780.8024841798	20128.5677379596	6900.149568014341	10777.52350717379	8574.866985927694	42814.04789135223	2455.120395454872
K03425	tatE; sec-independent protein translocase protein TatE	10.000005523981311	53.53175186496268	21.868662904991734	74.64588627553002	156.60350147871478	158.6305168531582	98.77375330778165	70.62275824129998	75.51650958621148	74.40493944523675	32.48411391940882	26.66981627221141	74.3544773032549	71.96296698677435	15.50002200353846
K03426	E3.6.1.22, NUDT12, nudC; NAD+ diphosphatase [EC:3.6.1.22]	34020.02994507729	22112.15687226084	70509.29369358215	16619.40247344089	71324.93033514898	34638.696389952886	5630.194107465579	40108.516771552015	15500.636094809695	5425.450038329609	4385.958678273023	2547.841638923319	3322.309061843969	34775.129082034124	615.2328516842647
K03427	hsdM; type I restriction enzyme M protein [EC:2.1.1.72]	98328.4896798098	85963.88887151009	162446.21783221926	52577.29704825838	132672.74261803745	73678.52147095567	24284.121808798634	118910.78201108814	44247.69962291811	16230.48642071993	8025.327296741696	7700.130417706104	6822.149075411936	58868.373905703775	2418.666962396489
K03428	bchM, chlM; magnesium-protoporphyrin O-methyltransferase [EC:2.1.1.11]	11.569566988607953	10.673524443903466	39.434048207658655	21.01886055968655	28.745826182795582	19.764776542913715	154.07624589065426	14.33552472998279	9.2801042107889	7.232415429473642	8.228718742114607	17.44893920890216	15.396625068748271	50.19865356036758	2.4124589346773533
K03429	ugtP; processive 1,2-diacylglycerol beta-glucosyltransferase [EC:2.4.1.315]	10702.057114498297	18689.094485939408	11307.246043433428	31736.722055032125	133231.02558608743	62586.875744774414	13835.438582270936	17875.949277654	10752.656176239305	8382.529933678512	9348.103216202147	2936.189365085693	3265.840441605408	67474.43514223915	625.2386014574327
K03430	phnW; 2-aminoethylphosphonate-pyruvate transaminase [EC:2.6.1.37]	10157.069358652672	4851.999148037911	14637.267735922627	3967.718851119345	2509.6372109509816	2312.1741350690336	1931.423851387337	10313.650469536187	4825.068725848574	1981.3437635867344	175.96324229452665	1417.1549415353736	607.5416685063542	633.6008978677254	179.83091981145753
K03431	glmM; phosphoglucosamine mutase [EC:5.4.2.10]	38581.98979861022	58324.096886018895	51835.548511955225	32814.18121735049	136260.07044309378	70410.7606325335	22471.6841970616	55301.05543964134	16529.633120604783	12145.967032127332	9143.170641121207	6804.992572410177	6389.441460928319	64984.268735463775	1273.4003575595527
K03432	psmA, prcA; proteasome alpha subunit [EC:3.4.25.1]	0.0	2.03122726119091	518.9600000000005	1251.96	934.7900000000012	380.48	53.60000000000174	0.0	0.0	106.51	49.57	93.78	38.18	5.36	3.5204972697803204e-06
K03433	psmB, prcB; proteasome beta subunit [EC:3.4.25.1]	0.0	2.16660379659313	520.7459175078004	1251.96	939.5111320868666	380.48	61.15493810082121	0.0	0.0	106.51	49.57	93.78	38.18	5.36	3.5204972697803204e-06
K03435	fruR1, fruR; LacI family transcriptional regulator, fructose operon transcriptional repressor	36.54155623454005	77.28464903014489	72.76205435923531	125.79679202613542	233.33920626123452	247.78980104234412	270.0467387609144	98.47192427255678	99.1871503530498	111.0215065369216	33.206824221454035	152.49307508850453	86.05858219330504	159.2808202202324	17.63137048239501
K03436	fruR2, fruR; DeoR family transcriptional regulator, fructose operon transcriptional repressor	40217.69585597977	46645.24840404696	43371.49957115926	44956.86582876444	160532.59113434236	81648.11280518136	32581.031574243887	53921.26711820565	25312.169733033006	16877.017654345553	11209.89855459233	6672.700596696266	5013.16739542259	76258.95383438398	1487.7480673986786
K03437	spoU; RNA methyltransferase, TrmH family	54092.86511616693	52797.71776526059	111873.60875964435	37428.247862397024	90735.9147408732	51856.60078441189	20872.57545539744	78730.96267636729	29934.30601952887	14303.898905427364	6017.364590823432	6154.615704263964	6087.1740191457175	38886.05677819098	1527.835301520811
K03438	mraW, rsmH; 16S rRNA (cytosine1402-N4)-methyltransferase [EC:2.1.1.199]	60991.69289593728	61073.76316245245	115756.59195802004	40256.80996541859	92609.1707614966	54836.55386097232	22236.016444010867	84252.4637897785	33485.834002698975	15303.979840887494	6097.461502340779	7612.704889237373	6598.641672248477	39605.54800379663	1664.7764485257
K03439	trmB, METTL1; tRNA (guanine-N7-)-methyltransferase [EC:2.1.1.33]	52477.96529279103	48335.23166045132	113794.64124573066	33752.65905950634	88793.1825109497	50723.663177853945	12737.242976125151	75429.83527664084	27848.31722869312	11434.845601099696	5436.710741663592	5337.259280044081	5487.678216947361	38295.55457357606	1405.5845410703196
K03442	mscS; small conductance mechanosensitive channel	45351.26976794788	46178.35623243504	67094.46394328013	36482.81715105987	153769.55206219436	79745.84964682936	14888.89925958734	63133.50993011097	17161.671605995525	10537.94990625957	9709.023567624765	4291.196034621516	3863.8668853388	69731.60579508284	1289.40687740035
K03444	MFS.SP; MFS transporter, SP family, sugar porter, other	3643.704157617084	2478.066596480472	12937.640671810195	2443.877301231623	318.0341411411373	269.6051622181332	130.48121577885388	5638.9334235470105	3441.856734408685	813.8131777276424	1.1789555490574462	156.77239871466148	26.01425848894292	61.0669789643366	136.54916188621223
K03445	nepI; MFS transporter, DHA1 family, purine ribonucleoside efflux pump	11.574164244094524	56.93301033679239	21.914095631891332	74.1981749794311	207.53635689016565	168.45008206586863	376.0541821604779	130.63091638475478	227.1359369368149	135.37387551410933	48.92952361068521	658.3270596601067	126.50126087527792	389.2662958372719	15.432968468415616
K03446	emrB; MFS transporter, DHA2 family, multidrug resistance protein	1006.3890592495442	591.6764738593047	6372.780194225456	909.4472380619372	1940.4948791493664	1781.1669551302352	2004.1957293008172	2421.9275568106787	1149.1399450346285	610.0259493924182	193.7996103758489	1690.000579654352	441.1441013449317	1243.3599302013122	101.1395241317829
K03449	MFS.CP; MFS transporter, CP family, cyanate transporter	3268.4928561631305	1852.4989797049948	5112.940548333971	6028.277458565705	11385.138132417587	9006.164506989688	1038.3256057716696	7811.211387443442	2874.192408464477	1785.3481849800469	527.0323079392206	693.9723250703314	388.4663215609835	1929.4978110766776	137.57204114174925
K03451	TC.BCT; betaine/carnitine transporter, BCCT family	2811.695653398577	7889.827525322571	10095.087314162132	1989.896749052047	2417.28678934221	2331.2496983561496	2057.839579917421	3401.7606072969784	1052.0920210105878	686.8443582648733	322.33824176552884	1739.3162090622886	747.6770458396802	679.6836356203551	103.9317980804689
K03453	TC.BASS; bile acid:Na+ symporter, BASS family	22194.665156661133	15696.613654028944	90209.85898145298	15583.172539067986	4895.4053535620005	4058.089445563805	2107.092694306364	34870.61669514781	19650.810823538188	4763.529797338282	414.10770368174906	3043.2863259884416	1089.2850193657514	2452.527839734588	625.9066265140798
K03455	TC.KEF; monovalent cation:H+ antiporter-2, CPA2 family	16873.245639762572	16522.513594449672	84521.80330746983	17668.962870296204	4514.135866348137	4609.873881158593	4948.403708524494	34945.603676793806	19149.51673253956	5985.114192722258	375.7757049482959	3065.554998584813	935.3513843641836	2568.0633762116586	706.5215937874492
K03457	TC.NCS1; nucleobase:cation symporter-1, NCS1 family	3263.470923640395	3108.9258248744427	2000.635164269197	3120.2242098534293	4799.597463759639	3105.384726955345	2744.6885600743058	4309.148687340192	1840.828241596648	1580.398685256671	487.5363791262577	2910.160943186522	873.7365008742145	2196.143305050095	238.5367524965338
K03458	TC.NCS2; nucleobase:cation symporter-2, NCS2 family	7841.456115551179	15076.842325263797	5794.678704472659	13777.841496262568	100309.5934644177	44033.88584554473	5559.312711876724	9510.01317764727	3459.1975988314925	1957.43315176042	7018.584353937399	3884.8013730084767	2166.4922100654653	54198.49532436215	390.2757968901584
K03459	focB; formate transporter	9.85	53.11	21.84	74.1	156.34	157.84	83.95	70.03	72.17	74.1	32.12	25.91	73.67	69.82	15.42
K03462	NAMPT; nicotinamide phosphoribosyltransferase [EC:2.4.2.12]	1237.0538296768914	251.54464368256956	101.76722979824658	96.60357132697528	247.61464257611917	204.52331947738716	246.935661246532	884.3681564084206	193.11427501781336	144.35730620514792	20.6255971763548	61.565454742420215	20.69859993724425	267.10683410949923	5.7103404539285005
K03464	catC; muconolactone D-isomerase [EC:5.3.3.4]	8.594610345462558	33.353366334758064	32.74750813398185	99.76570827863172	450.4682158916151	230.69539617198308	689.7234934668115	84.12412684526791	202.93168766941108	110.79554921371214	57.84002352203487	901.099832035677	60.902304761042544	612.0390498494797	0.2661047408783075
K03465	thyX, thy1; thymidylate synthase (FAD) [EC:2.1.1.148]	11517.702967682158	20296.823295139497	22542.73319507225	12555.208957848468	8841.122618536963	9548.18145260405	13206.59782596181	14450.030889885777	9323.315439082566	5155.794040074801	1137.389844799336	2988.103069896164	2828.693210373029	3494.631405506288	562.5168782635704
K03466	ftsK, spoIIIE; DNA segregation ATPase FtsK/SpoIIIE, S-DNA-T family	70476.25070017063	76044.91017546997	153941.58718423458	63535.77851594212	233240.94258042265	114420.88216578984	27041.869506503244	108738.6331505398	36029.31290850513	17677.42145881348	15157.074516788922	9344.205356175798	7663.652508478031	111404.14981776642	1959.432063746384
K03468	aaeB; p-hydroxybenzoic acid efflux pump subunit AaeB	10.000005524967	53.53175195565629	21.86866290717726	74.6458862829452	156.6035014943597	158.63051686895326	98.7737533161825	70.62275824830787	75.51650959343353	74.40493945265193	32.48411392262307	26.669816274804223	74.35447731062705	71.96296699376123	15.50002200508154
K03469	rnhA, RNASEH1; ribonuclease HI [EC:3.1.26.4]	54585.5551268243	57701.38537506856	125396.46124415148	36837.99890385207	89511.7180411354	52495.96186514512	22189.353789552915	87258.42527524134	31210.22363466772	14910.62431555763	5914.903658070354	7517.467411889425	6014.332876317472	38750.67894447198	1642.5770400262022
K03470	rnhB; ribonuclease HII [EC:3.1.26.4]	51102.6168530769	51233.77075605909	112230.3912161135	38010.07870321233	89661.45394392379	52140.95579535459	20264.700043044584	75210.00785730372	30986.15617849419	13874.043993527386	5861.90097757262	6436.929592642759	5915.646820553616	39081.09636821083	1488.329166523004
K03471	rnhC; ribonuclease HIII [EC:3.1.26.4]	192.21191596463865	783.3794813588227	3350.40535439148	3802.9432777162456	1785.898788589276	1369.5690879275878	1181.4225512073217	893.5415599791136	2391.139799202152	796.4688165148586	223.773060371042	288.49493049366765	317.8639526646638	1079.8742131198294	22.045363510114285
K03472	epd; D-erythrose 4-phosphate dehydrogenase [EC:1.2.1.72]	10.000005523604814	53.53175186293266	27.058662904156947	85.02588627269769	184.473501472739	242.51051684712516	192.3437533045728	76.08275823862323	82.07650958345293	93.53493944240442	32.484113918181095	129.67981627122106	77.63447730043902	127.75296698410564	15.613121836597491
K03473	pdxB; erythronate-4-phosphate dehydrogenase [EC:1.1.1.290]	13437.8033623086	9070.71502396734	42467.83671096053	9147.72489220415	1294.7967176861107	1226.936620597911	665.728845211788	19330.676463257976	10486.52741620359	2871.637739469685	36.80411391940882	983.93557058816	168.64435095884136	481.2806815228433	518.6987921112134
K03474	pdxJ; pyridoxine 5-phosphate synthase [EC:2.6.99.2]	13524.084748189784	9586.849125350847	45731.24969379038	12390.87376703254	2044.6717511632928	2311.207006398765	2018.197975954384	19941.59556725464	13022.226827029246	3451.79728322975	125.60222304761146	2328.38928107749	546.7359471483849	1722.723354440909	613.340921072629
K03475	PTS-Ula-EIIC, ulaA, sgaT; PTS system, ascorbate-specific IIC component	2883.07337253343	5404.891396660962	1843.8920357703216	2321.331941337831	5529.75491857202	5112.469994002809	2961.5754576481017	5972.364088312121	2512.274735073333	2398.944308000084	660.0926782752391	1254.2376564979936	619.5611192079164	2166.935911233928	206.7418947858523
K03476	ulaG; L-ascorbate 6-phosphate lactonase [EC:3.1.1.-]	11666.4213473182	5876.247957694123	4236.152538674893	3763.788658664217	4675.761698008987	4712.606457692412	4348.488981095623	7413.399238182413	3991.185988770145	2445.3371796227784	319.32425341609814	1824.9907648416588	1039.8951746181142	1293.080986214934	178.1214852832888
K03477	ulaR; DeoR family transcriptional regulator, ulaG and ulaABCDEF operon transcriptional repressor	16.52025811402796	67.61114481131129	21.8402752905235	74.1053938134518	156.34269916832167	168.0683221420598	111.28587960896114	84.03074661423292	75.11070026194366	74.10099734741561	33.920481720307855	44.44829712752414	78.5374795037924	85.74592967174733	66.4199999994106
K03478	chbG; chitin disaccharide deacetylase [EC:3.5.1.105]	5312.058113454364	3396.4216086180145	2762.50049648363	9021.37450220626	61465.05218656524	26409.598230272568	3999.3503302068048	3531.309456418038	2319.748207534642	1586.6590737010158	4216.691767400923	1421.4325145045862	907.2011599783132	33364.90433637572	148.85537175327264
K03480	glcT; transcriptional antiterminator	5598.250686462768	3180.8632060582804	2422.2027447954533	7300.319938239902	59512.718885483904	24113.385557816357	2319.261806966246	3574.687717646113	1334.1299381453432	879.6009207902343	4111.3614960779705	1029.8354823547388	829.2559986260113	32900.219163573485	181.60542313614465
K03481	glvR; RpiR family transcriptional regulator, glv operon transcriptional regulator	2424.2849725940014	10516.113342452718	22102.273012172693	5647.608871209759	4324.454350051048	4345.624605912612	9029.740542759604	13651.84379749524	3576.6898820642555	2585.5761603930573	589.8034015747447	1913.7493590123968	1122.5291630540405	1530.2734575303557	125.14181988325956
K03482	yidP; GntR family transcriptional regulator, glv operon transcriptional regulator	174.2650616040766	206.20931127387087	104.2014410082214	276.2655583318363	705.5809845314947	538.5718276562087	230.88091732147143	444.858154481242	242.88059200425744	297.72764122392977	105.7625738913352	138.89495300241822	167.91475697639143	365.52371603004167	31.600818926145006
K03483	mtlR; mannitol operon transcriptional antiterminator	2389.7921905316307	6807.396352593101	14747.540995247791	1048.400698267507	1784.636033653912	1561.0282461371262	2367.055976772628	9685.948256119613	1195.1365593013293	1711.130260093892	173.51478840679368	362.4164165858792	346.81700588740097	519.7212736874175	71.60150455365844
K03484	scrR; LacI family transcriptional regulator, sucrose operon repressor	24304.117643857368	24882.77820141972	38519.92285910045	21598.691537057	159631.16170952143	68315.30697671372	12403.233385200348	32811.20267013564	7066.780737815631	5248.422149397507	11154.505047248997	5127.357620525248	3424.507336758976	86820.00295824993	640.0990766053857
K03485	treR; LacI family transcriptional regulator, trehalose operon repressor	11.70924681421481	57.24785463049896	21.86883308510768	74.64922064828082	156.60517006143354	158.6325407710994	123.41943127576386	72.16062463884202	75.51694247649225	74.40555598922603	32.48441171114279	27.054475895952223	75.08010211790723	71.9651651152158	15.500022002949065
K03486	treR2, treR; GntR family transcriptional regulator, trehalose operon transcriptional repressor	4490.702330116736	4399.743053164391	3702.797550585733	9697.70617652072	65600.05366170181	28542.02136110552	4021.336174969914	4812.110613255001	1881.321548821527	2605.8071646997223	4703.454807975234	1784.2016109782198	1245.7200647956429	34879.604579244595	148.65712339536583
K03487	ascG; LacI family transcriptional regulator, asc operon repressor	4778.611046701344	3089.9003996988968	1506.7086616197807	1053.4855607177496	1216.9484966356322	1198.8078853786606	1971.510634937977	3144.248629378745	1408.2414473432052	732.4750951731013	178.76217790028636	991.8125539007576	529.5497498137688	511.6725190648069	121.13440156918033
K03488	licT, bglG; beta-glucoside operon transcriptional antiterminator	20581.426376322357	26675.825620390875	29909.428267269395	46844.29426923921	318009.11780636606	137390.66051753462	20172.619023571744	27031.318249278047	9492.357506577024	6893.10254184585	21921.93776652088	7741.340065686574	5474.433255292491	172342.56533577738	840.345130311882
K03489	yydK; GntR family transcriptional regulator, transcriptional regulator of bglA	1372.2412496962306	9666.867960306025	28319.73565699373	1284.3705235359976	12214.474037575304	5572.185290458902	3023.3347660990166	14210.87159977966	268.9683548149944	567.9957757138051	874.593159802916	339.5593546937126	58.65256887374693	6624.6480743192	13.12214728117948
K03490	chbR, celD; AraC family transcriptional regulator, dual regulator of chb operon	627.3059029903249	659.682922697336	395.67352489820496	417.00817021020606	211.0686224474399	346.12854582859484	703.0014154150888	1319.7334720204767	582.928422906091	1259.736975450272	73.42201259855656	89.71452555589394	136.16448299139623	113.79861797739512	51.193948089318425
K03491	licR; lichenan operon transcriptional antiterminator	7246.321803129924	9986.246965637332	3818.677173067595	8999.918282324772	60775.307297421285	29582.739071984044	4950.213896069981	10683.621851198124	3411.814157942148	4137.8034363758925	4410.620079371575	2085.3832541550883	1184.6398789680477	29728.5983622504	338.1828314327088
K03492	ydhQ; GntR family transcriptional regulator	1672.6706276395075	9446.371172407877	19986.436437165663	18260.719248552887	173430.5357475682	68866.37408501063	4733.853157816152	10217.274692650077	483.9505314166837	1327.1164923015551	11935.672702899052	1023.8759816027024	727.1919260678428	96345.00608542036	194.2405645012712
K03493	bglG1; transcriptional antiterminator	0.6914316686275802	2.8880226474150423	4.146980951600038	0.0068156184447381	1.9952912194016816	0.6545245100509496	21.081662979574723	1.0177929406881987	1.6274038854946062	2.64462879899113	0.0060457823657356	0.145035530713906	3.109877526114033	0.0044930820074116	0.0
K03495	gidA, mnmG, MTO1; tRNA uridine 5-carboxymethylaminomethyl modification enzyme	54855.1189774884	55397.70748025483	113910.60237253035	43375.03955025034	103137.24948205167	58906.25964517673	23776.994349691216	81681.97360152022	33042.1266507837	15250.34212042329	6934.977163132038	7933.394604669753	7623.880281878663	46247.669694165714	1619.6395337693853
K03496	parA, soj; chromosome partitioning protein	147895.0308238596	118396.58346529528	173859.18918453885	94393.02100645038	265595.0272556248	154252.8869954607	51551.183773098135	187935.4464118192	63492.380046091166	31017.81964333683	16132.272753157824	18013.336022408123	19523.01889905296	110318.99888777458	4014.099506036667
K03497	parB, spo0J; chromosome partitioning protein, ParB family	165515.65522793337	154381.9037440444	192471.14177648115	117635.4842978643	346086.57850611093	204059.8780271361	62422.1918112377	236376.510528235	70545.34931453998	37112.42549811606	20285.782735115004	19234.0878506423	24948.12487633144	138672.29435760246	4696.000643110657
K03498	trkH, trkG, ktrB; trk system potassium uptake protein	87223.26508323773	79144.19409136927	114743.83874952488	59865.08913983799	217428.3319986251	114939.584643463	33430.18890788256	106591.39509502288	40317.44774602653	19351.70266113813	14068.82791726006	11310.28455598705	9657.249356680772	99809.8600596238	2420.381051604378
K03499	trkA, ktrA; trk system potassium uptake protein	100454.51311189817	90447.99201316664	150914.4818728348	71426.89319053384	236782.13965728588	132026.13781026428	35390.55529984454	133145.01346063006	46671.705122912026	22597.099789870168	14452.810467376856	12247.120344962445	10694.165659998362	101281.43891324298	2882.613931002164
K03500	rsmB, sun; 16S rRNA (cytosine967-C5)-methyltransferase [EC:2.1.1.176]	37026.83971433797	43240.61738594639	46153.34622405632	29717.76598780255	89353.73979417895	51473.71974511776	20801.452657714108	53417.3995993704	17095.428086164124	11312.218033870156	5931.403913926743	6680.092259836603	5854.89761371255	39247.73061685726	1096.098859957136
K03501	gidB, rsmG; 16S rRNA (guanine527-N7)-methyltransferase [EC:2.1.1.170]	53541.77413886914	52625.77067177274	110270.59370820055	38183.43780235381	91102.29261333308	53228.79404802948	21142.556875298826	78074.13643788287	29310.693762657	13978.633940361187	5991.596074473588	6488.459358059056	6291.786856953768	38683.85152878066	1524.7168855629595
K03502	umuC; DNA polymerase V	40364.25453683967	41476.99234591547	59506.68708614332	16749.202546447974	14204.389187463628	12151.452811476098	11017.639165475355	54141.242403541786	19914.75971821349	8918.645599817806	1461.4919762803545	4288.12588864456	4953.559292779856	5731.067008948859	1115.9110018802664
K03503	umuD; DNA polymerase V [EC:3.4.21.-]	3994.365490657738	1555.2384802610345	25026.51711237254	798.6184788386638	471.3545518238089	406.14229967858455	1050.2519283415158	7741.213372137378	4590.322518565316	648.2581295181808	104.22431299790708	958.5287712553944	232.6253769894757	799.1211252242589	36.8745324318588
K03514	PAPD5_7, TRF4; non-canonical poly(A) RNA polymerase PAPD5/7 [EC:2.7.7.19]	9.901939291309205e-13	4.9970260511681045e-12	1.056089187635177e-12	2.069208090365749e-11	1.0354734012727406e-11	1.2559832440888804e-11	1.3310862281206569e-11	2.864216481499014e-12	2.6863973685263125e-12	3.826094690163872e-12	1.8480089907309696e-12	1.9139042492352257e-12	2.9923507567200604e-12	1.3640906860903384e-11	0.0
K03516	flhE; flagellar protein FlhE	10.000005523972664	53.53175186491605	21.86866290497256	74.64588627546496	156.60350147857753	158.63051685301963	107.38029683724768	70.62275824123849	75.51650958614812	79.36819485883892	32.48411391938062	26.669816272188665	74.35447730319022	78.91509204503038	15.50002203655098
K03517	nadA; quinolinate synthase [EC:2.5.1.72]	33507.37200335294	31757.062104927165	80629.95030307776	27975.44413742951	72897.88900055867	36412.485857325606	7113.227695138916	47411.37365256356	22133.914508256064	7891.784183557153	4757.878028910132	3720.842616136908	4499.18274033697	36122.26459160462	1056.9777571826971
K03518	coxS; aerobic carbon-monoxide dehydrogenase small subunit [EC:1.2.5.3]	17901.04525485463	17297.67492034709	11175.13376630197	30761.021672626463	171798.28701501832	72277.90183296357	10533.911954648243	19356.85085549804	6128.208542905766	3372.074528349033	11838.42591107318	7261.554814833273	3633.7405872203694	92508.99528118114	706.0060543609228
K03519	coxM, cutM; aerobic carbon-monoxide dehydrogenase medium subunit [EC:1.2.5.3]	3019.604367463153	2241.977733251201	2951.650402818881	10866.633025728988	61711.720396987184	25007.34208535917	2199.5377968307785	2730.700190434709	822.8621511275292	785.2533136768742	4216.713285083879	2450.980520644951	672.6049852970518	32772.52738974264	123.33754312010876
K03520	coxL, cutL; aerobic carbon-monoxide dehydrogenase large subunit [EC:1.2.5.3]	185.46995327089525	81.29983350648017	1611.9550253421771	3844.124843034068	2991.0578596514893	1217.6817751549245	710.4367551056606	294.7617484605942	347.2762807948736	474.9669497422126	183.09786979430424	1649.2036019526397	212.21142263694335	641.858132879585	1.367723068234108
K03521	fixA, etfB; electron transfer flavoprotein beta subunit	51141.86539134124	50658.28316627145	95669.18028082197	38757.80090512983	79125.00379737653	44245.686958758815	22370.043934525405	70392.8886621354	31646.171789335127	14446.504919096998	5951.190462353888	9278.780172651735	8900.508807271854	39364.57519629235	1698.5247910279236
K03522	fixB, etfA; electron transfer flavoprotein alpha subunit	50054.97831782224	50166.29611383305	93127.50488680556	38839.5357286942	79281.2438360493	44387.71982637631	21998.70688543001	70489.49807844263	31501.36393077144	14212.809935038073	5928.034111843637	10506.384158945497	9897.285695158052	39882.841615205325	1711.86493667349
K03523	bioY; biotin transport system substrate-specific component	40256.15919081806	42538.4436673656	41287.68257694722	27284.07837041077	86437.11040129238	49712.49846288178	18696.245450818176	55034.99873020702	14746.551396953895	9472.40132510374	5616.872955151227	5052.474407532817	6045.312207901482	37295.19196112821	1019.7978380917482
K03524	birA; BirA family transcriptional regulator, biotin operon repressor / biotin---[acetyl-CoA-carboxylase] ligase [EC:6.3.4.15]	60091.79158808895	56421.10228434236	113201.59335349522	46270.91395837201	115043.00119009864	69198.7034181415	21719.71364389397	91520.92976695044	32501.755390484028	13781.51661699307	6490.666128813808	7680.280368480988	7315.313163557133	44819.0648730277	1701.0305909850406
K03525	coaX; type III pantothenate kinase [EC:2.7.1.33]	57193.26975175728	51381.77317900195	72230.62845851049	44287.45438499344	98791.33969835613	60062.10699741373	20668.566646881816	75937.16950654078	28911.987102900057	14341.099053028232	5954.61018163613	7203.571874105461	8627.852812528903	39463.18954591092	1763.3279777367443
K03526	gcpE, ispG; (E)-4-hydroxy-3-methylbut-2-enyl-diphosphate synthase [EC:1.17.7.1 1.17.7.3]	52908.9071435471	47286.000916831086	97365.00706745606	40701.24221590886	87404.47958269023	50631.90866090264	18919.17384076975	69841.3763950222	31218.213553637484	12502.06637369926	5569.823988494097	6604.006649800398	6350.9193615894765	37931.81354578109	1546.4832730524013
K03527	ispH, lytB; 4-hydroxy-3-methylbut-2-en-1-yl diphosphate reductase [EC:1.17.7.4]	64282.243520942735	52361.60916943056	101136.1605655452	45111.82590943182	146384.17767118028	74535.3267061421	20731.387375773247	74326.75343512766	33410.72826723623	13486.850333275554	9538.94565410772	7229.53634448076	6623.506598495139	70150.47321991583	1682.010320867801
K03528	zipA; cell division protein ZipA	16.880649664791875	68.18157089968854	27.06172205180208	85.23186715562169	184.5266403398308	242.59046972552127	246.1953527952886	90.1424516600074	82.23588380026548	96.4076881780624	32.4894670002619	131.18536023019138	80.47314516992755	241.7824802562996	15.613121974906552
K03529	smc; chromosome segregation protein	36911.294699012746	41985.81499732092	41735.787927646095	27420.028628879343	91299.59804823076	53205.919724798514	21205.538866736955	52602.80044721805	14872.823849380253	11129.383168358409	6069.842621275986	6051.118064441975	5932.801795709789	38676.5855382492	1073.1814699629438
K03530	hupB; DNA-binding protein HU-beta	106459.80795742506	90576.37948461912	296101.829450921	71422.2657333982	96893.29409044086	59667.255271009664	29976.85071391274	154771.21433375537	76627.93620700567	26030.26365142636	6451.511881978477	11370.677051348192	7797.568723538108	43738.66617526152	3099.1713127407
K03531	ftsZ; cell division protein FtsZ	56411.65489618095	55779.48512056499	128657.06341998572	42359.07593666275	93618.09032507856	55843.89223967488	21891.794089210023	82867.60487026052	34501.16498176375	14872.725941871911	6183.730172193089	6803.92064401156	6596.95323926468	39613.70879685642	1616.242531526644
K03532	torC; trimethylamine-N-oxide reductase (cytochrome c), cytochrome c-type subunit TorC	23.597151553635957	74.16379100444607	59.846221827585154	90.62772304878482	173.78041896124043	185.18023893713595	184.4310797918572	78.53454150365482	75.52714138301471	77.00132481140041	33.25873223172384	76.04068958072753	79.06270843141749	110.33109330490647	15.805362429748689
K03533	torD; TorA specific chaperone	27.813012700515134	68.89460493871279	35.28713457493221	84.08999999999999	166.33	174.83	137.22687321293262	74.49259514705356	73.5449245476407	74.1	32.12	73.98564878676339	75.7748573776936	104.79	15.42
K03534	rhaM; L-rhamnose mutarotase [EC:5.1.3.32]	9481.60629931591	7821.476496553329	27854.42247930662	8026.0024755763325	2470.0239562322686	2523.665539224384	5013.709103697494	14838.427266596991	9303.285990942031	3531.266759337631	464.4508889797539	1175.1374700283473	897.7092713993717	895.7501094837114	418.3193592457356
K03535	gudP; MFS transporter, ACS family, glucarate transporter	74.5028778292571	147.82453157220064	286.7081877378952	216.66195582857495	683.8672296501711	429.648963022572	627.4162156159123	127.5062964210527	150.35847193840047	148.3498803568784	88.47271824298303	259.74488844020084	117.35819582245728	277.0290203364767	36.3366734802778
K03536	rnpA; ribonuclease P protein component [EC:3.1.26.5]	52992.312556352255	51606.136691770254	111495.82382747316	37754.2698795047	90354.66961041492	52514.050783872735	18285.56272227656	76222.45017525973	30389.32324097505	13483.995540851343	5750.408875459317	6173.841843064247	5849.348133763042	38791.22250502359	1487.0219560846135
K03537	POP5; ribonuclease P/MRP protein subunit POP5 [EC:3.1.26.5]	1.4235565143856483	95.71830288429857	14.297292537135778	64.65003725704034	884.4388502916104	890.9741893431916	17.3165471082981	13.142133945006888	3.0226605682737104	34.22976507639652	71.8748682897232	10.12231895107639	9.721943589905427	121.99770292651088	1.4212371354394244
K03541	psbR; photosystem II 10kDa protein	1.6118432424437094e-07	7.148999111268863e-07	1.719107914549292e-07	3.368268557850257e-06	1.6855494216537428e-06	2.044496582991596e-06	2.16674964245564e-06	4.6623876846549405e-07	4.372932733265829e-07	6.228138438197802e-07	3.008199420389597e-07	3.115464092495179e-07	4.870965377937437e-07	2.2204744846142246e-06	0.0
K03542	psbS; photosystem II 22kDa protein	0.0001018580189575	0.0002860964417266	1.9309222749197503e-05	0.0003676423606647	0.0001773974330679	0.0005354817146689	0.0045514542652627	0.0004026856386405	0.0002760310424082	0.0002067410699237	0.000247342210521	0.0005164868204792	0.0004650501218398	0.0014552250859447	5.44308764770798e-05
K03543	emrA; membrane fusion protein, multidrug efflux system	15401.311410305116	9649.334110637268	64798.119771647056	9332.515004010971	2845.3222319886318	2648.115499861391	2280.540493896572	24024.792484011938	14822.970655018242	3588.412882568443	204.82299860721804	2445.9859466795524	561.0594617589583	1477.8589109378065	603.0191498293768
K03544	clpX, CLPX; ATP-dependent Clp protease ATP-binding subunit ClpX	69722.56017565177	65959.39623329887	122988.09240794684	44976.09091554326	94481.7006255346	57416.4276934513	24194.38869602541	91088.64732051482	35664.88433715724	15973.449783594911	6196.388960144249	8529.263899699257	7867.660009707048	39428.299794160805	1886.167601923892
K03545	tig; trigger factor	71173.4928844317	64006.11655352616	120488.56731555444	46003.45026273984	96898.747484074	58929.43609016309	25618.57400533935	89152.9772290272	35271.40423589562	16600.979841780787	6446.4269093889925	8295.420855016151	8607.888195061587	39744.709965252056	1800.973560096858
K03546	sbcC, rad50; DNA repair protein SbcC/Rad50	29219.76295554825	31413.079241244937	51032.43850530472	22036.142121320605	78658.92091593194	41923.282087164	15291.970073090302	39462.53377692566	13167.68378668993	8435.037132013978	5380.192643928073	4492.519559949359	3173.060203427533	36783.26150389968	979.3931434462148
K03547	sbcD, mre11; DNA repair protein SbcD/Mre11	27262.56977624023	30818.33462572858	54907.71785047632	24242.4664641599	79310.87776709754	41914.782861418	14664.408988173467	38451.41376514389	15183.990327208086	8784.84228403005	5455.473395862753	3961.208126614295	2970.4845745740063	37255.84987724485	890.8908425291313
K03548	perM; putative permease	16.712202637959994	68.21741211486402	23.44968688692781	78.58542603340672	165.28941454939505	183.996864823693	180.62157930274515	78.36256877438228	77.57348772637741	80.23093924194238	32.56338384818707	58.75684580486046	85.13529809858478	83.14262204830497	15.680495324521356
K03549	kup; KUP system potassium uptake protein	10989.78921038266	12359.869596919743	47820.183025654056	7020.060928044975	5456.034205247564	5072.27359841776	4533.561940496043	22837.574782480748	9613.154232951234	4324.148046931845	614.3467898273207	2692.3032346692507	575.7055236348732	2561.6511681791217	439.1614522971089
K03550	ruvA; holliday junction DNA helicase RuvA [EC:3.6.4.12]	53511.63585187112	52728.784302814005	113081.05331536086	38786.56979254169	90751.31984338204	53038.01967582147	20656.4948473127	77672.81175099919	31461.017602039745	14129.074864084012	5911.955600380838	6494.05121264786	6043.381352407683	39163.27567828166	1504.9258090878525
K03551	ruvB; holliday junction DNA helicase RuvB [EC:3.6.4.12]	54016.29277682706	53305.329982692245	114129.34954781736	41370.532805065646	91335.48497566576	53661.98113801016	21608.376181535477	79208.95755476409	31716.56481112308	14349.095021533476	6029.881220582909	6988.984439796586	6532.125683374614	39277.81558645858	1570.6944874019584
K03552	hjr; holliday junction resolvase Hjr [EC:3.1.22.4]	75.19677550757056	15.582069778187453	15.170359295601951	13.656571230967224	3.900529313923004	5.445932033757084	1.83526055944632	23.3457994140974	4.604330952457547	10.57074897991474	3.643857092298163	3.187193638574536	7.865084452277349	2.823455731363313	0.2686485809650447
K03553	recA; recombination protein RecA	55424.1763334561	55704.23126618134	115801.33492940254	46493.84169349223	159746.89717940197	80106.46013984582	21588.097163233862	79720.49260667758	32289.85415017984	14366.69039823782	10618.586608979096	7178.288253275294	6449.083982133374	78025.28577546353	1623.8093237512967
K03554	rdgC; recombination associated protein RdgC	18.74120977581239	78.70167770997651	28.86158228735465	97.74409352204296	326.6351560698031	286.73013136002294	832.2578730480678	188.1947255643414	404.3097463913915	263.71484538819607	63.66496421984366	1645.075595452803	171.8980022927168	744.8850995683406	67.06829739770241
K03555	mutS; DNA mismatch repair protein MutS	58697.80548382274	57757.9147621594	123390.68761118234	45033.72420172903	102637.86688076584	58518.14325104537	22639.70823389822	86595.16899801578	35117.34465688752	15357.296279426942	6857.746760245253	8202.877493721124	7104.368319147248	45752.94428741447	1776.6924170076827
K03556	malT; LuxR family transcriptional regulator, maltose regulon positive regulatory protein	17196.951869458677	11106.018137644947	6588.865718894165	6067.487331595504	3439.5345111409342	3758.6979425303134	4389.91184202962	19803.09638998098	4256.392092096761	2963.125008303628	366.9952667142781	994.445919244472	5523.787951437236	868.5338526682071	296.1775796912108
K03557	fis; Fis family transcriptional regulator, factor for inversion stimulation protein	21.05357694844652	86.63725131247392	42.54158703290223	132.62442498099014	426.39471086689423	338.7994253844978	759.2193585422023	151.12184301487946	259.6435091999719	197.900435133984	64.03129814874256	921.973558725798	131.90737726469138	644.3035950967922	66.50002200353846
K03558	cvpA; membrane protein required for colicin V production	9255.487956559133	6971.602411010493	27640.16808225449	6775.313917081429	1955.7868751894769	1963.974563684647	1182.4654867725408	13817.553940417754	6699.063467447254	2415.709512647124	134.6425811729057	1802.655613281585	413.4132645908248	1134.3353990302437	461.3972303891029
K03559	exbD; biopolymer transport protein ExbD	13452.773349602156	11096.328254074924	51199.3898066789	21663.958381487944	3149.132237837517	3874.299038677599	4006.225415974311	20941.2374352616	19334.612361698164	4537.639946973949	241.31333992537537	3311.096400145076	892.6596457217235	4125.084442868396	773.438720601803
K03560	tolR; biopolymer transport protein TolR	412.3669181067203	351.69684919013355	1725.4919432099175	487.16315819886296	792.636844006897	926.7669694936192	2225.727431065025	1488.5674531065845	893.6075090232872	424.0236869774954	159.94297626262116	1934.7268040503025	389.4546631743927	1430.4622282599717	97.81298066143064
K03561	exbB; biopolymer transport protein ExbB	39708.05082110292	23739.89321237478	159299.62671537884	33157.37838349663	11933.47263897999	11033.694552051562	4456.2802968771375	62732.04279892346	40169.86014620496	8527.915860583453	251.80966662441932	5173.411203420559	999.6770921648576	4628.574303291324	1250.7079450591048
K03562	tolQ; biopolymer transport protein TolQ	227.50522531578852	288.1757137950096	1102.921920923319	325.00604844446883	612.0016602936547	680.1693259578466	882.4720392292825	1163.1479010106448	418.6549724153748	276.83157983217853	86.20401832867907	1087.3366264428707	227.41432396670265	857.9068316873467	81.52720977721552
K03563	csrA; carbon storage regulator	23032.93500219767	14651.982866825168	10135.895637957012	11314.912888320005	15632.54757472639	15577.32908091959	10485.938083834482	25245.170464268253	8762.783595088067	5854.077471713814	867.9546227528118	2264.825842443024	3581.6990029685085	2257.69847395238	573.6733263373698
K03564	BCP, PRXQ, DOT5; peroxiredoxin Q/BCP [EC:1.11.1.15]	27616.38695883475	22011.20005027721	71362.32094690706	23117.27706928854	66034.76233434925	30097.667103405194	7872.246241881719	35333.61525882224	17816.86954366658	6075.727287082648	4653.792545611725	4382.648188163339	2122.485258291212	35050.10235043519	880.2030686248132
K03565	recX; regulatory protein	50372.11622718898	50735.376273698	108955.37373134124	36131.29488633687	82088.28646153449	45658.58844929379	19271.485770812917	71649.95637565112	28565.059194905523	13202.21721210915	5763.242912207152	6147.142397783858	5955.759008161566	37926.4703208759	1476.021841210052
K03566	gcvA; LysR family transcriptional regulator, glycine cleavage system transcriptional activator	65.37834880958951	198.97839110833704	253.21508003684977	472.63889055780754	2125.2201073475253	1182.5272864058463	4497.813206838912	717.0529219844393	1773.9877214327837	905.585541354817	299.2300355277665	7383.982773334088	589.9647806803998	3853.0597199552553	67.10500136390532
K03567	gcvR; glycine cleavage system transcriptional repressor	275.4324896100321	272.4363880825601	1159.994011596208	303.7359446617926	357.7440643790485	593.4829600868304	577.9483689525334	973.4545988162876	268.30833024222204	183.2257726230438	64.0378747240463	266.85436912273065	193.32982665944783	200.6047144827012	29.495406020161987
K03568	tldD; TldD protein	4945.299964330863	4378.151480481783	12638.363305486882	10195.384642071858	68936.33226134538	32926.84514380152	6309.083474091848	9653.734715483972	3412.342638878519	2314.774229193784	4518.449645553585	2380.1007141613627	1037.6806013528112	34276.2093334079	429.0710602291638
K03569	mreB; rod shape-determining protein MreB and related proteins	79266.84857789356	82307.07244006889	146024.19389044648	51921.89243091633	167943.6910048479	95245.02826996829	30297.15845870939	110478.8351720764	39737.83781434718	19384.48191214388	10309.8875940853	8694.311728620854	7808.629461369197	72812.6698202144	2114.03540697995
K03570	mreC; rod shape-determining protein MreC	53702.35661446479	51855.34340632279	110822.32707759071	33806.46965480628	86859.42343245781	50606.81923068367	19539.79954358748	75993.78703898331	29343.93358409562	12841.835703157092	5559.139560708335	6225.666842636854	5492.060259356832	37306.319393500286	1481.692461875783
K03571	mreD; rod shape-determining protein MreD	18713.59959732296	21171.26326506956	25271.04731882738	12422.550114938906	73148.63247657513	37620.15483652011	10073.078119850386	25620.021842866256	6435.339963337994	5260.406659994611	4800.008025008941	2967.0522397403693	2047.874341679368	34150.150314713406	430.6724658945256
K03572	mutL; DNA mismatch repair protein MutL	55687.84904762262	54294.7970387465	113338.93833431278	38186.93750331865	89754.4958855527	52376.42562809792	20773.146223583663	81015.2415905381	32353.44687511281	14262.93617278332	5897.333368765967	7067.453523464355	6140.956799846387	39358.96253449255	1580.7320172205336
K03573	mutH; DNA mismatch repair protein MutH	28.987258668262555	130.40757820449414	64.93215986187998	117.19863757384182	168.74257789766656	169.08453859295363	328.5753924104847	673.2895637661613	92.58515036595864	88.63557163116296	37.93762467465657	48.1168458673631	90.67906713277767	169.85883077535073	19.069459417119663
K03574	mutT, NUDT15, MTH2; 8-oxo-dGTP diphosphatase [EC:3.6.1.55]	88379.98003944865	73372.48110848716	131741.25631479349	50407.68027619434	189766.04390445608	111902.22053583492	25530.479614800337	112351.90619423566	31319.664900396147	14414.55463541484	10885.374360933449	7898.275262105069	9559.260218604277	74888.20145483079	1489.6052424461316
K03575	mutY; A/G-specific adenine glycosylase [EC:3.2.2.31]	31715.889010549778	23535.60505526838	67700.81966963017	23275.573406481268	16021.676476391223	14607.49742921551	12278.2524662813	46512.76654669024	21489.35705690209	7472.902805098647	1001.865167115698	5047.947553186372	4460.640729386651	3694.841016476776	932.778673924486
K03576	metR; LysR family transcriptional regulator, regulator for metE and metH	20.702778793460496	91.45144860456396	41.57359769861847	142.61959681602616	437.1284149830808	359.3644266060953	726.5909827454457	155.4559285865643	261.1206670657141	192.47090252695256	62.89357695960294	999.3675371568148	131.28368788565214	694.8906107192473	66.52760460222815
K03577	acrR, smeT; TetR/AcrR family transcriptional regulator, acrAB operon repressor	237.9299822497092	576.4452681848366	368.9148687995664	468.4443039243148	655.2437046630505	468.01075160067904	726.2224555947464	435.7699060569148	318.794731653497	258.115607002608	80.57901200531715	898.0679360829902	160.31620811981432	494.3268885931557	47.24326115657608
K03578	hrpA; ATP-dependent helicase HrpA [EC:3.6.4.13]	229.6700045811129	674.3113250985967	4478.5986608144085	4463.47587918248	1514.2334865134317	1066.45050174429	806.9058170177914	1186.7527515378406	2582.436502677905	587.7249338191411	123.78411084479627	1053.7798137920367	256.6444702513649	1047.9929603034168	79.50004604733323
K03579	hrpB; ATP-dependent helicase HrpB [EC:3.6.4.13]	420.53832170681903	635.8350702203592	5481.748022449886	3121.2473842104923	368.5115763362834	636.1381673946241	440.02187459394025	1218.0571294048343	2714.722320853205	423.7234399964236	63.18043286585434	206.29515253923088	197.33093421080812	644.0793860318577	32.67035713657966
K03580	hepA; ATP-dependent helicase HepA [EC:3.6.4.-]	1138.6616215589836	1034.3197027876604	507.1590192180521	855.4021483264464	456.67587333692416	532.9192646817187	755.419330998119	2619.32055241384	490.4972107909732	370.959577445304	84.30927320777921	210.4162974845508	951.633721242312	362.3635999779774	37.63402954872416
K03581	recD; exodeoxyribonuclease V alpha subunit [EC:3.1.11.5]	48687.93100237353	57120.18655236156	77078.42639587152	34279.198910348154	103886.3164766183	58458.212219146095	26254.867957588493	74921.64111060799	21539.721879135097	14479.677997393756	7166.014950706481	7421.907231574222	7668.179701963822	45767.418186373856	1486.0030462213192
K03582	recB; exodeoxyribonuclease V beta subunit [EC:3.1.11.5]	34.64111029602992	92.01275894933714	564.8119797866129	1384.425524168637	1354.0710393392928	781.1330620328351	438.3115844145199	106.5497877052478	113.09201256801548	240.77602589610737	106.00689374319909	390.6980391170895	139.29320172409388	303.3355739048632	69.82043421898521
K03583	recC; exodeoxyribonuclease V gamma subunit [EC:3.1.11.5]	33.12181575264621	88.40219456673687	557.326411390431	1374.620517328074	1334.4305606096764	742.705883060471	445.4839209787227	100.16067246544873	110.49401123517094	231.796687739678	105.05750046607083	385.3097394434545	128.70384898876554	302.6290552853096	68.50626001892302
K03584	recO; DNA repair protein RecO (recombination protein O)	52982.97768488842	51904.5612278263	112338.91894027615	38721.0178292578	87324.32901978321	50326.95401658326	18780.78653994484	77239.75675674979	30511.44332649888	12922.158457288451	5610.621812715029	5658.612054670588	5729.031355254075	37603.43138363733	1478.3867631989078
K03585	acrA, mexA, adeI, smeD, mtrC, cmeA; membrane fusion protein, multidrug efflux system	49504.880110827246	30419.08749331552	210585.53800035492	39022.71139055211	5043.6859285743685	5100.975234550155	3552.4509149208016	75684.25844300605	48785.46121636996	10255.303377962538	179.05971537006826	5911.831598335232	1061.5559440346035	4167.855981027725	1514.6974877633584
K03586	ftsL; cell division protein FtsL	207.6700055239813	258.3597428328019	1002.3086629049918	236.51187222927277	425.7694874324575	338.6336901618759	749.4584967175525	826.0827582413001	396.4365095862115	197.88493944523677	62.81411391940882	955.9809474421572	131.1344773032549	644.2889158158418	66.6131218371869
K03587	ftsI; cell division protein FtsI (penicillin-binding protein 3) [EC:3.4.16.4]	18268.5619495515	11240.307933077069	75407.87455049457	14327.164670649809	3778.804004766211	3216.8322186705527	2742.4882074024035	28371.388960647422	18239.54946666564	4261.658272170542	287.80720722397166	2305.982201004962	644.2962269047175	1935.4523579329395	650.6097103496328
K03588	ftsW, spoVE; cell division protein FtsW	56829.99956839999	60016.69797714506	127837.97871197072	50589.52800637468	161818.70927256104	82108.84787157274	24463.316767264747	83726.62402252882	33608.457229887215	15606.810141979107	10969.32383368158	8646.305216775258	7895.734170409738	78925.81590212937	1858.3219936492335
K03589	ftsQ; cell division protein FtsQ	33714.58701024681	32593.269849326734	89217.772214177	25381.533257842733	75380.46982787774	39567.12288313637	11338.82340784928	52236.54505218129	22143.67198974418	8800.857499602986	4985.101800211871	4236.106597195026	3213.3800092296933	35755.572370174385	881.7958589529131
K03590	ftsA; cell division protein FtsA	19203.264401880093	18433.453372457658	92052.7599919191	17819.583083654245	7078.333218175568	6515.698168820416	6425.143441186497	39219.86809399901	19752.959023625684	7420.437169856114	809.4660134867764	2593.010236047788	1250.642249915868	3351.6842420379053	682.428739979913
K03591	ftsN; cell division protein FtsN	25.846353231209008	89.92678960873074	66.94915383576303	134.37650280297132	276.0689189360601	392.88882843378025	173.95620815881793	115.26378354031412	91.29679238667384	129.14674313098612	38.27837152558094	61.01236783909517	141.74783865080468	76.31078162923018	23.39020635928451
K03592	pmbA; PmbA protein	4683.08910015224	4226.094704984536	12562.701908502617	10113.774915060989	68724.1529423518	32715.5125664068	5763.531631244862	9483.1294242392	3148.2715442816125	2162.323750104784	4487.7808931927375	2316.75404497738	901.1537260328952	34102.29432192441	291.7790502442955
K03593	mrp, NUBPL; ATP-binding protein involved in chromosome partitioning	17669.36412193279	11813.065400678825	73430.15505181372	15156.038440341865	3714.555941689576	3349.187068612123	3408.598274814232	27805.103572738877	18501.645277062744	4730.901420963704	352.3762824085708	2341.110610501814	728.7629390269226	1898.5988107077535	639.0092197087249
K03594	bfr; bacterioferritin [EC:1.16.3.1]	21970.45102623388	12359.48593985056	34103.71717179498	15914.040129431422	69705.20767106078	33808.71021987968	6606.471684899816	25514.47587904625	10439.67410269205	4453.137051567065	4347.885440334398	4386.436523326048	1342.5290424678042	35204.75463623024	842.1462687855801
K03595	era, ERAL1; GTPase	53412.40494414187	51987.98406392997	110079.55660430936	35818.942762904844	90613.51451992308	52719.35736607913	19479.56713894412	77268.97001309176	28729.547336760475	13422.325342163544	5834.526120304497	6571.470897650674	6003.842526854178	38617.767259655775	1478.4375486187878
K03596	lepA; GTP-binding protein LepA	52640.45145239422	51524.46880271189	112731.19576765088	39066.793107879785	90115.7405543558	52481.68333804493	20926.128135079187	77763.3761110842	31521.56407176817	14377.023237430018	5972.219352742988	7250.113956497073	6220.401044581327	39163.163776448215	1554.5558923404874
K03597	rseA; sigma-E factor negative regulatory protein RseA	20.67000552398131	86.36175186496267	42.308662904991735	132.51588627553002	425.7735014787148	338.64051685315826	653.5957070229674	143.08275824129998	259.43650958621146	195.08493944520507	62.81411391940882	917.9998162722114	131.1344773032549	510.3129669867299	66.72622167083532
K03598	rseB; sigma-E factor negative regulatory protein RseB	46.48850671437769	86.36175186496267	398.8086629049917	132.51588627553002	525.1335014787147	413.0005168531582	973.5872533784042	168.58275824129998	333.9740286880711	218.82547083311388	98.3141139194088	1148.6398162722114	153.13447730325493	652.0396232614378	15.613121837186892
K03599	sspA, mglA; stringent starvation protein A	590.4235069231404	517.9045999959593	1115.480225977348	271.9598397179309	485.3768094966192	411.5827896283224	749.6743623752039	831.0074612784445	399.1332035796733	199.8374857481145	62.81495043771695	957.5619335963406	131.13594158137653	646.6152574928134	66.61321439855148
K03600	sspB; stringent starvation protein B	207.69120411627105	258.4557738600605	1002.331272217624	236.9588732236402	425.9951810690927	338.90940435015136	749.7587192464962	826.1440768937725	396.49402139361433	197.9668504921666	62.85367706758592	956.040790140731	131.19853912166585	644.594998693392	66.50002200353846
K03601	xseA; exodeoxyribonuclease VII large subunit [EC:3.1.11.6]	54266.616619204906	53494.59455621612	112830.45468262752	42935.16075353367	91602.77529911096	53742.91850254375	21605.01072215433	79761.41620969758	31446.766583880708	14663.160344367505	6125.745113606199	6987.942989983583	6666.7371387006415	39315.39173212879	1605.5794703063427
K03602	xseB; exodeoxyribonuclease VII small subunit [EC:3.1.11.6]	50492.37778186901	50491.26182489154	112113.7167107246	39815.67597536456	83607.12349519062	46659.52736799253	17653.0621821078	72983.53931784982	29283.53626564028	12924.329925577294	5841.601319705965	6343.336605687724	6327.210028213842	38789.356154599045	1483.6933481432902
K03603	fadR; GntR family transcriptional regulator, negative regulator for fad regulon and positive regulator of fabA	17.162035414467514	69.22976000189882	22.08784633135404	78.94037314911822	184.60525118234108	161.45794193420713	265.14632337910814	103.05919583798182	152.07405130565536	104.69901683288964	40.36765438799313	336.06703280898085	99.80551736375412	212.7940353444791	15.61312183872997
K03604	purR; LacI family transcriptional regulator, purine nucleotide synthesis repressor	16667.249893966164	8010.832883243809	6007.088082659859	6505.892055777717	5398.911079778824	5861.938396407942	8880.676329518363	12523.595771495937	7426.903472105845	4958.43308284784	580.4708993752338	2301.495273066703	2480.45705799844	1074.2721810766957	298.69305348342334
K03605	hyaD, hybD; hydrogenase maturation protease [EC:3.4.23.-]	8418.574054470319	8106.385562219837	22615.164799402788	16171.83669035684	59070.04528837541	24712.676211068778	1477.329479278736	12427.318615276246	8392.100738648554	2565.181589656924	4009.31694554829	904.064614377381	863.9519525360563	32855.76041464018	486.0853041395951
K03606	wcaJ; putative colanic acid biosysnthesis UDP-glucose lipid carrier transferase	14518.427011252576	9208.87155629674	43801.81075653133	8931.65268120381	1579.8311251932437	1236.7390062406569	905.836389248128	21444.462686610943	11968.219635116391	3184.4270255401398	52.71856609958454	901.3124314126568	174.61464041525534	539.4592638202886	568.1543048309559
K03607	proQ; ProP effector	29.51881678268237	132.21760082450083	54.28194837827577	185.89240830118092	467.0807008780312	381.6812459969401	417.301458076932	147.26701736972402	156.533791302702	165.15653208073363	76.07112420980076	143.1594247320483	147.94314342011165	241.4180551247337	79.72496953769488
K03608	minE; cell division topological specificity factor	14533.84416037567	12967.579545531804	7363.2193045101885	12648.081434104282	65822.42774108362	31331.89903019661	10470.977094856626	10785.001878955036	7528.965119617167	5484.610582903233	4791.414741824378	3016.824302101018	1916.4564848159544	34456.0558814604	413.5383662275241
K03609	minD; septum site-determining protein MinD	35563.847688370195	36676.24740996596	37055.45116161651	23961.44774011676	84076.56333578823	47978.80050766573	17775.40592710498	48852.65889613053	13396.23388088825	8528.668467101501	5253.97609096853	5365.746174136661	5552.508568684124	36581.47696720444	947.3179706034424
K03610	minC; septum site-determining protein MinC	15485.576838066783	18503.18646220178	22121.954707739547	12832.81547860749	65950.37412296222	31385.44809767935	11855.228564111654	18611.89051319673	7650.312930705013	5848.848110962856	4789.424470574963	2720.3095294079644	1750.782814687373	34535.92601138761	427.3310365222952
K03611	dsbB; disulfide bond formation protein DsbB	221.4173171797984	310.4394285673907	1057.7894156821292	323.7333315896695	591.8854030943577	565.2704415431431	1026.3500281986148	891.926879244205	466.0672399308359	281.73642689686574	143.89956045548502	1082.2513569928717	198.33019210148075	747.5465617747996	79.4609409557134
K03612	rnfG; electron transport complex protein RnfG	50632.35000344084	41004.0066615361	90808.16106353952	28037.349327647546	28111.81411580993	26391.10192889791	15236.27437319754	65374.71838177584	27235.22772213062	10612.68054376388	1461.9350690499505	4391.548092041454	4765.1197958057455	4216.756609150667	1337.433241236287
K03613	rnfE; electron transport complex protein RnfE	52225.17948281529	44568.68166778718	81784.758147331	30928.13159211257	36130.42146417023	33360.69333121751	16505.389241958357	68685.05668166906	25059.8490808294	10918.574743255627	1580.49427349629	4630.530251786666	5975.759782769365	4959.024503882463	1484.7420304413272
K03614	rnfD; electron transport complex protein RnfD	57553.55195573521	44449.97901267822	75123.83483815813	32468.894695811687	43572.39777830713	39806.41326580823	17042.28950907493	78442.14318108311	26234.780443752847	11757.569435479209	1709.5108279252372	5306.730005329517	6279.3302444179735	4800.89203287728	1669.0530049129738
K03615	rnfC; electron transport complex protein RnfC	66777.21381153565	50487.14702702368	79056.27870769778	32042.3767797541	32401.65314404714	30683.05190926396	18831.260563531378	77588.14030417909	28130.274100321265	12087.068149242912	1810.635840645744	5922.507177195927	7993.064402912734	4765.582880809542	1673.8522886342969
K03616	rnfB; electron transport complex protein RnfB	1217.3844643100754	3302.1867892007845	2580.0042965415914	3898.12199042776	4519.013821935881	4407.160758482746	5855.839058356558	2761.4462790409475	3036.4699046619185	2107.8728743261663	601.775616434009	1823.9512123192424	616.1998234602329	1579.8079983124233	143.27424507816795
K03617	rnfA; electron transport complex protein RnfA	58556.42541130624	47162.48389962525	83235.94094509084	32794.31308649811	43575.3550949434	39810.46301460141	17129.82508284302	77546.95063775714	26087.218160535744	11535.03495319076	1658.4972234215377	4685.095433302055	6162.770677641278	5149.493912258455	1624.660318142839
K03618	hyaF; hydrogenase-1 operon protein HyaF	219.3859386330865	238.9677877649276	1085.394842944363	179.50036616605513	160.10496007650292	158.59661849699305	120.831052326911	748.8672979357427	211.6863405135096	80.72944114126845	32.20447038666766	68.9974823839	73.80677694574713	75.56462005226747	15.90635246296505
K03619	hyaE; hydrogenase-1 operon protein HyaE	196.85	225.11	982.84	178.1	159.34	157.84	119.95	745.03	210.17	80.1	32.12	68.91	73.67	74.82	15.42
K03620	hyaC; Ni/Fe-hydrogenase 1 B-type cytochrome subunit	7249.736705677155	5986.606332661651	18317.640025957164	6081.172451902316	1173.6886478970653	1397.734786296869	586.3299326374092	10872.217557411328	5877.426624418307	2013.313930836774	62.64498356778867	525.5163603644024	287.24858542017705	302.3997775148836	369.7557153927146
K03621	plsX; glycerol-3-phosphate acyltransferase PlsX [EC:2.3.1.15]	37822.921353420505	43659.74547576647	45860.68589625031	27371.62258384668	87506.61734054389	50759.497876016365	18850.97918639874	53531.33745001802	16512.54524538419	10499.582011146464	5766.621059160054	5400.185216080171	5826.270428819598	38315.03683782031	1058.0785412275304
K03623	yhcO; ribonuclease inhibitor	839.9045518522423	2848.048643824128	1019.6724182026344	1751.0876083472924	1217.4205300973265	1301.8187539084572	1258.4372455504197	2089.68065306717	759.4132917239589	503.0218716976733	117.9484291922339	715.1224289878227	468.7671725885372	468.5305279979262	52.6778542692429
K03624	greA; transcription elongation factor GreA	77725.35528693904	69126.571487269	133366.03526618355	49749.9316784659	164569.84905562227	85612.37161137094	26513.01056893446	101425.79073150369	37768.22820708159	18708.125835325583	11031.163086164965	8581.92815169815	9313.28178978204	77631.32191413855	1917.035109195
K03625	nusB; N utilization substance protein B	50335.51162527069	50681.7058559156	106553.23120943632	38449.17969218777	90804.24889996524	53185.02569035218	20696.24300742754	74113.84725071675	28867.802164833563	13419.95188553674	5965.917647413457	6252.962717839824	6342.732318756377	38970.9564779388	1400.7325323008197
K03626	EGD2, NACA; nascent polypeptide-associated complex subunit alpha	0.0	2.9831199898662594e-10	1.0451974649333154e-06	0.0	2.763014118656525e-06	0.0	4.421482020427684e-06	0.0	0.0	0.0	0.0	0.0	0.0	0.0	2.6041301256670403e-09
K03627	MBF1; putative transcription factor	0.0	0.0	0.0	0.0	0.0	0.0	0.0	0.0	0.0	0.0	0.0	0.0	0.0	0.0	0.0008678348107853
K03628	rho; transcription termination factor Rho	34117.027060223045	34160.2562193051	100252.73201038514	33223.5192084205	73863.41241309623	36933.90406239621	14122.620033374167	48423.781489746965	28000.21853831669	11512.92238370834	5538.207356880933	4733.510063930309	2874.642911544629	37377.45527285509	1054.598063361526
K03629	recF; DNA replication and repair protein RecF	53125.29509162922	52542.80131493479	113233.40036083524	43892.16995852944	91630.1680635457	54142.57434086456	21625.185921436758	79900.47076010489	31341.207462180828	14515.032213360504	6076.781392377234	5827.013629133024	6760.1080263153935	38845.23842281648	1586.961225622395
K03630	radC; DNA repair protein RadC	63131.47744798606	72414.51912257455	171289.48762191468	44604.17007828853	137512.75204769627	72224.00115815473	26782.348479086224	100766.7437057136	35264.94661567038	17324.395053581793	9299.28845951553	7964.8820212477185	6997.825802998139	66202.11007605618	1770.554725694081
K03631	recN; DNA repair protein RecN (Recombination protein N)	53313.57439981787	52061.05502832365	115436.35169772449	41134.90055647389	92448.18222500935	53858.082028213525	20789.975132604988	79549.4608990204	31835.590084309973	15035.697143793352	6230.424449562409	6776.493356989801	6434.193149115719	39911.35624028355	1600.286361029073
K03632	mukB; chromosome partition protein MukB	16.670005524967003	68.03175187027739	21.86866290717726	74.6458862829452	182.1035014943597	158.63051686895326	262.3837533161825	102.12275824830787	151.51650959343354	103.90493945265192	39.98411392262307	335.6698162748042	99.18447731062706	209.96296699376123	15.50002200508154
K03633	mukF; chromosome partition protein MukF	16.67000552398131	68.03175186496267	21.868662904991734	74.64588627553002	156.60350147871478	158.6305168531582	133.38375330778163	76.62275824129998	75.51650958621148	74.40493944523675	32.48411391940882	28.16981627221141	77.18447730325491	71.96296698677435	15.50002200353846
K03634	lolA; outer membrane lipoprotein carrier protein	731.8989602113139	459.7608245086784	4236.31275632907	401.555212113972	701.4968312926538	810.5303720110153	982.6335641807536	1893.1169452931288	1073.9936606057863	397.5015639028297	88.80842656954161	1361.5202287718205	284.2771982224601	799.0421188499317	84.76186306453937
K03635	MOCS2B, moaE; molybdopterin synthase catalytic subunit [EC:2.8.1.12]	254.2817249347115	375.4373886008685	1209.9383841038266	500.0083102425768	815.2092192281902	1024.3584322488762	1598.7850820317267	1680.4181049432368	531.6087393487304	432.1628582536592	212.24828166905803	1124.1728118393894	380.34337566161753	963.8569249196868	129.34518296736192
K03636	moaD, cysO; sulfur-carrier protein	372.19655028164095	417.54690402626056	1239.1340757431374	631.4913506717149	973.776051295234	1214.5448026575014	1477.6302701995992	1746.2864349642828	568.7716927584154	475.7365385729244	176.47382904494907	1142.1495763348037	411.9245896621962	828.8734378255035	127.32711751955723
K03637	moaC, CNX3; cyclic pyranopterin monophosphate synthase [EC:4.6.1.17]	9354.82206343751	13939.446571849585	8168.689506561088	20061.72926679529	111488.46656726018	48745.11951789818	8969.047461567305	13368.974905368384	5206.9570585833735	3307.914315172673	7833.822898438208	3986.5600924278488	3359.896597555656	59943.2770451562	472.6488236539837
K03638	moaB; molybdopterin adenylyltransferase [EC:2.7.7.75]	23.599584224685277	84.7850022449635	128.41844946054383	156.26590170522442	263.2884679215454	320.6441925902692	431.29798925379714	754.0216949781434	146.59963458904798	171.85980511568025	98.47732139489162	210.51291146380171	121.73521036969872	276.0800068841256	16.936831942382494
K03639	moaA, CNX2; GTP 3',8-cyclase [EC:4.1.99.22]	9932.530573784408	13669.88246492148	14729.214748257098	15470.732090311516	68163.71076015708	33265.08050798201	8911.807566583797	13017.638869131488	4901.46353382085	3239.0460611791104	4957.995832770623	4036.1673408123834	3215.9216257264493	35154.739230129635	459.743828091674
K03640	pal; peptidoglycan-associated lipoprotein	10286.972715224394	8438.125741812222	24340.23117968196	9002.949506623416	2249.3909225314123	2499.904251655613	1591.203418214686	15704.9981807412	8794.64924659866	3153.212910568768	142.7279151182586	1774.4847824619435	558.8917885798926	1065.568641317294	615.7089559036556
K03641	tolB; TolB protein	344.33491279499003	408.3227574452825	1213.0797408898763	684.2786255505441	921.5839278817688	1120.0714769475248	1032.7461742700932	1282.9934389880136	635.9984664595734	479.3911672140263	117.00915195154852	1133.7488261807664	430.91051189441725	824.9980865662686	109.83495022523732
K03642	rlpA; rare lipoprotein A	4492.012692805825	3085.12942679163	35560.966961887105	9324.067164165352	1994.6540909598943	2543.264255810773	2198.784765337954	10377.693223016044	9765.257503420744	1644.816996418227	228.3067734349201	1359.5244496827584	933.4224825502552	1932.0752406945	197.64966687196588
K03643	lptE, rlpB; LPS-assembly lipoprotein	215.0102676258593	258.3623772477529	1040.9599505286478	242.5175923467617	446.2269137416294	351.84720791902384	760.9749121690721	834.083861935927	396.4369603147168	197.8865030226625	64.6142794193998	983.940754346396	139.13632141159698	710.8230911719932	66.61334720143954
K03644	lipA; lipoyl synthase [EC:2.8.1.8]	15243.885188419044	9509.036830886287	71190.19286537419	11846.639496314285	4364.049749354446	3893.211682662301	3089.2282310815576	24704.630825403303	16255.391949984523	4030.491722146242	378.5232371934334	2090.1125708068143	656.4962168951906	2163.931078762909	453.9666793158252
K03645	seqA; negative modulator of initiation of replication	16.670005523981164	68.03175186496188	21.868662904991407	74.64588627552891	156.60350147871245	158.63051685315585	133.38375330778035	76.62275824129892	75.5165095862104	74.40493944523564	32.48411391940834	28.169816272211023	77.1844773032538	71.9629669867733	15.61312183718666
K03646	tolA; colicin import membrane protein	4505.699140979115	3580.250478249178	27588.76958956409	1697.9921474332778	1124.7490277475797	1104.7005933994742	2387.1900712336155	9049.38784185456	6120.4851855057295	1300.6743409993555	178.49233549987508	1287.9462251408631	359.95582105220063	1242.6962348560385	136.39978487286186
K03647	nrdI; protein involved in ribonucleotide reduction	865.5999170604832	5805.689018447987	16461.779572215215	716.3230943495037	4826.13214447953	3550.5608768140146	2740.8709328225195	9960.707726862034	807.3662622559953	2334.026978665654	630.6119509909228	346.0772798814952	183.4890093651266	1669.920264680854	24.22578923231343
K03648	UNG, UDG; uracil-DNA glycosylase [EC:3.2.2.27]	42235.94145624862	36581.093026348106	117733.56887078198	28097.42742064366	88080.98330390366	48956.25957573685	10877.358364399002	64082.26008801098	24117.496873353524	9444.313246231804	5184.582774695541	5251.6183078441245	2532.670888481346	37522.77241645498	1153.158727216404
K03649	mug; double-stranded uracil-DNA glycosylase [EC:3.2.2.28]	76.6235923561223	302.2431199334767	209.85421059218663	1048.843926691368	590.9839634033631	615.0345402142997	495.4887356641591	522.1549814529732	164.81115610380408	198.48337478758623	95.3668120478947	171.48682496260642	318.9589209194553	226.99154678341108	17.145588205295184
K03650	mnmE, trmE, MSS1; tRNA modification GTPase [EC:3.6.-.-]	54677.136761778136	53362.58509250816	113294.92007440072	37998.37876826032	89947.03931123496	52853.171957207145	20743.121057997672	79080.97791771701	31839.80297922365	14181.73503279044	5871.846893452101	6471.6899697633535	6105.978988759631	39221.0956597896	1565.565779628524
K03651	cpdA; 3',5'-cyclic-AMP phosphodiesterase [EC:3.1.4.53]	444.504502422889	136.2262657583515	6901.834902091658	327.60743345949345	294.4235325215104	392.62260163828944	423.7762708789382	175.37314901047984	155.8765007473505	126.28851034480942	40.49233939018506	398.6722100187779	123.550459624749	317.2815339127147	20.847285400587637
K03652	MPG; DNA-3-methyladenine glycosylase [EC:3.2.2.21]	12102.687502080264	9352.646888044366	14599.298208847416	10647.694457086309	63714.311210844455	28804.222925686117	3661.280055811062	12582.367844172471	3527.394640796655	2858.936109651	4474.600105704053	918.762511623618	2259.687207359201	34040.76861964669	277.3056355343054
K03653	K03653; N-glycosylase/DNA lyase [EC:3.2.2.- 4.2.99.18]	9.212462573939478	49.47289338350679	55.36132469423679	104.4934751798405	412.24393118926537	400.991667287045	63.6425046663491	43.67545369282113	27.94927062637476	148.90445929548628	34.47252435866961	40.46924627402853	66.46895336308577	115.8298780343631	9.055481040746429
K03654	recQ; ATP-dependent DNA helicase RecQ [EC:3.6.4.12]	73663.40441181623	68729.49927218736	243697.75217892585	57019.35857276358	139809.39748468297	69970.5908547592	23221.641373581373	113375.06597236672	55298.40715267116	15931.999999521484	9374.347917065536	10041.58343132239	6422.386044518797	71047.97626229454	1907.3680558106355
K03655	recG; ATP-dependent DNA helicase RecG [EC:3.6.4.12]	141855.47653079405	101655.97104797915	252751.003762747	72871.43518888282	113079.83395478562	73872.16246639163	33939.7387548151	163593.65474507087	73396.24385314489	28473.74421332093	7259.93101650879	12690.052933055096	11643.583107399683	43491.63303980657	3506.36069847434
K03656	rep; ATP-dependent DNA helicase Rep [EC:3.6.4.12]	91.5482958192172	112.9197098890919	51.15518622913396	138.64629746665588	426.79246075904285	383.8009341142523	831.9692644038706	264.81234891745896	259.5228903648276	198.9530194507151	62.814127238845984	918.6312482520276	142.2905404963098	645.5296794671937	66.61312183617574
K03657	uvrD, pcrA; DNA helicase II / ATP-dependent DNA helicase PcrA [EC:3.6.4.12]	114083.05705455842	109768.54066217036	217446.9412178328	100666.08422397952	412379.2895301332	199375.87107696355	44541.82769461376	155272.28441527337	61498.16165839757	29472.51839279314	27951.53491940331	17173.971055188696	15732.07641843452	206989.1472873656	3295.855656537399
K03658	helD; DNA helicase IV [EC:3.6.4.12]	430.153871246237	198.60864902456103	698.1869940859607	323.9917757255014	287.5711831505472	366.24245667512025	389.5328026318343	585.7264186300981	234.00932474865192	148.02339839643045	46.18230671655962	269.9241772896827	147.8181176846956	125.51232415476116	17.053472214901827
K03660	OGG1; N-glycosylase/DNA lyase [EC:3.2.2.- 4.2.99.18]	23701.345466184262	26032.793110203907	18335.104386021136	20050.43721779264	81262.62458337126	45109.70644259898	12760.625981298052	29762.24209405367	10405.55961780358	6811.294089452896	4945.9364518122175	3336.640614843399	4161.633799857915	35005.22931831324	682.1749312693239
K03664	smpB; SsrA-binding protein	52260.36936474936	52205.37265791728	112529.69079296532	37894.01916542377	90449.48353284756	52590.65266323938	20060.70671127843	76834.61542820252	30966.44849440889	14067.535881195075	5892.36845563888	6160.124982383192	5866.630861975107	39100.48333612629	1501.598287839854
K03665	hflX; GTPase	54698.94266762566	51405.63173649633	115717.08932807206	39530.90828869554	87607.08421346801	50889.41043319692	19330.3943931068	79600.20350505253	31415.0554345208	13383.822149885524	5648.7266417272895	6326.287340493382	6216.66387586804	37405.4137356798	1519.9363150791282
K03666	hfq; host factor-I protein	13035.448435158378	14389.985636316236	15850.92852022533	17546.528178324363	70786.15422221905	35490.154752597206	9077.869009690105	22957.14268757771	6764.178998735519	4311.536376150884	4703.478672571966	2982.1816257600185	3488.1384968651	35471.53623258524	520.6327790915567
K03667	hslU; ATP-dependent HslUV protease ATP-binding subunit HslU	2091.314107118048	9790.447421952891	19224.484856091425	4415.187796862265	2798.482808446638	3646.303147926677	9701.808728196742	10470.8043582077	4627.755229872448	3723.8700969114857	673.3497360977113	1956.776803518924	683.330755412463	1293.699388183121	200.00347937047007
K03668	hslJ; heat shock protein HslJ	10.125916962279083	54.25566680782852	27.158688065365737	86.05928851773918	185.08502357796092	243.6157003356089	169.6876419323856	76.54946362457704	82.40769590408303	93.88902563839363	32.75363647962434	130.20331918189254	78.18555489629733	109.39437799265735	15.555296104834598
K03669	mdoH; membrane glycosyltransferase [EC:2.4.1.-]	16.29686141495445	53.53185805903207	60.58782969442476	97.02588629777485	277.3569405477913	242.5105169005418	470.1179034909394	127.08275826232298	234.07650960787691	159.19896002802426	47.48411392905125	748.6332490606225	129.63447732537065	431.59331685059993	15.726221675464409
K03670	mdoG; periplasmic glucans biosynthesis protein	18.850857373232664	53.53292322283596	73.75622687216102	103.03128009181488	297.0720604085496	242.51379083169584	448.7634370826164	127.08350485821036	234.0772098509144	163.0639779165623	47.484595640944725	745.169120356072	121.6352573209984	395.7470126160928	15.613121837187046
K03671	trxA; thioredoxin 1	98628.06533293676	105386.59378757272	224190.1534909701	76709.36370580041	202896.92899644197	118848.09548887234	36364.29613005977	163087.4254759756	55469.44891592333	26258.321799270743	12608.807228763631	12996.19303960575	14540.79795496826	84595.8386375169	3194.5599918441044
K03672	trxC; thioredoxin 2 [EC:1.8.1.8]	1954.9351968673143	1274.6543548070167	830.0518851862771	939.5490173639716	716.0443086381872	902.581720841104	1324.7481991913685	1791.6065847124037	666.5771282474277	367.15066921818686	102.54673301343	1058.0682141620482	516.6600426370641	749.3684934140961	100.84758643108503
K03673	dsbA; thiol:disulfide interchange protein DsbA	222.39747797995716	325.50864030929495	1021.6691308638192	315.587910154058	564.3316158039398	496.38283026564	1158.1662510652714	909.9117534630471	473.4616484235214	271.7314534653312	101.0448733608816	1002.4514062062152	215.20152581661213	856.0563772281635	132.9849164952337
K03674	grxA; glutaredoxin 1	16.670006795524607	68.03175872096922	21.8686657243324	74.64589584115014	156.60352166075324	158.6305372288327	133.38376414494505	76.62276728152099	77.11397153213231	74.40494901085687	32.48411806580178	28.169819616951184	77.18448681336604	71.96297599988631	15.5000239941169
K03675	grxB; glutaredoxin 2	16.669747409576857	68.03060705162135	21.868387613633445	74.64049245924589	156.6008023044174	158.6272428746221	141.04631943084297	76.6220116243903	75.51580932150928	74.40394209499826	32.48363219787323	28.16931737372199	77.18369728551215	71.95941120396684	36.41166194971738
K03676	grxC, GLRX, GLRX2; glutaredoxin 3	61.37165667812155	121.01987465028633	218.91536306268816	256.5656755356019	726.6158684556799	599.0640658432003	1357.2644584926106	484.4595025258226	408.39306468692615	267.8303854814645	130.137673663395	1030.212924827354	199.99797988162845	908.9448171944572	74.35936511776164
K03678	RRP45, EXOSC9; exosome complex component RRP45	147.04279299101768	30.33916340840767	0.6195126509506813	0.2886824209820918	1.652242205729771	0.4226519871169726	0.0040717554593573	189.7249667768089	27.081808511700565	10.841404363982576	3.2373676156883917	2.8242241033957187	2.055696454998313	0.0016705959392054	0.0
K03680	EIF2B4; translation initiation factor eIF-2B subunit delta	74.44934182602195	86.83170575560493	120.54713551999484	154.4755654000163	309.0276861762433	498.05107243653424	140.34743219254307	100.13206517872048	285.5091924890868	237.0536903100057	13.115156754085795	65.49865842248958	145.95869754904575	24.586874023905004	15.249687411381904
K03683	rnt; ribonuclease T [EC:3.1.13.-]	16.670006468821086	68.03175695942365	27.05866499994612	85.02589338341097	184.47351647528845	242.5105319936161	272.9537613605024	90.08276495877506	82.0765165089614	96.3349465531177	32.48411700044979	131.17981875757167	80.46448436988905	241.74297368410564	15.613123316316775
K03684	rnd; ribonuclease D [EC:3.1.13.5]	318.9820901139484	1025.224925787371	3887.137720205184	6875.941133391894	1984.039716991692	1760.4056953464546	1925.382669854452	1842.399541520756	2456.5075109485138	719.6851957425515	246.55031238787095	698.5962395109538	752.217243382757	1187.545264769508	81.78458046315919
K03685	rnc, DROSHA, RNT1; ribonuclease III [EC:3.1.26.3]	51085.95219116876	52377.28237462823	105993.84616082071	37958.86287846288	90837.88473086178	52970.85465053889	21282.85061294832	75478.7198565593	28852.631850231264	13821.948068382502	6076.650132191597	6510.505656381027	6378.941733154486	39165.89544037845	1462.9932253511536
K03686	dnaJ; molecular chaperone DnaJ	81214.40835633734	67464.98637781193	121454.27652467744	46630.245863078	109829.67285608058	64829.39429354047	26319.97175972743	96444.6822082909	37854.01963400885	18205.314017589568	7289.7650737411905	8719.624897870284	8382.241547832342	47181.10179462473	1980.4821675802075
K03687	GRPE; molecular chaperone GrpE	54339.299649765046	54827.7466136088	113448.20616088236	39010.73297459587	91549.10839572732	53916.85218825838	20393.93759178117	77623.26111390797	31650.099919268512	14199.997299711047	6009.889729080188	6472.624526257172	6044.529409613805	39265.54275146882	1532.3551409034512
K03688	ubiB, aarF; ubiquinone biosynthesis protein	4376.167979179127	13510.603022227617	18495.958649486	12731.471878870703	62075.84821076731	27150.27225460091	11090.464390682238	16274.133851069082	5987.610597797647	5063.4550666943405	4826.974590826685	2566.749002966908	2005.9331009557764	34248.68126791818	394.07218175462776
K03689	petN; cytochrome b6-f complex subunit 8	2.1231415105411955	5.963430642620422	0.4024838964539369	7.663184155252471	3.6976946721013215	11.16164901089769	94.8710919651572	8.393630701309954	5.753626178212373	4.309337173264222	5.155632515150347	10.765717018943532	9.693563926193788	30.33289689678924	1.1345641166632918
K03690	ubiJ; ubiquinone biosynthesis protein UbiJ	18.96092379514328	82.64434776803199	42.30866290355957	132.51187222441365	451.2694874222056	338.6336901515255	855.4584967120476	175.04535338376132	335.43650958147896	227.3849394403776	70.31411391730254	1225.0965962272217	152.4093346761176	782.2889158112633	66.61312183617574
K03692	E2.4.1.213; glucosylglycerol-phosphate synthase [EC:2.4.1.213]	0.3270582348733912	0.917586663255927	0.0736970917105534	1.1876525898926515	0.5975372203371815	1.7695919234515056	14.514658265265645	1.2936302774688029	0.8838619393045517	0.6735766056403024	0.7897468402703538	1.654705370770047	1.4993573617205893	4.638407879550242	0.1755793220155438
K03693	pbp1b; penicillin-binding protein 1B	72.72454882485737	549.4334622237144	888.5693131354412	406.52443301199423	3006.7195268669416	2419.0793562251283	415.25492904245874	371.7285002585584	177.0861096260731	1001.6682969671442	372.16158071229376	111.6496260654231	28.59081537692568	1014.52433051807	4.836683152150055
K03694	clpA; ATP-dependent Clp protease ATP-binding subunit ClpA	5463.708035315159	2256.6943786292686	14012.549542947298	7261.230552684021	58983.43762129226	23842.469184730384	2298.636718349219	4858.893511619182	2192.252300415736	996.5447171309156	4069.167381481888	1546.0327594434748	546.4742442565494	33314.42664733907	160.9967951142693
K03695	clpB; ATP-dependent Clp protease ATP-binding subunit ClpB	46825.731321948944	42480.96325350004	108473.07177801356	32886.42693607934	81100.02890328488	43285.13139572252	13268.715742923923	68828.83518465704	27255.93913268255	10860.842035653714	5506.817047829572	5646.879517794716	5313.875048796038	38441.52584393648	1394.464938750178
K03696	clpC; ATP-dependent Clp protease ATP-binding subunit ClpC	57044.23131442079	60341.747974820246	126501.81671195786	39316.613416271925	90239.15821685852	52565.00723672107	22653.792981118662	87076.30478397949	32546.122517352684	14463.855197588866	5925.21200467754	6313.052361081944	6007.163671424789	38805.50091781525	1507.2241790233584
K03697	clpE; ATP-dependent Clp protease ATP-binding subunit ClpE	893.9007774279025	5941.523476690621	18178.89508901397	1055.2473088065417	1561.100522691553	2587.204766706	3162.7419706641044	9679.908325950772	767.1457262655052	2199.24201571267	282.48156709749173	213.18444635605903	208.3775733725952	158.57060272376506	0.0
K03698	cbf, cbf1; 3'-5' exoribonuclease [EC:3.1.-.-]	21320.877288821328	21618.57360555295	28629.4612322753	13413.88927058389	70800.32782268112	34721.741535287074	6922.278480025422	23908.37381352029	7204.61181662818	4748.727626545965	5001.202349035279	2161.1244259761247	2612.267466983941	35327.69313212685	372.1324756808551
K03699	tlyC; putative hemolysin	49880.171526507234	43843.16090483649	81034.75719835583	27829.543109856957	38364.61987472845	35378.396002894915	14817.488806734262	71468.49023710279	23971.222459533656	11828.580499980617	1723.0948179681773	6117.561989130817	4726.988065335925	6610.469083902566	1474.7954777624186
K03700	recU; recombination protein U	17894.562365433536	20308.10677338946	23365.59685811448	4795.128080944269	9987.579257199484	8601.478011342879	7428.375684679628	21619.026242030774	5127.7274527776935	4568.968120867836	940.8294323969448	1957.5511969348604	1554.2069994897415	2241.9581040804906	274.1467755006447
K03701	uvrA; excinuclease ABC subunit A	79957.3105233614	75254.34401478674	214705.19456598745	61624.68309081074	104270.8496886759	65353.04199164005	28254.62237600075	130189.3661790698	55393.77557707708	22017.888471975173	6612.370879954112	11418.003875323211	8403.238201411492	42486.32429523538	2372.737807288315
K03702	uvrB; excinuclease ABC subunit B	55192.1881821711	53939.195367287815	115713.8543190977	41862.25784862336	92734.41109164286	55062.23137780538	22052.72576227156	80637.68050461521	32166.851441012877	14575.72031205935	6103.406021339428	6956.106838194804	6795.604534497101	39386.737767896346	1673.8909084653671
K03703	uvrC; excinuclease ABC subunit C	53203.05829013784	52564.81231712744	114459.60113699852	42246.355832961286	105685.30828404146	60472.3425367633	23148.50374659542	78763.37455270888	32933.709097053084	16230.426177170915	7108.549590634605	8211.81361817737	6684.153423816695	46924.65087024548	1593.9120472955422
K03704	cspA; cold shock protein (beta-ribbon, CspA family)	32649.20292070244	38039.1159588178	50460.93814807857	26091.64015635033	93770.94532263983	54467.63003521123	21112.855785587915	46489.14645544592	15322.82842273485	13052.139148373328	7507.8035587944305	6750.707555912062	5396.448209575846	41669.607196265344	1015.8801197301692
K03705	hrcA; heat-inducible transcriptional repressor	36467.47671761736	42407.45452271571	40771.91891016127	26403.71792520198	89338.7575753478	51417.341066982844	19600.56484261729	51326.16850301975	14276.106700297874	10730.449204641594	5902.326321179171	5627.287030024112	5786.408485306169	38143.44535671528	1017.1417304341462
K03706	codY; transcriptional pleiotropic repressor	14775.605516738842	13957.09255748954	7873.52346538504	10104.384073748144	66939.43513573846	30939.005982061863	6737.915962488764	9705.902998942507	5347.335965090876	3921.661145240336	4819.563281768849	1961.269945880428	1458.7892182919593	34239.7779798913	311.3308861563188
K03707	tenA; thiaminase (transcriptional activator TenA) [EC:3.5.99.2]	4813.590157535891	6960.195729571544	3828.734744424844	10664.58298267745	64114.91066724235	28460.28559132715	3985.584508406564	7108.065800420893	2203.6775176738006	1902.885941432666	4568.782862710895	1584.3651891213	1151.35307332397	34067.43412717834	194.8860971379268
K03708	ctsR; transcriptional regulator of stress and heat shock response	11414.599855039469	20819.812804290614	21279.596579589623	16831.715975635525	71217.92445158941	35133.606404687176	11557.908060830712	24635.630406620185	7163.988485104401	5747.432786861831	4903.217624129361	2389.2468299985167	2997.30730104194	34483.97107114072	339.418103211529
K03709	troR; DtxR family transcriptional regulator, Mn-dependent transcriptional regulator	5040.6757181817375	8985.285887164862	26635.788067409278	7886.833966524526	4833.861340559502	3113.813983183509	4230.469494522173	16716.564974849985	4646.125382962453	2532.6544850122345	530.5889083658853	870.6188550424491	1310.164605230288	1245.1332795223263	167.34927308860676
K03710	K03710; GntR family transcriptional regulator	38868.24134142302	34131.859929017606	53634.0813215326	47460.49135672726	183705.76989224812	95635.3541654386	27031.32405058997	57888.5584694736	17664.381074864137	16301.947222314013	12614.530724318123	12338.869458672612	9072.746966150418	85194.53862131927	1405.6847346663903
K03711	fur, zur, furB; Fur family transcriptional regulator, ferric uptake regulator	72785.12943691168	73076.29547163317	180548.0946869971	54010.52253283725	158113.9640551369	83088.6473917746	20502.987383147552	107249.0312784138	45336.72791081705	19553.70779096237	9940.598757155896	9008.022895163484	7473.370205039164	72120.48208711414	2242.4913831734398
K03712	marR; MarR family transcriptional regulator, multiple antibiotic resistance protein MarR	9.936296233857863	53.53013532338754	21.8678347235762	75.82264887570078	168.87018932734844	166.39661727033243	84.33726608992089	75.46751702844134	79.05304754513584	75.524055855172	32.1687068895559	26.58659697166353	73.91001268787959	70.17952538502205	15.42000011715418
K03713	glnR; MerR family transcriptional regulator, glutamine synthetase repressor	865.9002552831662	5400.721951457965	14604.095931709877	440.4789604940712	2567.7124786998475	1435.7252680666702	1537.877767563199	7671.206346349149	210.04055270949385	954.7182015818826	290.90806996920423	232.8226793706401	48.66613655122924	1044.2864359260843	4.836598854978718
K03715	MGD; 1,2-diacylglycerol 3-beta-galactosyltransferase [EC:2.4.1.46]	0.0401766046301055	0.1128471154551265	0.0076162781884894	0.1450118696679547	0.0699721691400441	0.2112139756603009	10.671895146803864	12.166353305598642	0.1088769462627798	0.0815463947967931	0.0975610001268895	0.2037216803883456	0.1834331265182946	0.5739950916401305	0.0214695693699043
K03716	splB; spore photoproduct lyase [EC:4.1.99.14]	8097.298377955372	8414.015554927531	4653.709487396267	10311.853525034649	48894.615915564485	21643.17759116392	4758.762694879459	9587.463692656927	4065.6554404631233	3326.5852079649903	3530.7162943098383	1269.158260786807	2719.6361229444174	26694.96393982268	258.9599026157195
K03717	nhaR; LysR family transcriptional regulator, transcriptional activator of nhaA	14.00000552398141	71.85974283280243	42.30866290499195	138.5118722292735	578.7694874324591	338.63369016187744	1419.8969036506037	302.9643210930975	715.4365095862122	374.2383092095816	107.81411391940912	2761.743266138924	260.3044773032557	1318.9635817531137	138.85326727889685
K03718	asnC; Lrp/AsnC family transcriptional regulator, regulator for asnA, asnC and gidA	32908.01322142732	21136.163674362266	130513.53123014916	28216.46251877903	61195.484357925125	25416.90801731792	2456.970678310243	50532.18675585176	29210.505114603307	6889.041266213386	4064.168314480122	2258.214841041104	904.5003759070538	32864.148938569466	1118.600753630158
K03719	lrp; Lrp/AsnC family transcriptional regulator, leucine-responsive regulatory protein	26151.380090265317	25226.20916884379	45119.89477347855	17783.046436214725	16132.778857977806	14320.320902824991	8447.286651866856	40660.45485842354	16064.524377178686	6717.4810851570855	773.5287872479631	8074.070761122791	4430.110761206353	5721.410465324575	1134.980200668273
K03720	trpR; TrpR family transcriptional regulator, trp operon repressor	20.7532078708396	79.50055593505574	22.642715498351187	89.38363756300662	163.71486711316928	180.09647718553185	315.8387914703294	92.76529627316546	86.58182002412615	82.69260919150717	42.399369535481775	48.87432455723623	95.82703258222544	130.2988598958942	18.83570758579915
K03721	tyrR; transcriptional regulator of aroF, aroG, tyrA and aromatic amino acid transport	80.49186003016095	104.17755606099654	187.6433333457263	124.87921442951456	614.3288683278018	494.95872671599113	216.805286011186	285.583691074061	191.45984268159765	58.72486211838692	11.770261610133437	143.1780196713557	30.8383324395179	95.2334936247664	3.227371204968182
K03722	dinG; ATP-dependent DNA helicase DinG [EC:3.6.4.12]	17601.66418004119	16650.60007253497	27526.860295516795	10329.670267057629	8413.01217337351	8828.914660818598	6142.684717985999	26120.00628889348	6882.369627246992	3199.0347763658992	1010.1050429137456	3089.1245794575443	2495.778150037834	3112.8865147841498	429.2952025446715
K03723	mfd; transcription-repair coupling factor (superfamily II helicase) [EC:3.6.4.-]	56166.42339495013	54431.03298846485	122931.36255854002	41226.66731973973	103440.22951663836	58534.61922558701	22017.157172535524	81508.6970751519	33613.443945978885	14683.08770021655	6789.46458982928	7989.463042021305	6704.711163424351	45890.53012748494	1583.0267237359308
K03724	lhr; ATP-dependent helicase Lhr and Lhr-like helicase [EC:3.6.4.-]	9137.937561992523	6183.607950482712	15656.252027350987	4821.266852058196	5195.233960754775	4555.798943281848	3584.368576951427	8081.805577110779	3443.0707156865674	1901.718936105403	463.2269824677122	2688.785747381238	1577.7468729688671	2164.5012479002994	175.28586496092822
K03726	helS; helicase [EC:3.6.4.-]	0.1492227535183035	0.8239572725509536	0.1591532114592498	3.11830760829063	1.5604639511204557	1.892773440062776	2.0059541320549825	0.4316389537817964	0.4048415169775493	0.5765945087903108	0.2784959418978649	0.2884263963665667	0.4509488581554609	2.05569194391341	7.983846531696968e-10
K03727	helY; ATP-dependent RNA helicase HelY [EC:3.6.4.-]	1.5107627374504262	5.964476335940047	519.831399116445	1266.7021575725803	943.4731086045136	390.048671397226	63.58671456677895	11.70181599706094	1.9139347798693125	109.23591679264304	62.286621555064826	95.1435689011862	40.31191252119062	15.508519819859323	0.0
K03731	E2.4.1.216; trehalose 6-phosphate phosphorylase [EC:2.4.1.216]	3.04292164410744e-10	1.3496252958447715e-09	3.2454214801977745e-10	6.3587928577409665e-09	3.18206800903722e-09	3.859707160019375e-09	4.0905028546041e-09	8.80189836410344e-10	8.255450227347515e-10	1.175780420641708e-09	5.679035581783405e-10	5.88153541787374e-10	9.195662199602163e-10	4.19192741049501e-09	0.0
K03732	rhlB; ATP-dependent RNA helicase RhlB [EC:3.6.4.13]	45.28164894244438	68.03175186679444	27.058662905744995	85.02588627808572	184.47350148410692	242.5105168586021	272.9537533106771	90.08275824371532	85.84158504105993	96.33493944779246	32.484113920516634	131.17981627310505	80.46447730579578	241.7429669891825	15.825370424647884
K03733	xerC; integrase/recombinase XerC	23557.429618795933	23818.47647258636	113953.72143779827	16977.314778388223	6748.5924109894695	6120.001756309524	8348.086044517451	46507.23132976733	21350.93201927061	6421.360235925566	769.2833031476066	3082.743139750858	1083.63375050572	3182.1127365782186	662.4333239380285
K03734	apbE; FAD:protein FMN transferase [EC:2.7.1.180]	61071.59016326402	56187.13622151874	117922.06702772393	43915.64255851788	102204.91705471376	58546.05671564336	22079.80575053625	88654.60066004655	34760.93865023535	15591.79069078656	6759.21390094134	7027.977840455552	7700.375672091606	45439.47444634859	1718.6572104652437
K03735	eutB; ethanolamine ammonia-lyase large subunit [EC:4.3.1.7]	7603.175724736009	4974.077006117307	8784.709315856446	4613.512000832516	3457.6507465421296	3807.601198407978	4178.645132119678	10423.528634748596	4476.253868243249	1532.21039844131	348.8422942873716	2262.1258873802167	1422.0297977344133	1442.1352307153104	293.5478941378447
K03736	eutC; ethanolamine ammonia-lyase small subunit [EC:4.3.1.7]	7804.501646164854	6742.954661354423	9059.299947664107	4607.886334902694	3588.990594842006	3880.781019890441	4179.373766739782	10761.86868821002	4542.576509146045	1592.9870428615925	347.34807665250366	2409.2789607734903	1473.6899475610912	1379.334166128576	302.54051518712305
K03737	por, nifJ; pyruvate-ferredoxin/flavodoxin oxidoreductase [EC:1.2.7.1 1.2.7.-]	54771.4586798214	49023.78865755176	101236.3726093102	58535.42242949515	221214.46507721912	107904.2054964904	21668.501897956943	80610.05159765808	32724.05458680541	12917.779812852195	13946.209697438406	8783.011010372837	8157.87131938164	108021.99921968604	1676.0360044708984
K03738	aor; aldehyde:ferredoxin oxidoreductase [EC:1.2.7.5]	2172.6872785748974	3395.7577421316096	4569.806210365244	3484.523801426752	2145.4206833677435	2601.2653229234675	3328.8861377186963	5517.852295342447	2301.903907211693	1488.9083848732762	336.42746433346343	800.0642738440895	1176.8815836069923	842.4243150695183	78.11804142885539
K03739	dltB; membrane protein involved in D-alanine export	3876.3817132313006	6517.431666731548	16946.06458748866	1800.7056478485051	12305.566998154443	10605.3491488004	2613.347110977633	14774.850650775132	841.7237763631895	1927.631223715177	535.2929260676437	480.8239819122113	306.7734267885204	1505.2319770792055	51.55906931659391
K03740	dltD; D-alanine transfer protein	3986.488166503352	6687.723073174083	17049.758834726104	1901.6360768985844	12406.69063344428	10685.719767540064	2673.3383112213214	14853.0230438482	859.1524363217909	1948.703019036408	538.4458561068878	530.8388902022573	379.7955161756352	1547.226138407101	60.144720103768265
K03741	ARSC2, arsC; arsenate reductase [EC:1.20.4.1]	17032.487714825722	13240.94533684645	22889.081103743207	14880.473846949708	69063.11278208798	32733.565691777167	4656.988581988913	22769.110034753663	6799.372808825896	2948.7881878527587	4405.224149199377	1999.5469134571497	2776.6391019596435	33719.52358117571	379.1968116112123
K03742	pncC; nicotinamide-nucleotide amidase [EC:3.5.1.42]	40124.85937930239	43224.423058913526	54159.58428936423	34446.254841107875	81210.83615894025	44442.41933560984	16538.89153176899	50206.636946223975	21355.88826678328	11375.819283234352	5695.321733769338	4551.483862368657	5782.180450306589	38064.31876373799	1275.3343498460176
K03743	pncC; nicotinamide-nucleotide amidase [EC:3.5.1.42]	24413.05374172162	22807.292774828224	66695.23381481436	8985.822468062206	13107.899796943046	10949.076926028498	3551.520755279917	31555.4071071518	13015.124730033189	3538.0934951557583	463.5559155713329	2406.8089818874	1256.3518411404498	2720.82403904147	526.9418169857074
K03744	lemA; LemA protein	27271.206896086434	28647.176365050545	94653.73677533148	21791.680052222604	23655.365186059447	15117.289513326166	13793.7420599952	47482.668030240646	23551.953536470923	10020.107804116064	2284.045812057603	5143.743390423088	1992.5335759027053	11230.481647279668	1034.155190063776
K03745	slyX; SlyX protein	19.223743370811903	73.03175186496267	41.50579747992394	101.01588627553002	276.0535014787148	270.8405168531582	601.2237533077816	240.76591041800847	239.93650958621157	178.25138485181026	54.85768147718706	910.6147686547116	132.4644773032549	612.3329867801242	66.61335983199089
K03746	hns; DNA-binding protein H-NS	223.67064878439623	311.6827173984284	1060.5765171031355	394.8936155006236	1170.3229678974317	567.752273719831	1337.1788416633774	891.1251546247001	576.9385049290746	304.6519159614421	131.6354916015852	1619.6423891576462	176.53698743198066	990.5192000010452	148.9866508662526
K03747	smg; Smg protein	35.81850671437769	58.53175186496268	22.868662904991734	84.63588627553001	169.59350147871476	175.62051685315822	169.04375330778163	70.62275824129998	79.91402868807113	94.33493944523674	32.48411391940882	78.62981627221141	74.3544773032549	147.52296698677435	67.9465279286653
K03748	sanA; SanA protein	4361.007448093245	3687.557307807215	17688.695880106512	6065.040010134369	725.8494171583543	916.8700488914294	502.02053945612266	7360.257073089594	6134.90128343474	1397.3686859112247	45.52158759988991	250.7995116727124	231.9231110112029	677.0242073375462	202.43355035354583
K03749	dedD; DedD protein	25.218544708408515	105.29753191355324	94.72145465735944	211.26108770891005	656.3632331088147	609.9588527920431	864.3316569987575	206.4014501786692	361.0393470400744	288.07843932229173	83.80001174760861	1278.4461934784126	218.4996943070529	678.1456280654133	74.53954014271389
K03750	moeA; molybdopterin molybdotransferase [EC:2.10.1.1]	6930.940380182188	9698.526899467	9038.033626077147	15964.752541180354	66862.36671063118	31027.715400128043	9715.04630773651	14608.374431254995	5587.206566750711	3831.2778581682414	5025.424074109242	4253.615826887835	4497.301859476325	35021.88884978251	488.9833497607106
K03752	mobA; molybdenum cofactor guanylyltransferase [EC:2.7.7.77]	2371.7079251874484	2982.451859937818	2714.295167667623	7981.437561166404	61884.30758533149	26982.04939389607	3064.474512710224	5478.322424873002	1368.770928891772	935.7883328659476	4367.6182070741625	1845.9710946807124	1707.0980420550957	33590.94524084123	168.40016257478106
K03753	mobB; molybdopterin-guanine dinucleotide biosynthesis adapter protein	1805.281374018563	2734.2898918100263	2696.133088592102	7959.337525929795	59854.143984491326	25304.242979635408	1912.614685628536	4540.799401827437	1003.6534237205416	817.0932900311383	4232.118549023052	1611.614261366106	1643.377944184244	32976.32055062884	225.5642822336625
K03755	adiY; AraC family transcriptional regulator, transcriptional activator of adiA	19.698183084278533	106.21020341178	43.67597142747646	148.18633162893798	312.6511617661021	315.6508850784288	167.88451471321653	140.04708237482495	145.92414026319008	148.18633162893798	64.23407519462197	51.81522068158952	147.326410946071	139.6271211110992	30.83715565071827
K03756	potE; putrescine:ornithine antiporter	209.798695157966	246.3458781420076	1006.4594363484694	178.98000775623473	156.3341470304319	159.90625955050947	133.2803640687585	776.9905444779988	212.8136143757233	75.09059774039576	32.232925497756966	68.84186790505072	76.67133290015342	109.3275133627434	15.359321088892544
K03757	cadB; cadaverine:lysine antiporter	231.56571521740423	99.3278759593659	35.07665621172796	83.06636142787731	206.8403627163878	224.88602660822824	95.69994931721352	142.70073536162067	96.58683785319128	103.57631749904412	35.407408034321065	26.13582712273424	74.98372197771548	69.40368537079188	14.93583241551646
K03758	arcD, lysl, lysP; arginine:ornithine antiporter / lysine permease	1501.874005315518	1465.8321269790654	1830.4774819440177	650.7778280481015	1248.9998684833974	1377.397068475433	797.5091580576754	6574.740386307742	1353.0104827927369	1036.0433072947594	147.66745008001968	226.58811511492297	360.03261370384735	438.14563433001285	100.85582466262152
K03759	adiC; arginine:agmatine antiporter	9.84809818840713	53.09974566358441	36.085783191351446	111.58569297065668	242.8098142919361	157.8095246759575	209.18379115906384	80.01647879534532	93.25351823932824	93.88569297065668	32.113798356511374	76.66925322603359	73.65577599390389	139.32231841002977	15.417741947015893
K03760	eptA, pmrC; lipid A ethanolaminephosphotransferase [EC:2.7.8.43]	1230.8503539741414	655.6395790882759	4221.549612298567	551.7812029101781	348.5503259574374	392.4755651433224	509.2644380526575	2538.381009591885	681.7167074762467	227.3147830575005	54.52332951754387	940.9740170627052	185.45310384177424	544.3965728108578	73.82266927847033
K03761	kgtP; MFS transporter, MHS family, alpha-ketoglutarate permease	14.096578023210132	79.65025136637229	48.91470914414577	161.09729092736185	410.058578996934	449.2032051170113	569.8695657761111	107.98233603153372	108.74067169431795	136.6823036744434	61.18537756313467	392.3574699134662	90.02973403317648	445.0577026132538	67.85710977862142
K03762	proP; MFS transporter, MHS family, proline/betaine transporter	44.35977268592347	148.7402059409128	1473.0113555598823	3506.512230879513	3606.861937271256	1634.2680388851809	1449.1327654158858	160.44672407473718	222.33551818235725	490.7175115880008	317.6338323842267	746.9128980807482	222.92373289035623	612.0683434094551	15.870782415028565
K03763	polC; DNA polymerase III subunit alpha, Gram-positive type [EC:2.7.7.7]	46224.43967157402	51623.87749042858	44463.75247868365	29187.00244003282	113067.24286406345	61968.107919956856	21191.875296338058	60199.86272462883	16374.39000929454	11941.435917606435	7519.526677236621	6017.376533517937	7184.0057468928735	51235.837955546885	1155.009405682815
K03764	metJ; MetJ family transcriptional regulator, methionine regulon repressor	16.67000552398141	68.03175186496321	21.86866290499195	74.64588627553076	156.60350147871634	158.63051685315978	133.38375330778246	76.62275824130067	75.51650958621221	74.40493944523749	32.48411391940914	28.16981627221167	77.18447730325565	71.96296698677504	15.613121837187046
K03765	cadC; transcriptional activator of cad operon	9.999114467741046	53.52719430635233	21.866984217725413	74.63573093741508	156.59075620019297	158.61710038331609	98.76488909421104	70.61751163284087	72.57117181772345	74.39918057316648	32.481568229165994	26.667652447532564	74.34896339464473	71.95492470660749	15.49903114433966
K03767	PPIA; peptidyl-prolyl cis-trans isomerase A (cyclophilin A) [EC:5.2.1.8]	6460.454745715461	2844.777478733082	2911.691293819854	4471.98327309385	16540.948189402818	14000.8798597962	1338.6071123327788	13902.94703304707	1420.5812944039262	1158.5244728059529	202.98560823523889	1117.615941479623	453.5078961019951	963.6895507538565	221.95380390886595
K03768	PPIB, ppiB; peptidyl-prolyl cis-trans isomerase B (cyclophilin B) [EC:5.2.1.8]	65399.18803010708	69423.86706349699	138913.1422502285	51500.50931266049	159322.8890084857	85224.160000408	20577.289571546	96023.84590379994	36954.29232299364	16488.461280069212	10131.866992802352	7409.228143128535	7682.430290526253	74824.86381794944	2019.6134298452175
K03769	ppiC; peptidyl-prolyl cis-trans isomerase C [EC:5.2.1.8]	2328.967347404555	7913.912807851813	6745.38889718633	9751.578376942274	61993.010864831136	27060.48015628245	6257.944635687329	5009.19613739613	3463.0060439605595	2261.22172753978	4479.537784885979	2172.4830808372744	801.9949159306989	34007.908508979475	340.1306037012893
K03770	ppiD; peptidyl-prolyl cis-trans isomerase D [EC:5.2.1.8]	20739.934529290127	12075.325262937644	77509.69659792539	17135.87782101115	10056.777131034283	9203.976085861515	1547.7919807662126	34164.83509850151	20308.426876930647	4534.04215267062	148.15486377481494	2108.35670849644	630.0611288546992	2021.403780502036	660.0853469198242
K03771	surA; peptidyl-prolyl cis-trans isomerase SurA [EC:5.2.1.8]	30598.93589300946	18192.5854583587	131635.0861082392	19129.85416791206	2825.6783111125987	2680.736244513459	1854.6165559944784	47396.081791672514	29970.585739452414	6342.071700766735	94.0943626696967	3065.903302605424	511.4014805953906	1792.2796264979563	937.1665341536028
K03772	fkpA; FKBP-type peptidyl-prolyl cis-trans isomerase FkpA [EC:5.2.1.8]	12477.856851105136	10002.58786446258	31302.151712660547	14697.605282457458	2098.881003068691	2149.2333063643364	2325.502504199149	20255.824592970184	11445.750547321351	3332.1016407508705	185.3564718551305	2149.6920141299584	742.0915222638455	1600.0044863759094	782.2443891876703
K03773	fklB; FKBP-type peptidyl-prolyl cis-trans isomerase FklB [EC:5.2.1.8]	50829.60119444833	29618.936489909946	229002.86935694012	30716.121080133955	4269.014056807227	4064.059700815214	3251.804707802653	79672.25513726042	50650.91571429618	10319.328207424554	167.37429781669888	3116.212373116888	892.845997326717	1820.9061686152927	1415.080661245617
K03774	slpA; FKBP-type peptidyl-prolyl cis-trans isomerase SlpA [EC:5.2.1.8]	14.000005523981311	71.86175186496267	42.308662904991735	132.51588627553002	425.7735014787148	338.64051685315826	691.8637533077816	145.08275824129998	259.4365095862115	195.08493944523676	62.81411391940882	916.4998162722114	128.3044773032549	644.3029669867744	66.71129419766655
K03775	slyD; FKBP-type peptidyl-prolyl cis-trans isomerase SlyD [EC:5.2.1.8]	17449.312456700634	10565.542954846876	69439.13569211241	9811.034840990267	2211.1734582168465	1810.464063108557	1724.152046605043	26940.783841604265	15644.630044184223	3778.542762579228	139.01353124065412	2599.3845994622693	362.0007116848529	1384.9604979535834	579.7642413437222
K03776	aer; aerotaxis receptor	53.73210887857415	195.5103205551169	190.3126944025796	403.74192371227457	988.4620224483224	1196.487475995787	1229.761044701644	354.7969848518244	529.8675141122737	515.932712643697	122.93805376838566	1942.8222807721904	410.9088875080088	1021.1076228326942	120.35497839556632
K03777	dld; D-lactate dehydrogenase (quinone) [EC:1.1.5.12]	26.17765636560126	95.09448409686148	56.09920345750961	84.62974984144006	193.35148068710416	175.6117554478052	336.4541394898736	136.32508724050712	151.52030850341944	109.50883995035645	39.985804674437794	382.5892451847282	101.22505467836147	407.3054030951311	15.840312546699902
K03778	ldhA; D-lactate dehydrogenase [EC:1.1.1.28]	23528.665826098597	20235.376585551378	49681.34954167891	15086.15054437926	70869.14011474456	33797.13808970361	8987.193248419746	28505.63183464183	9057.7759341416	6379.359194631061	5075.5723658726265	2210.032312780691	2041.0257090640112	36558.99682293937	448.8545912158865
K03779	ttdA; L(+)-tartrate dehydratase alpha subunit [EC:4.2.1.32]	3095.19786643057	4144.326245497192	1707.4745103378	1463.3109904168396	932.2841292614949	873.2429329419753	2027.733630386434	2746.750120496067	1963.567719377775	1155.4400773556322	153.55827663425663	420.8472990348604	379.4185570372944	272.57790415469015	79.2731250334025
K03780	ttdB; L(+)-tartrate dehydratase beta subunit [EC:4.2.1.32]	4900.807338648141	5104.122667004091	2130.094948366286	2051.474014449193	1109.0601376441798	1113.9500721351076	2246.9145601414307	5525.378515720057	2822.7414859716205	1396.9264560101356	191.43188929169952	480.1248947961301	617.0666212203283	314.7794105030843	168.9132651079438
K03781	katE, CAT, catB, srpA; catalase [EC:1.11.1.6]	5691.428014528072	4343.331768960816	10186.520900512627	13574.939690918636	55200.08556162387	26448.5044291748	5056.265616151141	12493.159967449315	5439.768476790274	3012.3893852261226	3580.680132792633	2894.1553435232363	1835.2147315392103	27928.206089784857	377.9259480200662
K03782	katG; catalase-peroxidase [EC:1.11.1.21]	629.1755587197649	1233.7132301163365	1154.5746406902042	3450.237827624453	15460.263655509389	7862.886246147136	1409.0307767505665	2120.815005424509	791.4341002807105	699.8902775748871	1142.8005663803835	1077.507738690752	1051.8697457651754	7532.79063069577	55.555532444989225
K03783	punA, PNP; purine-nucleoside phosphorylase [EC:2.4.2.1]	41681.74179245069	32106.41115519205	83538.28767925379	30178.879551596983	72732.70003722965	37106.62070787732	14132.074823716155	51958.05062290696	25691.31577670903	10166.259823071729	5369.390178514479	4360.640102756604	5037.786965589494	36103.240642883015	1185.0917787384506
K03784	deoD; purine-nucleoside phosphorylase [EC:2.4.2.1]	25743.23469644688	18052.99539587929	28837.10184954972	19410.77989699835	103674.31153453604	61884.75705833676	8014.400219266656	50598.22026169843	6306.505333407812	5917.518230180744	5164.162234953351	2432.9209311054083	3533.473109201821	36410.77825983144	705.0780797073436
K03785	aroD; 3-dehydroquinate dehydratase I [EC:4.2.1.10]	4669.188144958001	7519.699416534742	7816.94442231623	4725.620660762228	3486.6210387343835	3799.954796611434	2611.5772222691294	6937.221691110035	3708.312578156865	1667.5178399292352	416.9323425081735	1065.27397900521	984.4631430460712	1242.975446437054	225.63134271350447
K03786	aroQ, qutE; 3-dehydroquinate dehydratase II [EC:4.2.1.10]	47197.44831923452	38354.60472348933	91481.90218367652	34677.42768420414	83859.58842803811	46676.6754299429	15932.74572126419	62933.58375903133	27555.66753353621	11109.643479965762	5095.856459392271	5943.542954657612	5118.485944961665	37093.50238170619	1281.9982936169165
K03787	surE; 5'-nucleotidase [EC:3.1.3.5]	19791.33730196903	19303.87320727572	80603.87252889236	14790.543533188247	5388.386079074886	5495.074364600872	10046.739757190422	31650.14870790221	20250.121683527545	6992.368998668152	789.8907605920116	3140.236773446706	1007.7300636754052	2983.2162061916342	821.8800472010817
K03788	aphA; acid phosphatase (class B) [EC:3.1.3.2]	14.815917141890235	82.09245251883117	28.628646275110164	103.34777795934195	350.3009666522628	268.13022877362704	106.37924299438107	77.76372924080168	83.12614571412662	136.4676472941582	51.1021251261556	32.037646001997025	76.96314018793865	143.4751165662093	15.802212507473447
K03789	rimI; [ribosomal protein S18]-alanine N-acetyltransferase [EC:2.3.1.266]	40020.92072484801	45231.93941419663	43436.766726834176	28499.23078326368	102353.34651297145	57362.10842323359	20804.95079599608	53855.10847422246	15275.89250466751	10816.940434360002	6710.405058345444	5862.72505322679	5882.687132625812	45059.281710216506	1001.7622718049164
K03790	rimJ; [ribosomal protein S5]-alanine N-acetyltransferase [EC:2.3.1.267]	39565.6148799401	46015.84013701789	56760.48702808609	28872.150204980186	94270.77445645972	55473.38624028265	15816.593978414996	55515.90448804095	17405.387719394035	11275.245521443365	5674.101459480224	3361.9802533033017	6826.101745337497	40226.44980713929	1061.24266313942
K03791	K03791; putative chitinase	407.95533494900303	377.7657001837012	298.9384836338804	104.86346263068856	115.06727088403652	209.82812853963836	588.2978557484685	817.9749480348354	328.28205539803844	298.07199856303856	35.67576968064037	313.0917287843783	12.63102563792472	218.92411675893828	41.683948377061824
K03793	PTR1; pteridine reductase [EC:1.5.1.33]	0.8168682256692659	2.2944005304184154	0.1548536942659907	2.948372311877729	1.4226697894932887	4.294389412013808	36.5011847661226	18.589882023179516	2.213679297411762	4.457996225433228	1.9836041846217405	4.142056530692652	3.729550915700906	11.670432490944588	34.102888041792546
K03794	sirB; sirohydrochlorin ferrochelatase [EC:4.99.1.4]	0.1010529463218478	0.4481995546606134	0.1077778007413647	2.111703252594034	1.0567388362838626	1.2817772722304064	65.20842264028104	0.2923038667921398	0.2741567697946856	0.3904670892971265	17.16859614046163	0.1953209948811474	0.3053804426577055	1.392104908183032	1.617373373328268e-05
K03795	cbiX; sirohydrochlorin cobaltochelatase [EC:4.99.1.3]	187.41509578844668	777.9258034367786	439.2592503921165	858.6931174124709	748.0453644586146	564.9174767114034	1977.868437711118	637.3470684728625	1040.8446774557883	643.1157620953533	126.45843978991904	933.5176755798364	139.81767069881636	541.0919420076456	74.12620221815845
K03796	bax; Bax protein	30.197847860506585	115.05656210712924	129.24249056083542	222.84596608512825	589.1876347011352	734.5806034300499	170.0687216967376	150.17344274060392	114.60638948004552	245.7320392214631	62.79310573749707	96.2562907269426	203.21516326546416	153.02277284512436	31.59586019716471
K03797	E3.4.21.102, prc, ctpA; carboxyl-terminal processing protease [EC:3.4.21.102]	84513.46676730471	67079.08828294947	259984.68012121145	61088.21824817866	98304.9713090862	61582.01687439116	26095.12011350073	130771.35469307212	63626.16985110347	21432.967492028263	5776.570019451401	10033.75362527856	7170.541742013501	39931.84167126777	2660.7012820347963
K03798	ftsH, hflB; cell division protease FtsH [EC:3.4.24.-]	88737.74763901038	87864.20656399947	134195.1365534705	62694.3535614525	163560.74203714775	91165.3717330428	38482.11662646916	117206.42936547096	45328.79108041445	21616.9550333584	11458.836798832705	13218.37883017022	12880.98957225247	75503.0360100508	2565.871808450336
K03799	htpX; heat shock protein HtpX [EC:3.4.24.-]	7231.078526284529	9254.945364645417	54275.2422920269	5036.776857996865	4684.581352366686	5028.518798608513	6352.197522751339	21262.50000751796	7833.9973540384835	2735.660043100719	451.1915985992212	2445.313729213559	1052.3700878569346	1788.727629875257	235.9119149237328
K03800	lplA, lplJ; lipoate---protein ligase [EC:6.3.1.20]	27759.359275896168	28229.42073626451	73595.85145723206	23432.079516345337	14233.823181365357	12521.348100356594	11788.706226264252	51339.21889282111	22833.121670036373	9297.778450513066	1782.9738454588662	2652.4137722738506	3770.9651366697344	4502.852520646549	1079.4165584572038
K03801	lipB; lipoyl(octanoyl) transferase [EC:2.3.1.181]	2358.8886458719708	1305.935889819736	17290.87328559019	5290.51758885107	1876.6544356661225	1437.1693298055015	1287.8706253208184	4275.901721248125	3596.47506947999	1525.5617377394033	156.35367496033072	1509.3455983184683	370.5696848575209	1305.0874077463975	97.8307191017616
K03802	cphA; cyanophycin synthetase [EC:6.3.2.29 6.3.2.30]	1107.7538019426356	3835.721041906264	2004.779369385074	9630.416719758505	58555.08996426252	23749.65355248004	4965.898865660529	3524.613868945881	3010.201415485372	2645.1895507967606	4253.403109021305	2254.020382776399	1419.6090112227946	33311.96842779625	343.81905461189405
K03803	rseC; sigma-E factor negative regulatory protein RseC	24019.296472298283	18892.44885081241	56298.44513732968	17487.032631044305	7630.4822490433235	8085.118236225508	8401.993476536109	33519.267396206575	17780.80859321286	6207.845998328484	769.3649139301754	2651.007826999848	2128.935082942474	1747.2548834572958	763.1536567601698
K03804	mukE; chromosome partition protein MukE	16.67000552398131	68.03175186496267	21.868662904991734	74.64588627553002	156.60350147871478	158.6305168531582	133.38375330778163	76.62275824129998	75.51650958621148	74.40493944523675	32.48411391940882	28.16981627221141	77.18447730325491	71.96296698677435	15.50002200353846
K03805	dsbG; thiol:disulfide interchange protein DsbG	9.850258114404456	58.11114481334169	27.03027529135829	94.47539381628413	204.91269917429747	269.4232739785361	223.2251031438295	75.49074661690969	88.96070026470221	108.9105075881366	32.12048172153558	291.1704988984894	76.95078001774276	166.82895291292795	15.53309983364843
K03806	ampD; N-acetyl-anhydromuramoyl-L-alanine amidase [EC:3.5.1.28]	207.670279453132	258.3629668213573	1002.3089550635332	236.5216105725393	425.7763660322228	338.6439914293312	749.4774356502287	826.0835506036494	396.43725275634	195.0859979033848	62.81462515616591	956.0003457383592	131.13530511291634	644.3067406334002	15.501455322118725
K03807	ampE; AmpE protein	10.000119218260547	53.53236489066524	27.058914994642347	85.02674157970173	184.47530604354887	242.512338731842	192.3447223062326	76.08356656722637	82.07734261323002	96.33579474940848	32.48448466664223	129.68011534010736	77.63532764412305	107.7537728887618	15.500199989912655
K03808	pqiA; paraquat-inducible protein A	85.60714360103532	167.9907253204534	158.83136285105775	298.1884398487589	807.1283920488875	828.3194720481537	809.9302106992709	205.90107471716487	220.86009776704927	270.30503969868613	99.78851804629096	450.51484440877664	223.52333875616768	431.7653035481271	57.16168203544652
K03809	wrbA; NAD(P)H dehydrogenase (quinone) [EC:1.6.5.2]	970.0442854629804	2158.0680039864	1977.4116609495632	4955.579784386478	3000.004769254589	2513.6426174051176	4639.478916065216	1832.837650285077	2225.208011046312	1528.229325016844	328.0939974784711	1944.9070276095567	849.1523059011183	1373.641998620717	171.9550251833601
K03810	mviM; virulence factor	3125.610277490342	1617.1509491781626	19823.51885130624	2250.4174942735945	12067.327238663056	5090.3361562539	830.8199956527078	5654.988300256231	4050.455226681811	640.273774375589	836.3115844716765	332.5125193426679	297.848578138876	6731.324899384356	45.08722923648301
K03811	pnuC; nicotinamide mononucleotide transporter	8904.348687007927	14327.82096029722	77331.35778851315	6820.3324447231735	48046.98209191479	20361.84552614657	4982.738401148478	28207.12907961477	7710.976858942593	2431.157408635694	3371.6207414530527	1170.7496487495112	486.79394869839416	26236.67868504257	188.2009256264718
K03812	rmf; ribosome modulation factor	9.849854447906718	53.10921520084526	25.04996546179408	80.51948141143814	173.5767517916245	209.7218628509889	125.18766382249412	73.4062625769184	79.16663885564944	85.93181698929489	32.11952536718414	89.62672431721572	75.6977640394566	91.9569671745046	15.41977214078392
K03813	modD; molybdenum transport protein [EC:2.4.2.-]	417.8284634177824	1365.535323210383	1270.8348703928243	608.4387395105521	511.193257325956	566.3763173629834	443.880067864	1139.9384141219214	544.9889757996523	231.98064357063595	53.28705706984067	117.94499666231587	177.44003509354135	510.8278592913924	36.843510905144456
K03814	mtgA; monofunctional glycosyltransferase [EC:2.4.1.129]	10469.103758932482	5311.091895180302	54173.45350110765	4354.007387604651	1040.683054035714	754.6332183146211	1053.3797275873335	16829.304085341333	10372.579044863303	1924.487566759325	66.38056962842391	1556.0537576245083	189.40494479797263	879.8772056665767	270.1729998100516
K03815	xapA; xanthosine phosphorylase [EC:2.4.2.-]	8.642753645788092	46.21386199630955	18.85958113635968	64.43204191135274	135.06248707287065	136.8822788465593	91.197882705113	60.97426814437738	64.23069952124585	66.49821557289424	28.058592635142755	23.099803828567996	64.20448605928695	65.5660673391187	64.37567237535342
K03816	xpt; xanthine phosphoribosyltransferase [EC:2.4.2.22]	33656.09849824724	30498.570213541123	54654.559674270975	19900.04696510797	85247.96149843192	47758.76987549948	10672.11202822336	53012.84821214428	13111.2394848588	6474.19907548284	5180.401859888731	3762.188206859632	5780.865556945706	35754.93837296249	662.7109882697534
K03817	rimL; ribosomal-protein-serine acetyltransferase [EC:2.3.1.-]	3857.318237353692	3467.4345103199867	11324.43272209632	3004.096748697012	3238.4290034112587	2863.688991570691	1331.383544103815	6260.834273189842	2815.6807935326474	2264.6891157107107	431.4234254714153	260.5024460403933	156.77140344202087	909.1695064926588	155.80251356054936
K03818	wcaF; putative colanic acid biosynthesis acetyltransferase WcaF [EC:2.3.1.-]	1180.2863493462903	861.5422327280626	6820.347250953995	3325.073153114823	407.68983104566905	565.8834133104514	435.3383153212212	2368.5192156280177	2604.93068761911	401.10079939238847	50.66295474616826	146.58258694333662	198.59374070833684	641.6085462430233	32.532842898474755
K03819	wcaB; putative colanic acid biosynthesis acetyltransferase WcaB [EC:2.3.1.-]	9.973403960565276	53.39660150296744	22.358718494098103	74.73673893769642	157.38858985076683	159.9963520851771	86.04201925496767	70.50025193980785	75.33763180092521	74.62836858314152	32.25869165975538	26.38659651826143	74.38162362469279	70.40789197459542	15.52028544428202
K03820	lnt; apolipoprotein N-acyltransferase [EC:2.3.1.-]	3370.9166120265354	3692.801988030089	9010.312461274223	10236.267417903986	3920.483259281362	3547.44627162395	5722.262954008049	5924.5663722852805	4992.53810497646	2345.94897662181	529.751433357332	1708.173854264347	1145.8184342078505	1699.8912177883913	225.24861182445204
K03821	phbC, phaC; polyhydroxyalkanoate synthase [EC:2.3.1.-]	48.53905769715588	53.30791909233304	133.62580529905875	120.67938698356376	408.7664317665172	290.0428893880995	1025.6312586306933	165.95710424198356	358.2005393770485	226.3582985930742	50.02956481125511	1731.521751877917	111.8580914734714	1023.3523346528468	153.21345672987732
K03822	K03822; putative long chain acyl-CoA synthase [EC:6.2.1.-]	0.0	0.3954746496982456	515.79	1251.96	926.41	380.48	40.19	0.0	0.0	106.51	49.57	93.78	38.18	5.36	0.0
K03823	pat; phosphinothricin acetyltransferase [EC:2.3.1.183]	33499.131623966365	35270.84625827924	63378.56628746138	28784.044360964443	81063.96650830441	44130.70084940854	14346.989098307127	52309.25038076391	20372.837194399173	9298.732687365826	5364.821518964434	7408.584286578041	5180.482723119783	38503.3337959868	999.7842417755692
K03824	yhbS; putative acetyltransferase [EC:2.3.1.-]	264.3309821121254	813.5405433868655	3488.9946455054887	3147.392104254336	2147.9596829053635	1707.5296389997627	2174.4686642407264	1148.0693919057042	1249.7866856891728	544.8733740608659	154.76705011917278	1671.6260418953434	543.9560606679233	874.8162105565067	33.38031927628938
K03825	yhhY; putative acetyltransferase [EC:2.3.1.-]	2710.686040936746	2503.10059021736	1352.9099952076976	7327.967459850595	57960.43530210434	23155.51529076388	1466.9856166036975	4417.476812350013	1507.5957158968372	571.5329217768991	4001.883206670643	1127.8874144917854	869.3853241681123	32570.32884737825	215.83212908238536
K03826	yiaC; putative acetyltransferase [EC:2.3.1.-]	10797.44444795233	13436.704337152072	20863.10762095361	12635.12421626728	71645.73288645525	35031.31067165843	4324.536865501199	18791.165732078567	4178.265334799493	2503.4566709966366	4579.326582301783	1177.8910025679131	1196.0182912669302	34213.772703102695	296.48716995794086
K03827	yjaB; putative acetyltransferase [EC:2.3.1.-]	15716.650987560964	10058.607782956133	53927.569955619765	9798.60348252034	4290.537546556325	3869.0877765263167	3152.148116466745	21266.56081826521	10222.549240553331	3479.2364170335986	429.0721142132774	2968.2300212605887	919.9753122503334	1559.1273348756572	515.4430392660352
K03828	yjgM; putative acetyltransferase [EC:2.3.1.-]	1023.3123072827512	1027.690074925932	7745.6315613659235	1916.6877705730208	12384.240026088575	5110.964006330742	1013.0873855461792	1720.1981637568415	502.3977830589968	279.1583015775222	882.7727437473261	612.2739435751715	210.935157615673	6915.749252083012	48.77878026086342
K03829	yedL; putative acetyltransferase [EC:2.3.1.-]	150.21032493602576	34.53393954814268	15.397467724085082	6.790939665163295	82.47246877568523	23.441723641052903	295.4649795783814	252.8415441004886	183.3571831784139	77.36888818081475	22.190256136004976	638.6036596795719	50.66693145435748	296.3737693417238	51.93135735279066
K03830	yafP; putative acetyltransferase [EC:2.3.1.-]	12368.344364826577	9552.654510312504	28845.68218055973	5308.764131078753	12282.884753773891	11265.370535419475	4335.559119894388	21531.02011532134	4271.731037595594	2393.526385631287	469.61570799671085	2346.290363971345	1471.42791538519	1680.538285447935	239.2077464665511
K03831	mogA; molybdopterin adenylyltransferase [EC:2.7.7.75]	49.48499944504662	114.57301559290252	172.16727934729374	196.0001342692271	483.3987876539006	428.1131664465311	823.8780518575963	223.82452610109863	280.7878371259985	218.9634448519068	77.23271660915726	852.8115080479399	185.35400601707505	522.0013201631746	74.81718431766271
K03832	tonB; periplasmic protein TonB	30493.199479901963	15140.811582507398	158818.0114316691	15221.678720919246	3951.4356523042647	3793.056759537534	3737.910279421408	48431.31304474019	31112.466332454485	5937.328248040691	240.46168160212767	5069.981922957671	895.1914365988731	3146.212938708096	953.7286804159708
K03833	selB, EEFSEC; selenocysteine-specific elongation factor	3305.1471190071734	4022.069508770135	2546.9859624451583	3272.905145189766	6976.591706012985	5713.216195421492	2168.1458780952125	6275.448535651671	1299.8626943551703	1726.59779854637	685.9246795557323	761.8316193950957	1926.002797726273	1918.3912990199096	210.11475504486367
K03834	tyrP; tyrosine-specific transport protein	20.241469137996976	76.11972093697499	22.13722415791653	75.58176156440996	158.2754866792203	160.64896139915706	159.08630054025912	80.59070317019359	76.33484428882483	75.25722385771277	32.909479560696546	29.479191267284342	79.62699883058127	73.33817698391289	15.678733305141144
K03835	mtr; tryptophan-specific transport protein	18.381377084930023	76.53208159273728	21.88090486977784	74.65707753542378	156.6339736285189	158.6922881156197	163.25360258327166	169.8532979031509	75.52019095308249	74.41914195962856	38.058808618261374	47.76515194198906	77.9267668710476	71.96061844096468	15.502509290748062
K03836	tnaB; low affinity tryptophan permease	9.850258114404456	53.11114481334131	21.84027529135829	74.10539381628412	156.34269917429745	157.84327397853608	83.95346974990397	70.03074661690968	73.76815289414795	74.10099735023947	32.12048172153558	25.91049889848942	73.67078001774277	69.82355578280885	15.42
K03837	sdaC; serine transporter	17.30110557837793	70.42007129157307	29.746477844801603	89.39343109222362	193.0817130017695	267.68809208505536	274.8333582398719	85.02690589600138	84.78761532247323	99.55618464725258	56.05726456933674	160.49552307915803	83.00689175376874	121.80926279355802	15.691962908466008
K03838	tdcC; threonine transporter	9.85025811501368	53.11114481662655	21.84027529270909	74.1053938208672	156.34269918396708	157.8432739882985	83.9534697550963	70.03074662124104	75.11070026916593	74.10099735482255	32.12048172352221	25.910498900091955	73.67078002229927	69.82355578712722	15.420000000953728
K03839	fldA, nifF, isiB; flavodoxin I	25066.03467200605	16075.883305604671	89069.90778319727	15536.051783973202	2747.050502215669	2215.902209490162	1510.3291946059824	37727.69946004259	21589.7868297315	5779.272492715886	125.2308671673136	1708.853756316046	307.8122382605632	965.3719546859476	857.8722142881338
K03840	fldB; flavodoxin II	10.013507216178882	53.56396729852299	21.93499245085583	74.73377137086823	156.779277873902	158.97519470672503	98.8334498966018	70.67961302219683	75.53972802720851	74.4854842362022	32.49263934354725	26.718139424606544	74.44947312456998	71.96936415554121	15.624731058475287
K03841	FBP, fbp; fructose-1,6-bisphosphatase I [EC:3.1.3.11]	265.9152644378399	324.3955043722207	1148.6238621233902	396.2459623678241	735.6286826818149	912.2072065348824	1018.1850802039093	1044.2031002748051	446.2411952374816	334.5593735069109	91.4313053568607	1084.314405235128	301.53042248249807	780.5567261415074	95.26536813948442
K03851	tpa; taurine-pyruvate aminotransferase [EC:2.6.1.77]	114.45407407001792	128.33136901765994	453.60663458329503	30.639736820965865	16.116488094562975	17.890206481270546	19.532568278239197	154.37999817239478	15.950725154277876	8.9894812527034	9.222222201258674	26.05680955768688	5.877871763810305	27.224128424421487	0.0002379948039948
K03852	xsc; sulfoacetaldehyde acetyltransferase [EC:2.3.3.15]	107.28935932312316	137.70160047532704	418.41188650628646	97.513726459607	213.6614829201976	126.26070527651837	195.2901628127052	172.70683809599956	41.49149475835027	37.650760736370216	26.324040416878905	194.71180626428117	13.380152677569598	118.21913180605574	0.0002379948039948
K03855	fixX; ferredoxin like protein	861.9441122952279	1644.803383383542	1346.373969784346	1604.7710257054864	782.283280819583	1022.0365307681108	1831.61796749531	2280.4824536224846	1103.3006822521422	831.7741653541177	171.42090340627476	327.1652769630992	965.6741806118672	356.96065121675724	66.27336384240212
K03856	AROA2, aroA; 3-deoxy-7-phosphoheptulonate synthase [EC:2.5.1.54]	34395.06459580488	36939.17919601734	19606.83138759806	41688.19819157798	164568.6843152123	86077.1057699159	25841.983346303667	52781.9675992613	18936.73399208531	13479.776460814044	10938.54494111495	6477.555769029004	8865.531265775686	75947.22614565684	1243.4384477530457
K03857	PIGA, GPI3; phosphatidylinositol glycan, class A [EC:2.4.1.198]	2.237548779158015e-09	9.92418729836876e-09	2.3864527977353753e-09	4.6758053147078134e-08	2.339867147945401e-08	2.8381549227640486e-08	3.0078657089924784e-08	6.4722918439293235e-09	6.070472637168236e-09	8.645855373434847e-09	4.1759600209954405e-09	4.3248640395728014e-09	6.761837843611209e-09	3.082446134567949e-08	0.0
K03862	vanA; vanillate monooxygenase [EC:1.14.13.82]	4.083730084291522	13.719406449337407	22.246266536158927	47.27328959642892	273.5028154275154	173.42883625174366	498.3444553788575	78.40424891214974	190.9748714864494	126.97480750232172	32.32641181780563	966.1426483224508	54.01913326632919	476.08866270453166	0.0433955156264769
K03863	vanB; vanillate monooxygenase ferredoxin subunit	8.000000402184215	36.750686947424526	45.4537611867894	130.38142471400667	654.7995896719663	341.16288706236423	1332.0398847852132	190.1798454118345	536.217815660906	293.99284501276264	75.66000075060049	2526.9266788650384	150.60489203518162	1226.688850147816	20.91164038225591
K03867	BGLUT; UDP-glucose:tetrahydrobiopterin glucosyltransferase [EC:2.4.1.-]	3.094773224342916	8.692527269792485	0.5866761022713659	11.170153764663084	5.3899028426501925	16.269651517309686	138.2877748469541	12.234880916070091	8.386708163730109	6.281456620893915	7.515049460067267	15.692525724574317	14.129713887791672	44.21440429988533	1.6537845603399317
K03878	ND1; NADH-ubiquinone oxidoreductase chain 1 [EC:1.6.5.3]	0.0111056472631154	0.0311932845107971	0.0021052973440104	0.040084290056963	0.0193417596100699	0.0583839259768065	0.4962480727735849	0.0439050818623238	0.0300958473572347	0.0225411157694825	0.0269678850171953	0.0563129000838166	0.0507047227668445	0.158664154853401	0.0059346345095196
K03880	ND3; NADH-ubiquinone oxidoreductase chain 3 [EC:1.6.5.3]	0.1492227520242632	0.661846818295551	0.1591532025451887	3.118307602898088	1.5604639257025077	1.8927734322083936	2.005954028783981	0.431638947875258	0.4048415129287634	0.5765945057578592	0.2784959382698817	0.2884263887908072	0.4509488513341669	2.0556919225683563	0.0
K03883	ND5; NADH-ubiquinone oxidoreductase chain 5 [EC:1.6.5.3]	0.0111056472631154	0.0311932845107971	0.0021052973440104	0.040084290056963	0.0193417596100699	0.0583839259768065	0.4962480727735849	0.0439050818623238	0.0300958473572347	0.0225411157694825	0.0269678850171953	0.0563129000838166	0.0507047227668445	0.158664154853401	0.0059346345095196
K03885	ndh; NADH dehydrogenase [EC:1.6.99.3]	16660.029167600267	18617.464140649976	68284.39732040558	19725.672236409744	20193.426928041416	10827.64177203288	9328.725950675886	35246.30299480146	15778.992219847123	8308.218880227414	1878.4137238589972	2941.8469382145004	2791.757831178372	9363.407054910576	770.0038120652957
K03886	MQCRA, qcrA, bfcA, petC; menaquinol-cytochrome c reductase iron-sulfur subunit [EC:1.10.2.-]	0.7343327786744761	3.256981971869862	6.493201032513776	15.345350864629316	7.679122620631488	9.314434662408694	73.72287889178793	6.368677378168053	1.992245747239786	2.8374509908030503	54.53049272597536	1.419360979814659	2.2191423127381973	10.116164868430024	1.869659907283135
K03887	MQCRB, qcrB, bfcB, petB; menaquinol-cytochrome c reductase cytochrome b subunit	0.617812590599007	2.740180648353129	6.368926678624609	12.910428686624106	6.460638524598487	7.836467574190719	72.15505829931377	1.7870731706307126	1.6761263312170396	2.3872187082402414	54.31302991507515	1.1941440031007544	1.8670201044483363	8.510983311371348	0.0
K03888	MQCRC, qcrC, bfcC, petD; menaquinol-cytochrome c reductase cytochrome b/c subunit	1.5744285154766469	4.21662838647068	6.53031765362074	16.072581230973157	9.03434109274064	10.37622179791369	74.18921703018152	3.185974438519179	2.086660115304294	2.9719204168675044	54.59544164346672	1.4866258090408169	2.324309518838486	10.59557927531858	0.0
K03889	qcrC; ubiquinol-cytochrome c reductase cytochrome c subunit	0.0	2.175361345473283	519.0789840603024	1251.96	935.1045383045218	380.48	54.10333635604273	13.829542362448308	0.0	106.51	60.97	93.78	38.18	5.36	0.0
K03890	qcrA; ubiquinol-cytochrome c reductase iron-sulfur subunit	0.0	2.043484936812398	519.0789840603024	1251.96	935.1045383045218	380.48	54.10333635604273	0.0	0.0	106.51	60.97	93.78	38.18	5.36	0.0
K03891	qcrB; ubiquinol-cytochrome c reductase cytochrome b subunit	0.0	2.46116011899328	522.79824053331	1251.96	944.9365159839548	380.48	69.83684717718815	0.0	0.0	106.51	60.97	93.78	38.18	5.36	0.0
K03892	arsR; ArsR family transcriptional regulator, arsenate/arsenite/antimonite-responsive transcriptional repressor	50437.24795767689	61494.940241309785	62812.467872354	61693.61683262061	261037.4782549715	120220.03105707793	34351.74397364388	68726.22717913814	27212.050788312896	18051.223857228048	18634.44917086699	9419.077737005531	12025.456833091555	138663.12987083793	1867.1628604840664
K03893	arsB; arsenical pump membrane protein	25.998198253902757	111.5550960580718	460.33156060086	1303.4920339997602	1272.3351486321494	826.5419096127525	1211.7004804702333	242.6954814718384	430.0066363050169	413.9887671750551	258.6231493801079	1669.2999311900326	302.927293444016	851.9325253972074	72.05539487197782
K03894	iucA; N2-citryl-N6-acetyl-N6-hydroxylysine synthase [EC:6.3.2.38]	8.13472075776744	43.8611763857112	18.036484847667577	61.19967624161217	129.11355091610213	130.3528763769469	69.33221481754994	57.83388559250108	59.60112350997012	61.195279773462026	26.526262442664624	21.397851902416885	60.83995391937973	57.66326966785924	12.734356747081332
K03895	iucC; aerobactin synthase [EC:6.3.2.39]	8.13472075501141	43.94606870039476	18.0364848416862	61.19967621937444	129.11355087296732	130.35287633315903	69.33221479350726	57.833885573381096	59.60112349029599	61.19527975314045	26.526262433834336	21.397851895245743	60.839953899268274	57.66326964757126	12.734356742942929
K03896	iucB; acetyl CoA:N6-hydroxylysine acetyl transferase [EC:2.3.1.102]	8.134720754994081	43.86217328399716	18.036484841660563	61.19967621909541	129.11355087275248	130.35287633291844	79.21618081676127	59.55283618607977	59.6011234902203	61.19527975305075	26.526262433793327	21.397851895207918	60.8399538991882	86.45354372308978	12.7343567429332
K03897	iucD; lysine N6-hydroxylase [EC:1.14.13.59]	8.46432806681001	51.84857474507919	26.512928015508965	77.70564428817451	167.53422384467785	179.44447824160778	214.3108737228245	67.24699616718004	62.81446267393041	68.80535166372397	27.27269776605892	106.49367618575909	63.356550904400976	215.98673409268716	12.879366958479713
K03909	TFPI; tissue factor pathway inhibitor	0.0024376532845094	0.0068468240203275	0.0004621058875642	0.008798370684718	0.004245453031656	0.0128150809716972	0.1089248303919726	0.0096370220008516	0.0066059401511976	0.004947701254161	0.0059193626387513	0.0123604975556418	0.0111295209603173	0.0348262635260218	0.0013026328823299
K03913	SERPINA5, PCI; protein C inhibitor	0.0	0.0	0.0	0.0	0.0	0.0	0.0	0.0	0.0	0.0	0.0	0.0	0.0	0.0	0.0003678262355424
K03918	lat; L-lysine 6-transaminase [EC:2.6.1.36]	3.211728308949146	4.028212373522544	13.113283781858636	0.3557604988605663	0.973105654419108	0.1922175645643062	1.4700459009379665	0.9748586198295004	0.3852235726662223	0.1599083867127765	0.0214595493866345	0.592299308773929	0.0347479363834522	48.088653963792304	4.103829378141341
K03919	alkB; DNA oxidative demethylase [EC:1.14.11.33]	10.03055314304356	59.72134544765918	30.235375995611747	101.12288966494604	281.4848106836196	266.7995963866207	522.3616069650307	137.52863856198724	239.0190328207776	172.14797349185812	58.95782185468165	879.345030262631	129.7745950949128	513.2713737817107	15.5164313389872
K03921	FAB2, SSI2, desA1; acyl-[acyl-carrier-protein] desaturase [EC:1.14.19.2 1.14.19.11 1.14.19.26]	0.2319036554196746	2.5620400507343826	3.9246266863095305	4.700602047060057	12.092281635091076	2.8790114255317425	18.96753190898538	0.6797277720637434	0.6291293034295562	0.8806354135685643	0.4375337402605072	0.4746437124899118	0.7138005208436086	49.73900244971978	1.9789666229853988
K03922	desA2; acyl-[acyl-carrier-protein] desaturase [EC:1.14.19.2]	0.0	0.1331800502550511	0.0	0.0	0.0	0.0	0.0	0.0	0.0	0.0	0.0	0.0	0.0	0.0	0.0
K03923	mdaB; modulator of drug activity B	388.5333010440487	411.780529285219	1963.490056853907	294.55248762708106	187.80529577658456	248.6008925267245	303.35045221665393	1446.950615336268	356.6327315848325	94.99230133699471	32.70388330244466	208.73403048992185	79.01770585810075	268.7151853664969	15.686445367079957
K03924	moxR; MoxR-like ATPase [EC:3.6.3.-]	54439.03369695521	50627.40286442699	139224.37877764791	51006.79829767784	99984.27902920084	60489.70868110898	20197.87611089236	84305.28911382573	40465.20544009155	16778.074487652135	5554.996035237377	7146.5377074474345	6464.275567100412	39913.99611578212	1664.884977770108
K03925	mraZ; MraZ protein	39766.97120301867	34541.86806966222	65700.83617107516	27590.071088302277	84815.68355295439	47213.12881011993	15599.795151091874	50365.3650604822	20577.22120684113	10296.994303459236	5503.433218827446	5114.731353660159	5313.750002293682	37529.18530934212	907.6791427162216
K03926	cutA; periplasmic divalent cation tolerance protein	78.33640104256409	141.95442684977417	824.71324426598	1534.1695736546887	1515.5229729252778	984.3246266207576	1332.6783987486926	440.5431202172495	322.1841754822615	370.17073275086886	162.78928177330482	1035.5085639052115	298.78477277651075	664.0965510358417	37.2121962061304
K03927	CES2; carboxylesterase 2 [EC:3.1.1.1 3.1.1.84 3.1.1.56]	0.0	8.40830486098019e-05	0.2946022605506036	0.0	0.778790833884561	0.0	1.2462512031493989	0.0	0.0	0.0	0.0	0.0	0.0	0.0	0.0
K03928	yvaK; carboxylesterase [EC:3.1.1.1]	1038.2425562345825	2442.477321695425	1510.3661528111388	4307.594221805405	2714.149789634953	2860.420765298899	4028.929645203159	4124.414294315785	1861.9396290469945	1616.5263511816029	531.7657064969455	793.2684290124657	605.5424910766692	822.249173583209	129.61537448081953
K03929	pnbA; para-nitrobenzyl esterase [EC:3.1.1.-]	6792.217423137613	10871.306088784006	28854.128147089625	8595.5354451292	4275.325237878646	4169.569461693371	10518.686902460002	11340.76759050816	8373.600687327584	5174.79592783886	781.579514403354	3187.172519226161	2775.4810626985163	1951.8734058790503	344.05579289270145
K03930	estA; putative tributyrin esterase [EC:3.1.1.-]	1248.0075645166737	946.0095375149364	491.50242750445705	272.7633835530903	546.8657929275021	461.44249432224507	632.7660159170407	821.0427359608993	251.8152161031788	189.47037419380464	47.23521796021769	281.39225932415	204.4160751595536	248.30376152448343	32.75027396885663
K03931	ygjK; putative isomerase	7184.619377887046	2059.091525608823	19676.781860702074	964.0896586933264	1778.264080451399	1608.167254927136	918.3183367075018	5017.704225841352	2442.6378403052995	1018.9715598405464	144.6826975596505	568.8524620082691	225.6490116166377	385.6248159445136	125.26503713362489
K03932	lpqC; polyhydroxybutyrate depolymerase	7158.378118140153	6058.0098604360455	16381.67844842752	8002.401665819406	2076.4989269943844	1963.3200602258048	2249.4796207063764	10649.720388423051	5743.492444272953	1927.5571578588847	135.12768783876697	1240.7524665495766	561.8548028444619	647.1485221344474	356.90508763007904
K03933	cpbD; chitin-binding protein	0.7698138648391585	11.158978491025804	537.4291553930472	1407.0502608495394	966.9620535772495	420.5947140115017	181.28683786898853	4.63498722206522	16.35038314735617	135.4686473546105	50.273967892939964	117.25113904402102	43.82561454301322	26.54771752327423	0.080526014369645
K03940	NDUFS7; NADH dehydrogenase (ubiquinone) Fe-S protein 7 [EC:1.6.5.3 1.6.99.3]	5.961150941829479e-75	1.4223481475174013e-74	2.92852498015428e-74	3.880227111216577e-74	7.760728172384526e-74	1.5217919798650162e-73	2.635672482138852e-74	2.510203404411007e-74	1.0251207180296834e-74	3.556144318744874e-74	3.764072331835341e-75	2.133522221276102e-74	4.194173755487561e-74	2.8244239986333606e-75	5.125603590148417e-75
K03941	NDUFS8; NADH dehydrogenase (ubiquinone) Fe-S protein 8 [EC:1.6.5.3 1.6.99.3]	25.81850119039638	2.8705356805159058e-49	5.9102516226338656e-49	7.830945180821897e-49	1.5662443238315698e-48	3.0712299124163826e-48	5.3192264603704785e-49	5.0660089446393e-49	3.397519101859636	7.176892077961666e-49	7.596525471935391e-50	4.305803520773859e-49	8.464541846821748e-49	5.7001584873110545e-50	1.034432253128902e-49
K03943	NDUFV2; NADH dehydrogenase (ubiquinone) flavoprotein 2 [EC:1.6.5.3 1.6.99.3]	4.799161682774367	0.0134098833928314	25.20390087491737	0.048847453996047	0.0101523696118347	0.027062264605596	0.0202714537315351	0.0028082405914768	0.0167577742937212	0.0037513206439371	0.0018118930236965	0.0018765004794921	0.0029338707158614	0.0133743202019756	3.1430160249117645
K03953	NDUFA9; NADH dehydrogenase (ubiquinone) 1 alpha subcomplex subunit 9	0.0	0.0	0.0	0.0	0.0	0.0	0.0	0.0	0.0	0.0	0.0	0.0	0.0	0.0	1.855465178496793e-05
K03955	NDUFAB1; NADH dehydrogenase (ubiquinone) 1 alpha/beta subcomplex 1	2882.876909897996	4595.430309094478	937.4439152736828	413.9735093234737	46.74677088838585	86.05423900994163	51.15184583001554	1270.1139783666083	579.4103887708758	78.96109245774576	10.640881764190327	189.73453322714525	75.27659676289304	46.84371344181393	30.332843532922904
K03969	pspA; phage shock protein A	8331.059397346395	12385.77890257865	12514.777127738833	14134.649632555753	63428.78230549958	28700.86612983366	5844.273241880885	9746.435729396186	4230.719664032216	2863.141979804718	4357.409915921007	2790.1051085904173	2587.107489417727	34930.09065666173	263.1934953378715
K03970	pspB; phage shock protein B	4.42541083348936	9.704773077429635	17.293179955545835	13.497719674961417	27.58994727719125	37.37914551397133	40.99725416989048	12.833202140924543	15.961001036103031	13.256772844668143	5.978322944911332	5.288588247640122	13.561151615483132	14.34670528567179	2.8883616620078394
K03971	pspD; phage shock protein D	1.8716729866587651	9.704773077429632	3.846045380613619	13.497719674961417	27.58994727719125	28.37914551397133	29.49725416989048	12.833202140924543	15.961001036103031	13.256772844668143	5.978322944911332	5.288588247640122	13.561151615483132	14.34670528567179	2.775261828359409
K03972	pspE; phage shock protein E	221.91888460445784	603.3478091390518	3921.3407650712343	3095.311481994016	186.9208241527312	379.8068122225398	51.968055553672194	1054.0638391136165	2336.3752671401203	296.7857692419558	6.150821791831605	48.54090526920198	100.59841631642384	410.6004984050668	15.91234641398276
K03973	pspC; phage shock protein C	8464.048483603894	7130.256484032317	12043.732804744935	5027.006012763025	2363.6015576117	2133.211095158947	1997.81793085637	13935.616104282144	4977.850348001843	2009.7972316200064	195.2094439393289	773.2393285547394	1645.7541541488883	428.5740670547173	247.0794391288408
K03974	pspF; psp operon transcriptional activator	4.42541083348936	9.704773077429632	17.293179955545835	13.497719674961417	27.58994727719125	37.37914551397133	40.99725416989048	12.833202140924543	15.961001036103031	13.256772844668143	5.978322944911332	5.288588247640122	13.561151615483132	14.34670528567179	2.8883616620078394
K03975	dedA; membrane-associated protein	7020.269436267825	10543.240802826183	35599.44745366165	7709.899268994717	6621.865620877721	5009.3023949217495	3958.703406653359	19598.421709389564	4450.154465005674	4517.214245463845	600.6506279539287	1955.132424093828	1316.2492041620558	2340.4077779801114	273.43216413354804
K03976	ybaK, ebsC; Cys-tRNA(Pro)/Cys-tRNA(Cys) deacylase [EC:3.1.1.-]	42998.12287260507	48103.266954760766	74389.01318105216	45983.47094350691	179760.8772454175	86058.7785885173	15789.565412442882	64016.58227067964	21485.176918863515	11547.816990173542	11800.455401067458	5097.9052583333305	5927.224766029379	88849.66341464678	1448.4208359281097
K03977	engA, der; GTPase	53831.708081277895	53055.05112238369	113537.2606013609	40705.25805522331	90963.57493396867	53136.514311287305	20885.537792089253	79222.9483423855	31514.277515679987	14287.72534588603	6019.075328590448	6813.7481860430535	6295.475689105698	39323.92653228124	1578.6790176930592
K03978	engB; GTP-binding protein	52694.54011172548	50918.6847211869	109031.37719991613	33781.98085070879	89366.44175157507	51960.33971815647	18126.81330946581	76612.92736645813	28147.67411787556	12884.46699865158	5681.339818347507	6362.539714227918	5787.9624138634645	38403.90791438197	1454.199977278956
K03979	obgE, cgtA; GTPase [EC:3.6.5.-]	54107.23959755137	53508.1412635333	114085.33293858716	41437.54359204766	91540.5959929411	53701.92907379694	21331.713391030826	79414.94098752408	31539.648350967676	14438.004794900266	6059.305304919533	6551.987773311979	6417.849679466473	39278.22287737082	1571.077923357197
K03980	murJ, mviN; putative peptidoglycan lipid II flippase	5336.056779569535	10143.997790952986	9782.261882915536	16612.170139964837	61723.35463328789	33677.30355431484	7246.6374500269085	8474.029072278849	6771.591339048944	4792.110406164403	4632.370264665935	2644.55086193214	2327.8853164649227	29601.165507418107	299.38616117542955
K03981	dsbC; thiol:disulfide interchange protein DsbC [EC:5.3.4.1]	796.8796126265959	846.4507041308243	4021.059554340715	732.1376119278989	800.6679496942966	1071.9543124401391	1035.499630069496	2981.287204535677	862.5711633937864	375.0782579332882	80.62661401407968	1248.8449715763409	329.6129169856789	870.152236162622	151.0454370282885
K04001	SERPING1, C1INH; C1 inhibitor	0.0	1.98645810694803e-27	6.959964683389729e-24	0.0	1.839889717564856e-23	0.0	2.9442626625948353e-23	0.0	0.0	0.0	0.0	0.0	0.0	0.0	0.0
K04013	nrfB; cytochrome c-type protein NrfB	16.52	67.61	21.84	74.1	156.34	157.84	118.56	76.03	75.11	74.1	32.12	27.41	76.5	69.82	15.42
K04014	nrfC; protein NrfC	582.7237327441868	589.4190468275983	2922.7024529217565	387.2160760747623	157.73395373576713	160.27314656571397	201.28609828845	2102.9827545587546	486.8762962457904	74.85139270203786	32.20674036269099	141.74653916717122	77.14161372816014	70.1602277555823	15.491659132645808
K04015	nrfD; protein NrfD	578.4143733598698	585.8680748423877	2902.830971853735	394.15205233536767	162.12478529393988	165.78476916073996	194.92087178095903	2103.0672360719627	487.2661237265425	76.19186309227234	32.84547226241697	142.53173544021445	78.43616341794163	74.64481256190346	15.528877887354335
K04016	nrfE; cytochrome c-type biogenesis protein NrfE	16.51999873141381	67.60999315993783	21.839997187216007	74.09999045662573	156.339979864897	157.8399796717113	118.55998918803957	76.02999098080296	76.45253807574562	74.09999045662573	32.11999586324991	27.40999666303877	76.49999051200564	69.81999100784897	15.41999801405086
K04017	nrfF; formate-dependent nitrite reductase complex subunit NrfF	14.810917000264682	63.89505811909344	23.45182931197397	74.0999904343806	160.60091144585422	157.83997962432707	125.3784966962527	74.49258610683324	75.10999068352562	74.0999904343806	32.11999585360736	27.025645442023876	75.7748478675832	69.81999098688871	15.419998009421716
K04018	nrfG; formate-dependent nitrite reductase complex subunit NrfG	201.81103655327752	235.8952426979872	981.8402622606392	178.1008898128833	156.34187737309284	157.84189538549938	118.97654474367164	749.4934360862737	212.11086663692024	74.10088981288331	32.120385705665484	65.02595992106578	75.77574202702039	69.8208384174833	15.420185167539282
K04019	eutA; ethanolamine utilization protein EutA	6862.195794085096	4993.322855336744	3480.1665301749504	5038.683963770895	3423.7175999548085	3980.85369961997	4108.062099205448	9103.649956768251	3521.992987568563	1369.0607431699675	325.5723959049421	1608.0270525653875	1481.190772004615	917.625632162526	278.29591237158434
K04020	eutD; phosphotransacetylase	9.850003513457668	53.11473296867583	21.840007790245224	74.10002643118915	156.34005576588547	157.84005630092977	83.95002994464683	70.03002497943558	75.11002574276547	74.10002643118915	32.120011457082256	25.9100092419988	73.67002627780978	69.82002490452936	16.573709880745263
K04021	eutE; aldehyde dehydrogenase	9.85	53.11	21.84	74.1	156.34	157.84	83.95	74.27406091536325	75.11	74.1	32.12	25.91	73.67	69.82	16.57370438048971
K04022	eutG; alcohol dehydrogenase	36.78526687976402	79.78742851924477	50.726366299654536	98.85165592868005	164.3703918507071	163.83054743767713	93.39851589075234	89.58133564182333	79.91596706407384	79.9573743937826	32.94436191742184	26.462854856799417	76.46375195472952	70.52466112031286	17.819180782097
K04023	eutH; ethanolamine transporter	10775.059510372186	7653.819222501927	4536.555339272507	8256.672689126062	16275.8657428078	9772.672330562658	6064.917922972794	13646.045194792798	4946.287306305298	2234.7753316785493	1293.9915476511076	2505.2142427325266	2116.298503904763	8057.356080431272	429.6538063181228
K04024	eutJ; ethanolamine utilization protein EutJ	4543.198770806966	5261.298439800587	3394.6114103833856	4374.880197011615	4060.311284241767	4415.825870096598	4105.947865484781	7474.034302317299	2887.6592107740867	1321.0075652008802	322.81856397782553	1696.6318133048264	1387.2183797615694	1279.483373155438	259.6276626017624
K04025	eutK; ethanolamine utilization protein EutK	9.84809818826332	53.09974566280862	21.835783191032583	74.08569296957482	156.30981428965356	157.80952467365304	83.93379115783816	70.01647879432288	75.09606560882882	74.08569296957482	32.11379835604242	25.904997366284533	73.65577599282831	69.80651934056294	15.417022747514762
K04026	eutL; ethanolamine utilization protein EutL	5750.67067962723	7514.449736556791	3344.263416799923	4092.578976874391	3422.6281116767123	3708.008559940125	3198.205565393101	7655.460689802869	2877.0415468898627	1230.4360523936732	262.2426556430544	1173.6508503858072	1143.3750635878932	740.2582906759608	225.21675362274885
K04027	eutM; ethanolamine utilization protein EutM	3373.544331210718	5755.293120889395	4018.30020450365	7419.361202937462	4371.794446252203	4834.965192402124	7911.150345730411	5570.8691077907015	4591.342083706269	2830.415570607167	569.6911864706342	1986.5613940623	1482.6829427831344	1213.2306107692038	232.9860265958029
K04028	eutN; ethanolamine utilization protein EutN	12280.9896436835	11968.09112006909	7028.687625169267	10644.933083518272	19787.651682809133	13342.648311212231	10602.007687955464	14475.307042287826	8233.446774343622	4788.054299980773	1763.4102763952108	2598.52302893323	2323.298435862544	8431.413119801166	509.6181538774271
K04029	eutP; ethanolamine utilization protein EutP	9722.541345428712	14125.467906883288	5261.154292861901	6329.4299683799945	16810.084233601585	10027.56464274145	4287.45984210586	12694.616056792576	4597.88501251538	2271.0395151657685	1153.553908635763	1739.644628053531	1849.700060700069	7568.817766508676	401.3778827443187
K04030	eutQ; ethanolamine utilization protein EutQ	5725.672598632982	3940.0530539796914	2820.361718045516	3991.6821167532817	3135.778194025744	3430.7913178972176	3319.653905678144	7339.946396508941	2917.756457297116	1130.0443583321482	267.8242104168396	1361.3487426215156	1256.1906274290982	977.2118627241716	236.8784587933233
K04031	eutS; ethanolamine utilization protein EutS	10932.069751538347	9638.944465817463	4920.671757243143	6725.1297789039845	16662.292997660705	10068.390228572827	4693.276514152161	14025.536425347036	5087.137864804509	2316.493234666739	1232.690407554598	2040.3182748946465	2171.7580175171647	7642.828167361508	442.01390139058174
K04032	eutT; ethanolamine utilization cobalamin adenosyltransferase [EC:2.5.1.17]	5417.668317537898	3951.672851684115	2831.655914746728	3965.677351938296	2957.60680307811	3373.9825927448	3182.670406874733	6936.630588082598	2709.6942383034275	1085.3464023508498	260.2267191851879	1125.4650083159777	1109.862968335815	685.476894783617	207.2830164173979
K04033	eutR; AraC family transcriptional regulator, ethanolamine operon transcriptional activator	15.99896039802221	73.52369019645975	48.35330801135878	140.11170904018368	438.11526928927975	341.1596470940944	379.70387111293854	90.4711653107923	111.09141517002476	127.6532374855306	55.47681575799928	185.62665606211647	87.27002568431124	190.7353134359588	15.499718671150344
K04034	bchE; anaerobic magnesium-protoporphyrin IX monomethyl ester cyclase [EC:1.21.98.3]	116.0594142158021	129.93508911218763	377.2526774937688	90.97962832189543	69.86754999143194	82.51184086649386	349.5035988062336	81.85400270747407	90.33337898906557	40.89536763680142	21.95951851066313	44.558659697453024	42.91995595535985	141.09945926573667	4.83452369129153
K04035	E1.14.13.81, acsF, chlE; magnesium-protoporphyrin IX monomethyl ester (oxidative) cyclase [EC:1.14.13.81]	5.045696811205623	14.353715787414176	4.078309904968813	28.224154771592712	36.9211330457114	27.505750635490628	223.2503857299413	18.92076803267574	13.15396446939473	10.342258902305511	11.626226157365313	24.326720606736902	21.70666804294397	70.4318234331564	3.1136951590465305
K04036	bchJ; divinyl protochlorophyllide a 8-vinyl-reductase [EC:1.-.-.-]	7.2559849444515265	1.487594216136956	33.321221223554296	3.214669450365104	2.5999830855777657	2.571631324095173	2.06794195966286	1.4061707053350347	0.4173519131474242	0.5944124117792267	0.2871020113522184	0.297339332355545	0.4648840591332006	2.1192168523403963	0.7056632683872511
K04037	chlL; light-independent protochlorophyllide reductase subunit L [EC:1.3.7.7]	11.475212604646783	10.408504038157568	39.41616144885542	20.678301526499236	28.581497191472884	19.26874247679744	143.98901170248084	13.96250397272871	9.02440771062971	7.040904476366867	7.999597636676292	16.970500728857672	14.965834069607066	48.850631402520655	2.362037849808204
K04038	chlN; light-independent protochlorophyllide reductase subunit N [EC:1.3.7.7]	11.586918839880136	10.722261921395656	39.43733759777987	21.081489654861382	28.77604642373652	19.85599762856808	154.8516012165408	14.404123563757953	9.327127014132154	7.267634456251141	8.270854307818901	17.53692445134768	15.47584789902577	50.446555979021454	2.421731414968165
K04039	chlB; light-independent protochlorophyllide reductase subunit B [EC:1.3.7.7]	11.502703983320274	10.485721185095436	39.4213729889965	20.777527836385183	28.62937658337632	19.413268462491587	145.21744471150652	14.071188428715026	9.0989082162369	7.096703686864026	8.066355054903783	17.109900011378393	15.091350637988194	49.24339521534863	2.3767286895876927
K04040	chlG, bchG; chlorophyll/bacteriochlorophyll a synthase [EC:2.5.1.62 2.5.1.133]	11.600239970985	10.783881366935953	39.43986289296846	21.129570425882083	28.79924672556089	19.92602865998188	155.4468466701399	14.456787342626582	9.36322673158754	7.294672336286506	8.303202060581414	17.604471304506163	15.536667790348645	50.63687230713536	2.8073935329304938
K04041	fbp3; fructose-1,6-bisphosphatase III [EC:3.1.3.11]	30228.10313915897	24343.76777751756	65692.49115054203	14456.40054602555	19873.11627477205	17687.13250709381	9862.03244226921	36558.80292924539	16947.179381660062	6891.256708305408	1217.0635063210389	4154.305939467653	2866.9484897074444	4154.700660320528	767.1248879400814
K04042	glmU; bifunctional UDP-N-acetylglucosamine pyrophosphorylase / Glucosamine-1-phosphate N-acetyltransferase [EC:2.7.7.23 2.3.1.157]	20294.61534642307	31166.645100467325	35609.015154903536	23073.780991566386	85538.23507294845	47322.25327858976	15186.119033691351	42905.02876375112	10935.994590448763	9045.188854451751	5760.293071427733	3696.590644336409	5081.603083163564	37754.50767993426	793.8881066291679
K04043	dnaK, HSPA9; molecular chaperone DnaK	64494.63595639053	60616.4493527198	117832.85784348613	44754.99861605495	108009.74948699144	63373.4346261776	24132.2965855279	88197.76629861597	33974.55706641008	15673.490865213476	7185.634123504208	7627.936087632268	7465.816653067135	46950.786856708655	1759.0696510951698
K04044	hscA; molecular chaperone HscA	807.9908581960265	572.2825935232424	1140.791446750383	421.9823693336441	481.43263297749735	413.29348800500384	787.641761265849	1741.745304655362	682.7483594191178	277.1478485075695	74.98593528689071	975.2524459009152	204.11708141387885	640.5096629092895	96.54742175237767
K04045	hscC; molecular chaperone HscC	5660.784869529897	6139.872794382625	2368.9389588264403	6916.911494528016	48494.46762100492	20657.96011903854	1606.2250669539465	4110.883926964413	1192.4637614243425	789.5233027329757	3324.9049533699285	1344.9395859834492	769.2632222899668	26076.63233155788	164.94710756109964
K04046	yegD; hypothetical chaperone protein	88.39088713671526	173.63487709720482	4122.701837815727	264.2359058784291	520.0600617455198	351.8406752627116	636.6092012340799	947.01655585233	622.6209685398272	255.74656590352623	64.61411391940881	967.449419768214	136.3044834976199	540.3280263257539	66.6245958030151
K04047	dps; starvation-inducible DNA-binding protein	5138.175392872075	8876.924510079265	46941.27866423329	2729.5082822662544	5711.902453736006	3880.25172568389	3980.464288233563	15794.452414463807	5224.688198161271	2796.297412951952	703.0252580109036	1871.0787800208907	377.5881668398605	2350.123705644666	91.92034050854396
K04053	yscI, sctI; type III secretion protein I	0.0	4.996984310358205	0.0	9.983974652095696	9.983974652095696	16.97975268659718	37.94709885286021	0.0	0.0	0.0	0.0	46.93167664288426	0.0	34.94890826664528	0.0
K04054	yscK, sctK; type III secretion protein K	4.0	18.327989747285045	14.25	47.48598351507552	180.15598351507555	88.98316916127459	163.20473414088264	10.0	19.5	17.0	15.33	89.94111970650114	6.67	85.9559402925116	0.0
K04056	yscO, sctO; type III secretion protein O	0.0	4.99999877944583	0.0	9.98999756133277	9.98999756133277	16.98999585255693	37.96999073111163	0.0	0.0	0.0	0.0	46.95998853655524	0.0	34.96999146344413	0.0
K04057	yscP, sctP; type III secretion protein P	0.0	7.470694707109295e-11	2.6175115971488024e-07	0.0	6.919478606973806e-07	0.0	1.107281719803326e-06	0.0	0.0	0.0	0.0	0.0	0.0	0.0	0.0
K04058	yscW, sctW; type III secretion protein W	8.22249452998312	49.334687559892885	21.586049800846617	78.55583153887234	158.5123792383357	202.9676148213528	151.1816187165236	61.988184575185365	64.48559953269971	74.2215553967212	26.81284510690942	135.17129000741016	63.61766848811793	116.3872204840813	12.872169101760376
K04059	yscX, sctX; type III secretion protein X	0.0	4.99999877944583	0.0	9.98999756133277	9.98999756133277	16.98999585255693	37.96999073111163	0.0	0.0	0.0	0.0	46.95998853655524	0.0	34.96999146344413	0.0
K04060	yscY, sctY; type III secretion protein Y	0.0	0.0	0.205435467658204	0.4108709353164081	1.1031765864420322	3.320217153597332	2.6593405182012533	0.2161228619294401	0.2596640978492907	0.7572216755879466	0.0	4.07743882918528	0.1298320489246453	1.4166734850649565	0.0
K04061	flhB2; flagellar biosynthesis protein	19777.91897644009	9322.11616297521	7116.820274305099	6538.0315032850085	11925.582637302356	11546.644745693568	4999.916256124141	18076.749534155235	5430.029776535967	3526.636911139949	324.78606752441704	1099.496220730777	1495.8123804158768	1301.5521331905206	387.4976748834638
K04062	osmB; osmotically inducible lipoprotein OsmB	16.691520061241565	56.28584871721308	32.799565472546064	99.03029483367212	451.84371742231207	211.57765256093185	640.2502240147559	90.4255020544512	222.2791027023684	144.2674452184479	52.00214114859779	990.6803291897444	74.41515008710357	484.545191377189	53.85528383189787
K04063	osmC; osmotically inducible protein OsmC	32.00562222318272	77.19064407279032	632.4698174320235	1380.062390043663	1191.0258937256312	680.5278582529675	875.1970900322252	205.0667396732144	256.4492988512914	280.3093401733517	113.66003015327588	917.247657243684	187.20390423615595	568.5020644418955	71.95950448095232
K04064	osmE; osmotically inducible lipoprotein OsmE	14.000005523981311	66.86175186496267	39.77183735942963	119.4522351844058	346.39083713289284	289.67257335378457	270.95351939617893	84.46598223383002	99.6340094746725	104.87030116265429	47.81411391940882	142.17723449025527	83.33322724748541	148.15508909165533	15.50002200353846
K04065	osmY; hyperosmotically inducible periplasmic protein	18.71970811282757	81.40577414076441	57.1835215068856	177.33805309843976	387.3619341117102	359.3668707922607	411.0111213865055	126.15879350460638	107.42239746223704	129.61532766264654	51.8187120608503	223.8766606986761	90.97273753587793	300.9116069928526	46.621983386664674
K04066	priA; primosomal protein N' (replication factor Y) (superfamily II helicase) [EC:3.6.4.-]	56977.99289938298	54587.23030592783	125901.38707476197	40125.33271494836	91251.42417115916	53620.28747659468	21839.028316306765	83540.4818239997	34466.8064797589	14867.851259621775	6032.784319638402	7702.538381390404	6516.6750184004095	39381.370838595336	1598.4955569615545
K04067	priC; primosomal replication protein N''	16.67000552398131	68.03175186496267	21.868662904991734	74.64588627553002	156.60350147871478	158.6305168531582	133.38375330778163	76.62275824129998	75.51650958621148	74.40493944523675	32.48411391940882	28.16981627221141	77.18447730325491	71.96296698677435	15.50002200353846
K04068	nrdG; anaerobic ribonucleoside-triphosphate reductase activating protein [EC:1.97.1.4]	63934.60762554976	59649.16181313786	112186.93241572988	38312.68749281933	143129.2388394795	71537.37410779945	17608.293854884923	77524.72593405278	29393.805409017332	13112.280270323346	9637.56135918221	5515.864383729799	5706.626054618059	70452.96274921828	1613.720158101384
K04069	pflA, pflC, pflE; pyruvate formate lyase activating enzyme [EC:1.97.1.4]	94515.76820770756	99844.60034477382	129173.15415568704	81094.64681494838	190509.096122318	112155.12446368368	57300.4240945301	131908.2909077956	57479.86841240554	34584.968235514905	14220.095171380104	13776.821383893264	18463.52153731694	84200.25259866728	3013.619975906687
K04070	pflX; putative pyruvate formate lyase activating enzyme [EC:1.97.1.4]	32821.22408136756	28759.151374653982	20351.106077324734	21543.291952626445	78421.92892893698	42767.60017326219	13866.268043198852	38080.23015084483	11776.198997616151	7059.042380344188	4787.425924718718	3601.4523452437547	4855.034684355274	35174.44314766182	835.5394784578168
K04072	adhE; acetaldehyde dehydrogenase / alcohol dehydrogenase [EC:1.2.1.10 1.1.1.1]	16330.312698684724	24023.405124366345	23512.635206825187	17306.906985412425	82504.6378315147	44775.03554008939	10055.067780099836	33344.154187565604	6434.683718628145	6398.314947994103	5304.840441131871	2219.1523299699056	3027.4931879052347	35912.545777143736	516.5854533921442
K04073	mhpF; acetaldehyde dehydrogenase [EC:1.2.1.10]	929.2253307748808	490.5191301441851	251.2790197082649	359.6324496563336	457.8498090939668	450.448596546541	394.9046940130093	1333.6601020511343	460.7229260359314	233.35377812140024	94.14643002592716	244.5911304923714	187.7648424047615	330.97988286183795	75.7473378173863
K04074	divIVA; cell division initiation protein	19360.78119047357	31256.026959904328	34168.8598231622	21794.16913335978	72480.60515044449	37964.68021298248	14369.759362404922	36989.0740354928	10993.161049446184	8873.076784031357	5064.580115044573	2829.2874654340217	4606.543240965245	35465.685365782265	635.9723487464352
K04075	tilS, mesJ; tRNA(Ile)-lysidine synthase [EC:6.3.4.19]	55175.02995324761	54558.37481462791	114296.48452494571	39878.448350323146	91142.83260459194	53517.828662363056	21238.00810810256	80481.52082545865	32301.88060032318	14633.210463941565	5959.520087135788	7104.789046931952	6322.0982893902	39257.38412424033	1619.935571652828
K04076	lonB; ATP-dependent Lon protease [EC:3.4.21.53]	749.515309165404	3264.622328823017	2082.3029760373693	9149.523516586692	58062.237309373886	23424.78226925493	4105.798686946244	1600.3988668640543	2478.5559918474955	2342.386125728281	4121.654397903488	700.4822036365952	604.8247872119786	32503.13490395967	115.45915928937757
K04077	groEL, HSPD1; chaperonin GroEL	62196.03543749232	60120.77141042118	118272.67855370587	44589.32903271628	94123.79456254868	56080.15896046485	22990.18748827333	84189.58446960954	33753.20867158164	15188.49412462893	6127.265130337963	7101.323160961634	6852.184625667838	39655.43893105759	1648.560270964581
K04078	groES, HSPE1; chaperonin GroES	52956.53758481344	53193.273153489296	111390.60520803666	41736.14484719211	91223.19957762606	53196.150325581504	21152.821682237714	77316.72310426191	32069.02875297842	14550.609512623098	5967.935376212484	6638.701752117146	6178.510329452436	39524.41576472689	1530.323116272814
K04079	HSP90A, htpG; molecular chaperone HtpG	58599.537532548384	49602.66457269774	109003.96282744149	39977.12251809568	86284.12750289244	49805.93867578709	15892.779594517164	76312.35739833281	33275.13950579861	12198.689942874693	5161.596816764386	6719.091269364064	6081.035694883461	37898.4291614714	1698.1592264381784
K04080	ibpA; molecular chaperone IbpA	17.37738157588533	53.69752565413057	64.82044570050925	95.9507724673509	220.78059356502172	241.460056158099	264.44683444938124	103.21433596158188	83.94484565593427	96.42526042905124	37.05386922483397	164.41979341693002	93.1598790033226	354.3156671601252	66.61335983199089
K04081	ibpB; molecular chaperone IbpB	9.999747409576855	53.53060705162135	21.868387613633445	74.64049245924589	156.6008023044174	158.6272428746221	98.77028355787766	70.6220116243903	75.51580932150928	74.40394209499729	32.48363219787323	26.66931737372199	74.35369728551215	71.95941120396549	15.50002200353846
K04082	hscB, HSCB, HSC20; molecular chaperone HscB	207.66974740957687	258.3606070516214	1002.3083876136336	236.51049245924588	425.7708023044173	338.6372428746221	749.4702835578776	843.0779507090272	396.4358093215093	195.08394209499727	62.813632197873225	955.999317373722	131.13369728551214	624.2994112039654	66.5403237696573
K04083	hslO; molecular chaperone Hsp33	35844.48776729712	41704.30674942018	43535.35572180531	27193.71532551616	88072.1788591422	50742.447349858194	17985.89157610215	50871.82060113072	15420.376307320885	9986.808243881327	5709.655498450038	5197.524967678115	5614.098083135547	38495.52249815021	948.6756028148678
K04084	dsbD; thiol:disulfide interchange protein DsbD [EC:1.8.1.8]	19239.862372635635	11596.530349380924	81792.74258684527	13126.012059048062	1937.664366127719	1820.0239575779751	1410.8469453974526	30594.66844932357	18922.68692825468	3976.5005412710343	78.74718502112381	2038.5500988626209	365.4260839124848	1456.792299980029	646.3550992534158
K04085	tusA, sirA; tRNA 2-thiouridine synthesizing protein A [EC:2.8.1.-]	413.1912917266102	807.665612379494	1475.5861929093958	320.63039037377644	305.60217519694675	374.4574098778602	1064.3070147676167	889.3702328036468	312.65831317594814	159.04015493251808	67.92280295633955	465.8328609788856	141.64275118108122	828.4496321582701	94.88373025505388
K04086	clpL; ATP-dependent Clp protease ATP-binding subunit ClpL	789.5875247022809	5061.935671327015	14512.963863235109	45.73243433629096	171.113159135505	56.94823811325907	1393.333150350197	8506.186751178793	219.14672068075063	307.54324915958745	21.56196118800644	156.33569353011012	5.826186505719353	119.89105955870434	0.1593608392515793
K04087	hflC; membrane protease subunit HflC [EC:3.4.-.-]	7812.837637878823	1626.250114470234	2554.7099826843705	1277.2439859839317	1999.299657847356	2059.293150969694	2058.245527217595	4276.604818339398	1929.577650490404	1180.071812153496	123.11155506004404	1646.8617997655747	406.1923703136585	942.2939378937788	142.445650071376
K04088	hflK; membrane protease subunit HflK [EC:3.4.-.-]	8130.141785114847	2100.5800512267924	2897.595417073056	3748.686661693597	2618.891133809435	2654.832565339509	2753.60647935195	5571.299683152952	2042.278924564493	1358.4733055640256	233.0016652482812	1627.4066765125508	798.9422858034312	1007.7373893129516	203.2060925470305
K04090	E1.2.7.8; indolepyruvate ferredoxin oxidoreductase [EC:1.2.7.8]	14.296855888016168	37.078464583046085	62.98919665266798	94.98000000000002	473.4561314878444	185.12	876.3500176315603	122.00017335121146	349.1920219534703	180.78083665305311	60.66	1494.9236194621324	101.34	787.543873625443	132.13140364233897
K04091	ssuD; alkanesulfonate monooxygenase [EC:1.14.14.5]	19.0057570614553	91.65015146502397	194.73856872534537	525.138012646122	989.205804405967	688.3052316632784	1312.6810587350724	257.890129379243	443.09724421240713	327.2289651797766	116.67422115877766	1835.5389472148015	205.59679429324063	1102.5574508626707	36.94379241789261
K04092	tyrA1; chorismate mutase [EC:5.4.99.5]	0.3078764450061609	6.457123901645272	5.228852368800239	19.39925530609394	44.87510355653575	47.33397137729268	79.13240012084593	13.227244846093903	1.3491223479612362	5.199492984532826	2.8602181086158853	88.94766027027062	8.810766646553123	101.74667174860062	0.0298317836814782
K04093	pheA1; chorismate mutase [EC:5.4.99.5]	17.589850216569225	1462.0945436243867	1004.8063120075308	1331.7947539644397	1307.1917799524726	637.0647741962548	303.5144461938502	75.33138899869614	34.800473174199	197.0215114874836	103.7983636586193	248.21351577586776	61.94759200473906	159.18466557043814	1.8497805694036944
K04094	trmFO, gid; methylenetetrahydrofolate--tRNA-(uracil-5-)-methyltransferase [EC:2.1.1.74]	22375.234638294176	29453.98535033801	34865.09986499758	17809.7470103175	24515.38866054201	21753.273986496824	15337.845905082651	41147.0073434049	10340.665059171171	8510.622004085872	1501.3798418109063	2966.2668318947904	4255.207652416341	4659.8860586029	698.0381804191225
K04095	fic; cell filamentation protein	23867.136698580354	20010.25570397392	50295.53122852947	13655.323751480975	12446.578191757677	11776.747540760603	7244.010862331956	34516.72396482805	13796.447334773517	5772.481169380631	719.4325484453747	1731.4787090409727	1940.4095761137503	2956.483257136443	726.2505227598122
K04096	smf; DNA processing protein	56503.66459766391	54302.33716539369	116721.683691958	41989.464105822	94356.04213617882	56128.086853507295	21389.26067477744	82187.28730911243	32603.00040333091	14964.198678585068	6279.28130946406	6592.570909070391	6484.428836876057	39806.83766728341	1639.1863842098098
K04097	HPGDS; prostaglandin-H2 D-isomerase / glutathione transferase [EC:5.3.99.2 2.5.1.18]	0.0270449186359301	0.0759631403370603	0.0051269047201152	0.0976148744405084	0.0471018304954987	0.1421788834346562	1.20848325481875	0.1069194202317293	0.0732906172663232	0.0548930312214615	0.0656732776391605	0.1371354379296972	0.1234781790919237	0.3863853278233039	0.0146902553198682
K04098	chqB; hydroxyquinol 1,2-dioxygenase [EC:1.13.11.37]	0.0002577223465404	0.1665656180267199	2.3055524910487346	0.1245394653856311	115.75866167466724	8.129184539735736	535.0575123507332	102.06519068865845	309.9379053154564	124.22742600610223	30.00057889052447	1313.0734009172315	88.03965106904874	557.4248628107615	0.0010244395492257
K04099	desB, galA; gallate dioxygenase [EC:1.13.11.57]	4.0	13.330000000021478	14.41601097673515	37.5	225.23803293020543	75.57	385.40814269755816	61.0	175.43855834728942	76.99686877384464	30.33	697.3694453391962	50.67	328.09092363029066	0.0
K04100	ligA; protocatechuate 4,5-dioxygenase, alpha chain [EC:1.13.11.8]	0.0025135157494088	0.0788364119822417	2.0124993338142105	0.0163609545379722	64.17312283420415	10.179118098770209	295.51175302478833	51.01058425772602	158.86432241541098	84.70370800813481	15.00158711886015	702.2121837664448	44.01768470869644	286.8258988213228	0.0021612077054889
K04101	ligB; protocatechuate 4,5-dioxygenase, beta chain [EC:1.13.11.8]	0.0038932742458986	0.1770354306178728	1.1801463806509735	0.0451937655631125	61.68601912290235	10.196619251842328	284.6891392237581	51.014575321405445	158.0340766786733	79.70510523496124	15.004162176161088	698.0449055273571	44.02185431755749	282.6749612514898	0.0021612077054889
K04102	pht5; 4,5-dihydroxyphthalate decarboxylase [EC:4.1.1.55]	34.37628370989384	58.48181931786071	55.28597338651368	102.1435232305198	506.6551763160191	199.1335388233876	796.5082033329002	140.10747272864756	355.2825753982822	165.09504947275803	69.96260743323336	1434.374289619624	108.16429938911092	681.7924706010346	2.1313026284437444
K04103	ipdC; indolepyruvate decarboxylase [EC:4.1.1.74]	50.10168412182392	58.74353816323524	185.59324708186827	90.77450547793684	26.708433939368085	54.1176263711961	539.6392462235972	154.07207362481677	183.9535575417967	507.50445994814334	53.83736926235724	47.61221138301429	62.50174004077206	169.52656105447147	4.879765567960468
K04105	hbaA; 4-hydroxybenzoate-CoA ligase [EC:6.2.1.27 6.2.1.25]	4.786262153169406	0.0009991377801458	25.202865425067785	0.0	0.0	0.0	0.0	0.0	0.0	0.0	0.0	0.0	0.0	0.0	0.0
K04107	hcrC, hbaB; 4-hydroxybenzoyl-CoA reductase subunit gamma [EC:1.3.7.9]	3.7431180411855673	0.0	19.71001529861337	0.0	0.0	0.0	8.606543529539751	0.0	0.0	4.963255413667224	0.0	0.0	0.0	6.952125058317343	0.0
K04108	hcrA, hbaC; 4-hydroxybenzoyl-CoA reductase subunit alpha [EC:1.3.7.9]	4.450407953645585	2.902166311765912	20.3914556899191	13.35150552038214	6.76552497216177	8.156863645981389	17.195610684240073	1.9297298621631245	1.733391767613689	7.432031933619647	1.192432507786464	1.234974148758302	1.9308119863439488	15.753880257477936	1.852282535647516
K04109	hcrB, hbaD; 4-hydroxybenzoyl-CoA reductase subunit beta [EC:1.3.7.9]	230.31517495251168	345.2237782139809	187.1140601505232	277.3810120487951	70.74775337346361	68.96227648048236	114.74086943400664	1018.7886212430872	112.9918255801378	83.0266535898902	16.716933367638923	183.31413584629183	82.41766891356492	15.606611944479198	5.6130848404071205
K04110	badA; benzoate-CoA ligase [EC:6.2.1.25]	8.998098003794487	6.552909941086508	47.50119787632808	19.25593911403775	85.89782734693085	66.93874240855735	340.5934001606172	53.94519758478935	162.50225091855873	81.17969463530909	15.499710737248606	815.0251996361089	45.96905881758188	335.09723184856074	0.0
K04112	bcrC, badD; benzoyl-CoA reductase subunit C [EC:1.3.7.8]	4.808190087215624	4.723907952092367	20.845965579435685	22.25680878898225	11.137755359409438	13.509602555686278	22.923968538105463	3.080807525148761	2.889541793350839	9.078678039550416	1.9877547810935288	2.0586330158857846	3.218631269226899	21.624552501696357	0.8746291788196393
K04113	bcrB, badE; benzoyl-CoA reductase subunit B [EC:1.3.7.8]	4.747654182122948	4.455413398582766	20.78140114114611	20.991790080118665	10.504714520626948	12.741752135426808	22.11020360575124	2.905702495731874	2.7253078071002417	8.844768198028127	1.8747760063483747	1.941625707943732	3.0356926992320385	20.79061016089202	1.852282535647516
K04114	bcrA, badF; benzoyl-CoA reductase subunit A [EC:1.3.7.8]	555.8755594835816	723.0790926962488	342.5845674631066	597.1704105193779	166.95345711647894	187.00005872395303	137.55831797439097	1841.4344885359735	216.78043159971668	151.79481734598193	32.4517801534333	38.47011697141373	782.6542278920081	14.19037064951224	13.101899861158325
K04115	bcrD, badG; benzoyl-CoA reductase subunit D [EC:1.3.7.8]	3.899582969390443	0.6939680008742999	19.87689262845755	3.269647346597908	1.6361973813594006	1.9846347501380384	10.70985183097716	0.4525875315498092	0.4244895459671791	5.567833581023772	0.2920120852593686	0.3024244868986712	0.4728345958704708	9.107585165524748	0.5945018101338821
K04116	aliA; cyclohexanecarboxylate-CoA ligase [EC:6.2.1.-]	68.2878286556456	15.20819030605381	12.564751098548454	23.236706277255426	9.122370268285474	11.509360563057111	22.286346011106133	35.25450330602431	3.509147511108333	8.40115325566844	1.9990309955891743	2.0525743205270803	5.417235329965431	16.450866401240727	0.9062170337494782
K04117	aliB; cyclohexanecarboxyl-CoA dehydrogenase [EC:1.3.99.-]	0.0379041592070389	0.2479033488590325	388.8936214489372	944.2375677447976	699.0158601490796	287.20091770857334	41.56397272012132	0.109640863596743	0.2688450080843076	86.36903245941183	37.42544288176568	71.57356133560249	28.88603097616479	12.34350829279979	0.0
K04118	E1.3.1.62; pimeloyl-CoA dehydrogenase [EC:1.3.1.62]	0.0	1.4999367157722766e-17	0.0	0.0	0.0	6.025048169556843	0.0	0.0	0.0	0.0080271700468403	0.0	0.0	0.0	0.0	0.0
K04120	E5.5.1.13; ent-copalyl diphosphate synthase [EC:5.5.1.13]	0.0	0.0629655751370088	0.0	0.0	0.0	0.0	0.0	0.0	0.0	0.0	0.0	0.0	0.0	0.0	0.0
K04126	PCBC; isopenicillin-N synthase [EC:1.21.3.1]	0.0	0.0001823494455077	2.6286816797794244e-08	0.0	6.94900709039482e-08	0.0	1.112006981887763e-07	0.0	0.0	0.0	0.0	0.0	0.0	0.0	0.0
K04127	cefD; isopenicillin-N epimerase [EC:5.1.1.17]	1.5174583360951708	3.666485837613444	0.8316145747980958	4.20096512229613	3.610365120380047	6.119645899933095	90.90906486015412	12.28504375208159	3.2796685665158685	2.316836160870164	3.970646568241746	9.723578650154206	5.949715027374619	16.199466642929767	2.4060984793488625
K04128	cmcH; hydroxymethyl cephem carbamoyltransferase [EC:2.1.3.7]	0.1497474095768567	0.4491764131140103	0.028387613634129	0.5404924592458915	0.2608023044191671	0.7872428746221207	14.820285430667353	0.5920116243902895	0.4058093215092736	0.3039420949972754	0.3636321978732279	0.7593173737219902	0.6836972855121527	2.1394112039654987	0.0800243878241849
K04257	OLFR; olfactory receptor	0.1461791765747923	0.1079070651417545	0.0890143870297664	0.0561416519201307	0.242860283879031	0.0698351935941633	12.422929359529062	0.0174650651330315	0.0807501718586325	0.0088761143094134	0.4628429193660304	1.5076956147571874	0.2956739945435421	0.0121327958397838	8.96366915772902e-05
K04333	csgD; LuxR family transcriptional regulator, csgAB operon transcriptional regulatory protein	9.85	53.11	21.84	74.1	156.34	157.84	83.95	70.03	75.11	74.1	32.12	25.91	73.67	69.82	15.420720467745618
K04334	csgA; major curlin subunit	9.870492302126156	53.16755830302889	21.84388472533088	74.1739641159942	156.37568969661928	162.14773087079772	84.86568417363416	78.1110142966979	75.16553329600477	74.14159319521548	33.969761534324185	42.41390938364756	73.76356109315772	76.11276941008613	15.43095067405763
K04335	csgB; minor curlin subunit	9.85	53.11	21.84	74.1	156.34	157.84	83.95000000005537	70.03	75.11	74.10000000003193	32.12	25.91	73.67	69.82000000004471	15.535767005998467
K04336	csgC; curli production protein	9.85	53.11	21.84	74.1	156.34	157.84	83.95	70.03	75.11	74.1	32.12	25.91	73.67	69.82	15.42002093832749
K04337	csgE; curli production assembly/transport component CsgE	9.850000000001677	53.11000000000903	21.84000000000372	74.1000000000126	156.3400000000266	157.84000000002686	83.95000000007295	70.03000000001191	75.11000000001228	74.10000000004644	32.12000000000546	25.91000000000441	73.67000000001254	69.82000000005925	15.584487381182626
K04338	csgF; curli production assembly/transport component CsgF	9.85	53.11	21.84	74.1	156.34	160.81495183044316	83.95000000005867	70.03	75.11	74.10000000003383	32.12	26.02818054975105	73.67	70.10183091245196	15.687437040048025
K04339	stsE; scyllo-inosamine 4-kinase [EC:2.7.1.65]	0.0	0.0104420492831757	0.0107263259955849	0.0	0.0283553980577293	0.0	0.0453754042904713	0.0	0.0	0.0	0.0	0.0	0.0	0.0	0.0
K04340	strB1; scyllo-inosamine-4-phosphate amidinotransferase 1 [EC:2.1.4.2]	0.0007223029019214	0.0202891198303763	0.0215895789387812	0.0026070519208521	0.0579687695377753	0.0037972464062205	6.246394711096711	0.0028555533312839	0.0019574111591057	0.0014660571281531	0.0017539708533061	0.0036625484478733	0.0032977968350617	0.0103193966786747	0.0003859841418073
K04341	E2.4.2.27; dTDP-dihydrostreptose-streptidine-6-phosphate dihydrostreptosyltransferase [EC:2.4.2.27]	0.0	3.0614231825843075e-06	0.0107263259955849	0.0	0.0283553980577293	0.0	0.0453754042904713	0.0	0.0	0.0	0.0	0.0	0.0	0.0	0.0
K04342	strK; streptomycin-6-phosphatase [EC:3.1.3.39]	8.933792112811301e-05	0.0663252825020783	1.3091510875745862	0.0003224528079042	3.4608950849808395	0.0004696618261403	5.542001142982112	0.0003531886658751	0.0002421020921863	0.0001813290459388	0.0002169396098739	0.0004530017302901	0.0004078874842722	0.001276352959564	4.774038803631863e-05
K04343	strB; streptomycin 6-kinase [EC:2.7.1.72]	118.76877016085533	90.53735788991048	49.403854475142765	149.5793152612077	570.3782424591909	384.4592171344409	506.8092100247968	105.77197331344836	144.8434488001116	179.0222989795517	67.24842338861974	321.5791763153612	82.17176182460852	410.2849148672376	37.56841755813654
K04345	PKA; protein kinase A [EC:2.7.11.11]	6.269087745338478e-05	0.0002780524900916	6.686281938729987e-05	0.0013100511627305	0.0006555759856294	0.0007951845524622	0.0008427335408957	0.0001813384622537	0.0001700804289612	0.0002422366228367	0.0001170006215573	0.0001211725634913	0.0001894508631776	0.0008636292298019	0.0
K04349	RASGRF1; Ras-specific guanine nucleotide-releasing factor 1	38.66242268720896	0.4996904624193604	14.626346722593706	4.538122025743824	0.3501169343390745	1.3516344637440143	0.0027774194829779	0.0708904818430058	4.379624542253451	0.0281054932951779	2.207682649962531	0.0168874385776664	3.572260355384195	0.0011392421584158	2.425918052864688
K04352	RASA1, RASGAP; Ras GTPase-activating protein 1	0.0	7.917470553191531e-32	0.0	0.0	0.0	0.0	0.0	0.0	0.0	0.0	0.0	0.0	0.0	0.0	0.0
K04371	ERK, MAPK1_3; mitogen-activated protein kinase 1/3 [EC:2.7.11.24]	1.5698570466550156e-05	6.962777977305575e-05	1.674327628488267e-05	0.0003280530011436	0.0001641643286016	0.0001991240390601	0.0002110308933881	4.540939198216559e-05	4.2590241315637615e-05	6.065904398944202e-05	2.929840156591447e-05	3.034310738424698e-05	4.744083742892104e-05	0.0002162634321253	0.0
K04431	MAP2K7, MKK7; mitogen-activated protein kinase kinase 7 [EC:2.7.12.2]	0.0	3.399655852701187e-31	0.0	0.0	0.0	0.0	0.0	0.0	0.0	0.0	0.0	0.0	0.0	0.0	0.0
K04437	FLNA; filamin	0.000105924376017	0.0004698057789164	0.0001129734135178	0.0022135015108985	0.0011076807349073	0.0013435675326219	0.0014239077214126	0.0003063948734231	0.0002873729646521	0.0004092902215562	0.0001976877391975	0.0002047367766983	0.0003201018279397	0.0014592137005079	0.0
K04453	MAX; Max protein	5.961150941829479e-75	1.4223481475174013e-74	2.92852498015428e-74	3.880227111216577e-74	7.760728172384526e-74	1.5217919798650162e-73	2.635672482138852e-74	2.510203404411007e-74	1.0251207180296834e-74	3.556144318744874e-74	3.764072331835341e-75	2.133522221276102e-74	4.194173755487561e-74	2.8244239986333606e-75	5.125603590148417e-75
K04459	DUSP, MKP; dual specificity MAP kinase phosphatase [EC:3.1.3.16 3.1.3.48]	2.3297568107077368e-08	1.0333157053145545e-07	2.484797073808905e-08	4.868492423026934e-07	2.436291657573789e-07	2.955113570145896e-07	3.131818035205662e-07	6.739011075305652e-08	6.320633142120623e-08	9.002145842931571e-08	4.3480488071497336e-08	4.503089070250902e-08	7.040489090469134e-08	3.209471875000528e-07	1.2752687665054512e-05
K04477	ycdX; putative hydrolase	24236.96932983856	26007.92951026409	25066.57235653203	29870.703435769723	87610.93096059033	50510.5128746683	17897.67576367801	37171.99254186088	17103.05160600034	10596.778956061413	5838.357677634182	4650.971987709592	3735.1011713711696	35870.78769761894	1151.2343960594612
K04478	sgtB; monofunctional glycosyltransferase [EC:2.4.1.129]	0.2063056734097265	1.8494825171153115	1.589681323857319	3.3893653689307373	10.382587360332794	5.903100119582028	55.6002396621377	3.0624018589184936	1.8262186029588157	3.680785394772187	17.996048985051523	2.235904489796075	20.491328478822947	3.942121903859422	0.0201929655757085
K04479	dbh; DNA polymerase IV (archaeal DinB-like DNA polymerase) [EC:2.7.7.7]	13.595751476392302	1270.6135846104146	439.584231513385	20.05263997822516	3.3778003451156624	2.9507429887111374	29.30481305198285	173.62228364582478	18.026258803667915	8.967358548001561	9.970442431178396	4.891616056824933	7.984864763571476	23.86303278451507	2.004605502234561
K04480	mtaB; methanol---5-hydroxybenzimidazolylcobamide Co-methyltransferase [EC:2.1.1.90]	466.006238119932	1415.0947944353657	1040.515671057493	1447.6745166850562	738.9345619501529	732.9632503838334	2398.566984931097	801.0546254067939	1404.043010213759	903.408192370096	151.27961284911527	261.74123522887885	121.0482076329954	220.95589776908747	35.55626240862125
K04485	radA, sms; DNA repair protein RadA/Sms	54733.61436453044	52494.493136061166	115445.41160795592	34702.91951228808	88888.19512168731	51441.4368455121	19657.46021215958	79058.18600418358	30240.23980270648	13663.668584206627	5755.529349169727	6371.591262466723	5708.035125718614	38147.86354671642	1532.3895709799442
K04486	E3.1.3.15B; histidinol-phosphatase (PHP family) [EC:3.1.3.15]	50971.23420300891	53753.32589988916	84532.39313373237	45991.17827371326	145982.3310634964	74105.83902920413	22366.36579113443	58366.30297764312	27445.47365616481	14325.492657690913	10007.00915639632	7646.284809135413	6240.242387170987	72691.84582190226	1680.9710931153925
K04487	iscS, NFS1; cysteine desulfurase [EC:2.8.1.7]	83625.89562301863	95390.42461099807	103028.84031666128	60469.9068573798	177956.91487643876	103971.25970662296	44142.31776373366	121210.08690482832	37057.66236984336	24156.93410526971	12039.465374641011	11098.632583396657	15790.506292283428	77013.61227593353	2389.7138444180264
K04488	iscU, nifU; nitrogen fixation protein NifU and related proteins	39777.352952678615	47650.52689280631	42895.75625584883	31661.272043958743	90450.29896494558	52593.33069762639	22675.662592480403	57271.19361731527	16813.29960784189	12180.045758291908	6101.383185465403	6148.356638267406	7768.45208421037	39314.24131293431	1135.3592805799512
K04496	CTBP; C-terminal binding protein	46.54973431465648	58.53383332466839	4.790171557339358	44.80145306786829	68.0830638392162	80.91642518626684	5.577474142357128	55.88050100181172	1.679197577031043	8.784411300812064	6.043313598916521	1.317334389275844	51.241769746769066	3.054125817940436	0.8892938438760313
K04498	EP300, CREBBP, KAT3; E1A/CREB-binding protein [EC:2.3.1.48]	0.001000461915405	0.0029409737632502	0.0002602353267263	0.0050023097256016	3.572443842031487	3.575857286131849	0.0421906646377855	0.0038698544638046	2.432711455491827	0.0110068730599136	0.0023841970823166	38.43482047183426	0.0044435457923488	0.0142522900047079	0.0004916206817329
K04514	ROCK1; Rho-associated protein kinase 1 [EC:2.7.11.1]	7.847796228022132e-29	9.301680323723239e-29	1.8287957160048584e-41	3.583181170197442e-40	1.7930960211087125e-40	2.1749458313336126e-40	2.3049992558592907e-40	2.122035201968763e-28	4.651948014020195e-41	6.625525249499836e-41	7.261475756673694e-30	3.314246498141396e-41	5.181757666629921e-41	2.362152015352237e-40	0.0
K04516	AROA1, aroA; chorismate mutase [EC:5.4.99.5]	21304.08758244993	13173.002220852452	71887.11228976253	11125.951458640786	9488.037512109382	7945.059957188436	1246.278843490412	33938.64404079241	16291.555366158804	3891.774188851431	112.0364853363459	1119.8320515628934	464.8670958068682	724.2704901059892	583.5184357415797
K04517	tyrA2; prephenate dehydrogenase [EC:1.3.1.12]	35108.86978942152	34430.385261182426	29949.15342671214	28674.3955488676	84633.99092205496	47895.31169116598	17145.204531373805	43614.53435519903	15684.473527662676	8802.02495822461	5380.456045190081	5417.261137134027	5778.074621174224	37159.31294116569	966.8031901856176
K04518	pheA2; prephenate dehydratase [EC:4.2.1.51]	16389.303523055096	12212.199873218688	60261.5978710468	13877.481570707008	3370.4547227404537	2811.9078633040745	5312.922204566828	25203.58085992115	15686.433925115292	5709.06063892091	455.7478822132439	1685.3514794645212	660.0291014088032	1234.9022349278348	571.7998647151994
K04523	UBQLN, DSK2; ubiquilin	0.0002030079852058	0.0005702041214221	3.848421995954368e-05	0.0007327291034983	0.00035356171106	0.0010672410981684	0.009071269690928	0.000802572060682	0.0005501432910935	0.0004120450063142	0.0004929650539852	0.001029383350314	0.0009268675085246	0.0029003343648552	0.0001084833838286
K04525	SERPINA; serpin peptidase inhibitor, clade A	0.0	0.0	0.0	0.0	0.0	0.0	0.0	0.0	0.0	0.0	0.0	0.0	0.0	0.0	0.0003906953564072
K04555	UBE2G2, UBC7; ubiquitin-conjugating enzyme E2 G2 [EC:2.3.2.23]	0.0	2.129500414908872e-16	7.461142839705113e-13	0.0	1.972377823240658e-12	0.0	3.156275251749072e-12	0.0	0.0	0.0	0.0	0.0	0.0	0.0	0.0
K04561	norB; nitric oxide reductase subunit B [EC:1.7.2.5]	3513.370285574578	2748.59501914584	8322.994186977343	2845.1412570953426	416.0025108755104	498.9749488572679	509.6620043604895	5071.330337716576	2927.00724003287	937.8735876528028	17.646129240442818	263.7437718374316	89.73012163526083	247.7295161629337	203.32246223876416
K04562	flhG, fleN; flagellar biosynthesis protein FlhG	11801.708125927136	7420.829235011342	5653.762600738836	5167.739783143663	4225.458178885967	4764.939224222804	7491.975346806528	7110.492765095045	5770.979515648954	4278.584130737549	472.55599681692456	1781.2709460248018	1092.1306061650605	1535.5586713810217	244.56154586315876
K04564	SOD2; superoxide dismutase, Fe-Mn family [EC:1.15.1.1]	24229.5154124062	18759.00833414403	60003.24477031777	25821.339611330037	55785.28954180243	26147.442957986976	5702.572072437671	35797.25173512358	17920.417579405213	7436.218591432809	4158.174231630051	3987.9808334198046	2775.539444533594	30142.42051958328	997.1326764397631
K04565	SOD1; superoxide dismutase, Cu-Zn family [EC:1.15.1.1]	17052.724977651225	10986.318168854274	5881.273676332608	6111.243522570052	7473.994397693283	7142.48879956085	5773.492987465635	12163.874036753296	5097.057821241637	2696.934892274935	698.0079219464664	1981.834965704188	1936.6411508296385	2161.562679776398	384.8178560171677
K04566	lysK; lysyl-tRNA synthetase, class I [EC:6.1.1.6]	503.1555383943928	2269.5622720739552	1132.4205489339377	3866.660429603131	1670.930081491011	1206.407587304374	1044.1045563524226	1752.4935732945935	140.43468537771108	351.07633174066626	153.1735894661893	149.5900207234047	458.858067341616	119.94272089454532	52.59316830462721
K04567	KARS, lysS; lysyl-tRNA synthetase, class II [EC:6.1.1.6]	55940.66510989123	52874.40321346034	113693.16236754204	38503.11620168123	90894.93173893588	53549.9229271375	21681.037666326592	80003.35089507344	32502.92779014009	14727.809675264058	6053.37502060659	7018.75413990678	6477.040339479506	39542.00551120475	1633.251774601344
K04568	epmA, poxA; elongation factor P--(R)-beta-lysine ligase [EC:6.3.1.-]	36.75569390701993	97.8505377099962	121.93256577745832	162.02313173333653	339.73024405964924	481.8276087750973	234.6349944745713	145.24003219341634	97.00455420722712	151.74585787961897	42.1953308744197	90.21226150868372	173.11244760289435	253.06910066983028	27.673700086581217
K04572	NEFL, NF-L; neurofilament light polypeptide	0.0042960487510244	0.0047832006640147	0.0004369703280435	0.0178663272802072	0.0042844028433592	0.010001625029554	0.0078600378329369	0.0011851059836252	0.0057130633300812	0.0015830953213622	0.000764637214699	0.0007919022156688	0.0012381231690414	0.005644098638267	0.0
K04573	NEF3, NF-M; neurofilament medium polypeptide (neurofilament 3)	70.96470069362121	30.66288857208388	18.62222402257676	16.793242885781165	8.123039829563565	5.830247457798153	14.111693596228807	44.056472935274925	4.346769329649024	11.60269348673182	0.2894647092504	0.347095564232769	7.77106966349759	2.139725752966794	2.073087874539529
K04574	NEFH, NF-H; neurofilament heavy polypeptide	22.72310412697142	87.78946257639029	42.43575936036173	89.90105489839023	4.4893921706184	1.1493928778071285	15.30918226282878	175.1870510330595	24.10904110572829	0.1129148169446467	8.79494843546847	64.57551576678526	15.560463028349307	3.334724656892647	0.0001420116265114
K04608	GRM6_7_8; metabotropic glutamate receptor 6/7/8	0.0	0.0	0.0	0.0	0.0	0.0	0.0	0.0	0.0	0.0	0.0	0.0	0.0	0.0	2.3910110001764813e-11
K04615	GABBR; gamma-aminobutyric acid type B receptor	0.0111056472631154	0.0311932845107971	0.0021052973440104	0.040084290056963	0.0193417596100699	0.0583839259768065	0.4962480727735849	0.0439050818623238	0.0300958473572347	0.0225411157694825	0.0269678850171953	0.0563129000838166	0.0507047227668445	0.158664154853401	0.0059346345095196
K04618	GAOA; galactose oxidase [EC:1.1.3.9]	0.0	0.110879282022134	2.451224950070959e-07	0.0	6.479894347506195e-07	0.0	1.0369377470173991e-06	0.0	0.0	0.0	0.0	0.0	0.0	0.0	0.0
K04632	GNAS; guanine nucleotide-binding protein G(s) subunit alpha	0.0	2.1552420693945286e-09	7.551333997963592e-06	0.0	1.996220154666716e-05	0.0	3.194428672324661e-05	0.0	0.0	0.0	0.0	0.0	0.0	0.0	0.0
K04641	bop; bacteriorhodopsin	0.2497516653644136	0.6910586844886708	0.0741073589616207	1.5184239439865208	0.7059886426729893	1.4539705726986158	8.403971518137682	0.8066674440036131	0.6228196393967729	0.5049788437805787	0.4989014820759411	0.9667801596432783	0.919433402913796	3.0420040783110505	0.0944042927798032
K04642	HOP; halorhodopsin	0.0	0.0	0.0	0.0	0.0	0.0	0.0	0.0	0.0	0.0	0.0	0.0	0.0	0.0	0.0267040289430171
K04643	SOP; sensory rhodopsin	0.0249900323231655	0.0701914233112292	0.0047373599602286	0.0901980479338421	0.0435230100858666	0.1313760614529453	1.1166620985800244	0.0987956297274707	0.0677219598670501	0.0507222315218361	0.060683389477477	0.1267158194353586	0.1140962458882478	0.3570275792463724	0.0667622284899956
K04650	NCOR1, N-CoR; nuclear receptor co-repressor 1	0.0656717562710536	0.2403691250532144	0.1471187008421995	1.076164651142275	0.7714562431221805	0.6639655670684281	1.2614601450492395	0.1600289726893239	0.1598936738254889	0.1996280722199625	0.1027189661691607	0.1174987419239493	0.1690820103063153	0.7423880919989163	0.0023244498727818
K04651	hypA, hybF; hydrogenase nickel incorporation protein HypA/HybF	16614.192241535085	11602.576373884218	25014.834403789428	18299.955912011515	63823.58565752261	29766.71801871957	3347.092157848984	19024.2402115082	10681.41250451344	5027.5881494365	4394.828661832245	1516.1823242589917	2790.4146571357987	33499.92331610779	558.0458883168646
K04652	hypB; hydrogenase nickel incorporation protein HypB	16752.262545777376	11556.70421446494	24808.05901389621	18144.112355985133	63520.95989015928	29279.58385078311	3190.312891994088	18746.172733383915	10613.951518195749	4973.899274861347	4347.011323971541	1486.0362185728643	2610.0711764670623	33493.92953412209	545.582445359044
K04653	hypC; hydrogenase expression/formation protein HypC	9909.353129279974	12466.332788172063	24242.05053123657	17550.37545267821	59875.34208164001	25506.231202558716	2629.98258890386	17758.81807152715	9475.140270825945	3892.7765194148296	4097.141003955293	1084.948918092047	1824.8367051281848	33435.77825177038	551.6823899776485
K04654	hypD; hydrogenase expression/formation protein HypD	9818.528478506834	12513.45776104731	23626.00379994508	18589.31123831195	71203.63490198435	29847.671414606142	2829.928518671609	17088.616007720895	9300.27581078135	3829.9765844760905	4853.886815197954	1091.4216445554184	1815.8827942400237	39825.70295799519	550.9639390065347
K04655	hypE; hydrogenase expression/formation protein HypE	10827.53071608982	12932.55636885346	23710.083959222637	17585.709551155254	60180.25655609295	25718.63702936164	2725.262544744249	17699.876594866215	9495.848997586749	3923.941988230882	4078.7928148465353	1096.1078973110548	1789.050688541614	33504.60492018255	538.6292397383143
K04656	hypF; hydrogenase maturation protein HypF	9901.2549322883	13401.132849040458	23423.737379582068	17440.735261140268	59828.357691302685	25424.919914745507	2555.4491686205693	17276.5605196552	9321.429253015598	3862.870185768597	4065.307031831878	1020.9898973419828	1766.969757001851	33371.429459281266	541.944822477337
K04691	hhoB, degS; serine protease DegS [EC:3.4.21.-]	19.95582601149949	90.67904817538532	32.84471701272455	109.9368456364933	349.94969073723735	336.5723407440507	251.3080003822912	113.87553298504884	88.88946040425402	146.73569980659775	48.672661101418186	135.4475575475744	81.45341829815995	322.8876437763397	15.93037555724091
K04705	STAM; signal transducing adaptor molecule	0.0	0.0	0.0	0.0	3.57	3.57	0.0	0.0	2.43	0.0008029134330431	0.0	38.43	0.0	0.0	0.0
K04708	E1.1.1.102; 3-dehydrosphinganine reductase [EC:1.1.1.102]	0.2172907879862783	0.7320749656182767	0.1017164568980822	1.977387580451348	0.9799486033796352	1.6549076061289398	7.553345775745376	0.7858251904422981	0.589059068931373	0.5676281273814325	0.4888620365560793	0.8852514119581234	2.9222400642018225	11.470522133364703	0.0804271855281749
K04712	DEGS; sphingolipid 4-desaturase/C4-monooxygenase [EC:1.14.19.17 1.14.18.5]	0.0412133745169912	0.11575917067241	0.0078128186365614	0.1487539464586042	0.0717778229167326	0.2166644185653312	1.841590786414303	0.1629330140892146	0.1116865500185094	0.0836507251168039	0.1000785923424892	0.2089787822633499	0.1881666758956574	0.5888072150833242	0.4548311404750447
K04718	SPHK; sphingosine kinase [EC:2.7.1.91]	0.0429114928061613	0.1205288059464376	0.0081347308888866	0.1548830683766111	0.0747352908571749	0.2255916616287758	1.9174700132625024	0.1696463573758836	0.1162883807461202	0.087097393269238	0.1042021393706787	0.2175893533793767	0.1959197239655038	0.6130678904416587	0.6577828943381048
K04719	bluB; 5,6-dimethylbenzimidazole synthase [EC:1.13.11.79]	559.8887615843091	738.1407530600309	751.242525301324	1597.0557312642568	1095.347056370068	643.3408739099068	420.0962788939424	1869.3413746222247	249.0958781319828	287.1416399487149	87.19560204092889	353.8226220455151	830.0283049700317	156.13890519268193	12.434434919655512
K04720	cobD; threonine-phosphate decarboxylase [EC:4.1.1.81]	14639.117173772269	19393.817702327065	36213.9377474565	14014.820238330609	66629.02033869961	31847.14690699369	7113.716653570858	20970.648627311384	8292.771180348409	4143.767525594828	4854.503384701479	3435.0445256389125	3816.943192070883	34750.178161677795	542.5853925024625
K04739	PRKAR; cAMP-dependent protein kinase regulator	0.0	3.743020316705357e-20	0.0	0.0	0.0	0.0	0.0	0.0	0.0	0.0	0.0	0.0	0.0	0.0	0.0
K04744	lptD, imp, ostA; LPS-assembly protein	329.1428592639939	777.8856103952751	4283.004014542037	3364.0186118455217	885.7325642136489	1257.0479404408247	894.3629559290323	1321.1021602374456	2628.580033842692	613.176217909098	78.64480594845392	1066.0875913876864	379.9668679787806	1122.0826979335322	98.31339354741118
K04747	norF; nitric oxide reductase NorF protein	0.0	0.0	0.0	0.0	0.0	0.0	0.0	0.0	0.0	0.0	0.0	0.0	2.036699488865504	8.401385391570205	0.0
K04748	norQ; nitric oxide reductase NorQ protein	82.1210032730111	92.33038061247642	333.4403767085128	32.92302313034017	30.98419885977465	30.86855002891452	108.6437553656138	34.09438232578867	12.913213389602465	27.521215070730985	1.8039503181641976	58.03469924130785	5.090907405409288	80.8108668329084	0.0247972642436721
K04749	rsbV; anti-sigma B factor antagonist	9907.903727085228	11980.208152165394	8521.659189541695	8523.610361332783	7052.949668636008	7563.633285134118	10836.421071807525	12130.30783711086	6276.63923794127	4585.491163913272	895.8208872162321	2661.92217323527	1686.8944930437312	2782.5367355869685	290.4988200183032
K04750	phnB; PhnB protein	7901.730303522216	3070.026698306394	2989.3489437287394	5319.45153607381	10605.648276691278	8851.084657326874	1963.810920028884	12850.106853895695	2717.231910000598	2263.709569884314	364.2832896660338	1136.3443671117325	1477.059802734946	1010.6600279119295	167.12825755839424
K04751	glnB; nitrogen regulatory protein P-II 1	16453.06892500047	24296.87428655973	34962.52354643828	11251.34003357894	6287.01886928961	6553.394544875951	6879.1523847991975	23815.842514793083	10016.659490268104	5895.851196807867	736.979030950708	2969.3774061172744	5423.697745800279	3603.9024617627583	453.9171163252802
K04752	glnK; nitrogen regulatory protein P-II 2	416.0775294847045	432.9811372878201	2027.335834378789	380.3718479827281	463.3057513503787	387.7287017950163	993.074969824703	1524.599017896341	550.1016761804523	210.3317649436696	77.8579769817884	1036.9215090734654	160.95217452236875	770.8993409998475	70.70295420727038
K04753	sufI; suppressor of ftsI	16.673946772759926	68.04135757295306	22.270042345339363	74.67157188371523	157.66499523795864	158.7308378357103	135.01769919728224	76.6394440051501	75.52346018700247	74.42849913095738	32.48668366436218	28.18389291598405	77.21222099612224	91.9650383977574	15.503432591376724
K04754	mlaA, vacJ; phospholipid-binding lipoprotein MlaA	217.2225559309813	296.3711205635656	1071.218336510664	328.4106168469251	913.885726369503	642.3938125939558	1261.8773580666232	1010.9834977659729	586.597872856615	384.07850268788326	119.62580209775405	1752.9749369512092	184.9339871394829	1115.3037378069912	67.30641792906047
K04755	fdx; ferredoxin, 2Fe-2S	377.5660438285503	1004.8425707201116	1441.772923896267	1010.2816579768378	690.9216518719809	655.2609056585788	2286.6994584268145	1262.4511533454224	1161.974615841706	722.6108588926929	153.1420154677823	1235.329142333063	214.586481161255	967.1077471695128	140.1232404902593
K04756	ahpD; alkyl hydroperoxide reductase subunit D	4.0	19.75218341383641	16.740089522267514	47.49	186.7426341314201	95.01504816955683	173.7537856446711	27.53566233999504	19.5	17.0	26.73	98.52365675660567	6.67	106.39216931904576	0.021857704016327
K04757	rsbW; serine/threonine-protein kinase RsbW [EC:2.7.11.1]	818.8124811195785	3405.2137121274027	2052.8804558775428	6314.705481447396	5059.327458517235	4869.370269468529	6063.982320191493	3318.7508333851365	3609.857467866738	4008.707092527948	679.7868154330466	942.9320677232758	884.7904004198175	1421.3926220834987	121.13391788843155
K04758	feoA; ferrous iron transport protein A	103953.71825540082	103976.52973789311	80073.4773700822	78229.28815106861	251657.1029939314	143559.44459290555	44979.29927730216	133158.32238213992	41413.5602980773	23737.89849557108	15410.145807315295	13149.301770258173	18277.717041415144	109237.65048536654	2916.1665421433854
K04759	feoB; ferrous iron transport protein B	124309.28532030823	111279.48005791203	160939.05966468746	89493.81041817353	262544.5705191784	147020.13994727546	46604.11548083463	170021.38354835683	59222.21113573486	28730.6008904433	16401.440132816682	15206.065390011732	19672.77220310676	114971.71832559272	3671.00264610748
K04760	greB; transcription elongation factor GreB	207.6728095312436	258.3690471876395	1004.1902524866352	240.2090161071791	435.753757832262	377.371006333537	830.6887453170248	849.0695323645843	398.7614449614797	208.5300539793212	62.81624318553102	992.4369893473936	132.3129523008253	803.4196980611881	66.84250575322952
K04761	oxyR; LysR family transcriptional regulator, hydrogen peroxide-inducible genes activator	11427.034833394417	6442.015495984997	49617.192529357344	5155.70597304847	1361.0221399767158	1128.945282354689	1650.7936110027892	18335.89542755489	9650.466776550396	2098.4145387645717	129.8401000700227	1969.4864902416912	946.477783418008	1169.9111644929485	327.62727632527003
K04762	hslR; ribosome-associated heat shock protein Hsp15	17117.656840318894	10450.283590172328	69197.05352797984	9683.641872229273	1631.6096063955415	1344.773690161876	1313.9118613143687	26466.91807245882	15449.206509586213	3504.824939445237	80.33411391940882	1921.5209474421572	240.7044773032549	1021.0489158158416	570.3850606025447
K04763	xerD; integrase/recombinase XerD	68439.9041926964	48366.45651020148	121537.28948766098	46392.3903807046	164334.08782522788	83248.22691259504	17916.131114511947	89331.94468167165	34075.04007902519	15294.39323688402	10763.011633960088	7156.488305213739	6059.9555992278	78744.93216434821	1860.269399745254
K04764	ihfA, himA; integration host factor subunit alpha	9284.867532848286	8685.726480122776	35303.439603014136	5985.578901675766	1035.288279275646	1062.5700682865272	1062.024315397668	12905.16029622116	9621.427313986527	1609.1198190811542	77.45013788170189	1195.2102371047672	291.2750588794131	1219.104649664243	246.48376129775653
K04765	mazG; nucleoside triphosphate diphosphatase [EC:3.6.1.9]	741.7647029300899	1786.4172051981543	3578.5216415518084	5585.480320861313	1024.2388833393948	1328.951409289773	1084.509801450744	2208.2587739387814	2413.8477253927167	612.4258704653242	149.12831613568272	232.4917323901584	568.8737309149623	622.4147015453456	78.31306067422751
K04766	acuA; acetoin utilization protein AcuA [EC:2.3.1.-]	4.8307431316839065	16.171993766634422	9.231091728192103	68.98916849257532	39.73616263518248	43.05370840105394	108.22955394507024	20.074964141180423	8.956678719660035	12.756527121523396	59.32142012158853	6.3811205525397865	9.97675349837607	45.90995081790192	0.0
K04767	acuB; acetoin utilization protein AcuB	1026.81729546431	2326.8640672380284	2157.263820299527	4754.316912275492	1647.0122329100625	1595.575633307435	3849.421517071123	2614.39588128953	1826.16079495645	1838.5781934458637	427.67266306170814	590.8094793643675	659.8385160762174	624.7444762970201	85.50206587951605
K04768	acuC; acetoin utilization protein AcuC	2.8260154536429365	11.648095127458191	526.8251949123523	1294.1869914132576	960.2425344848048	406.7316192994623	144.61390213405747	6.806291460126356	5.482217044362444	114.31803382608572	106.5012910628252	97.68576562475974	44.28658591070643	33.19743498618336	0.3753760595745027
K04769	spoVT; AbrB family transcriptional regulator, stage V sporulation protein T	33545.95811976088	28359.23971502612	20199.66341641542	19643.82937726348	80989.55607560049	44730.31591128623	10055.61564848812	37325.246003091714	9986.084374234752	6050.208411075205	4808.725143058164	2826.813311966288	4569.189945344628	34880.62972557664	792.1306193744356
K04770	lonH; Lon-like ATP-dependent protease [EC:3.4.21.-]	16.67000552398131	68.03175186496267	21.868662904991734	74.64588627553002	156.60350147871478	158.6305168531582	133.38375330778163	76.62275824129998	75.51650958621148	74.40493944523675	32.48411391940882	28.16981627221141	77.18447730325491	71.96296698677435	15.826758437114396
K04771	degP, htrA; serine protease Do [EC:3.4.21.107]	71691.67670969013	72063.2480829386	95824.46665170988	55148.222262799405	158455.58869725274	85610.8351799776	30204.564843760934	94091.28171174356	35552.080154915086	19764.19218168615	10338.449519771952	9987.075697306636	10938.076839883608	75584.54979122525	2159.861818760884
K04772	degQ, hhoA; serine protease DegQ [EC:3.4.21.-]	1228.4909776687036	3313.2806643449985	1178.9012068499426	395.8365361833395	966.2144589334551	720.9094004767205	853.0434642624448	1300.7019694683208	622.1276429095265	435.3962261047155	149.13539249998615	564.1702135769776	166.33394534060642	560.0339785012324	96.12372469510444
K04773	sppA; protease IV [EC:3.4.21.-]	18275.06331938618	11586.752162786872	71100.58255284383	12412.47114366296	5607.774324409551	4489.110123594972	2671.0598626557435	27571.311445908497	16957.346645166654	5118.473335766625	573.9717005390803	2299.568807697966	794.5001870052978	2875.803135875712	733.7433536069461
K04774	sohB; serine protease SohB [EC:3.4.21.-]	13.189391446247544	37.251471151849614	9.91106305591946	40.641336337242656	89.0123199797168	136.66071794694935	540.4651983200617	76.15808137243543	111.10235086381664	71.3038496398304	24.761910815480604	440.8728437628651	62.88240792149768	388.5492055052494	5.482270140061398
K04775	ydgD; protease YdgD [EC:3.4.21.-]	17.400924335078468	53.70285920896453	60.53021128287234	74.86576425617274	156.7095985815722	158.9507754813522	101.49586773176702	70.86359475670588	75.6815970589654	74.52858626571886	32.63204329751077	26.978714516364192	74.63261250373313	72.8333018253898	15.532575790818992
K04780	dhbF; nonribosomal peptide synthetase DhbF	4.180437435852911	5.185562406602314	17.983283896588606	0.902912509881076	4.086660233231557	0.5177689117507873	15.85423091926346	92.97011864736668	0.5569794064741479	2.5635869257077784	5.6441460887441215	19.28249266214747	0.1124033039961346	3.7225563165245696	0.0002707009190117
K04781	mbtI, irp9, ybtS; salicylate synthetase [EC:5.4.4.2 4.2.99.21]	35.171367718763406	149.9098886929786	101.87093447504688	224.0526630028676	171.08050769873765	178.23644341259495	128.1215173045563	223.1785526688221	312.20350093924964	892.1550660411195	33.27783291155482	29.160431139430912	96.019607221691	72.75459525983077	15.331747225429574
K04782	pchB; isochorismate pyruvate lyase [EC:4.2.99.21]	170.2347810918134	153.8786928539277	128.67610065817576	238.02708288780795	160.52674422701466	224.2528436596327	537.1405443681548	835.4067351568792	228.1758096849908	151.0450146793165	25.138171107405487	829.131448059793	105.74535826897583	548.0035266452868	10.968829151554036
K04783	irp5, ybtE; yersiniabactin salicyl-AMP ligase [EC:6.3.2.-]	1141.6728580813372	2893.8588998094538	743.7300051185839	609.6614108795618	967.8008577712844	780.3938180646626	542.429732935402	2298.8765659028863	735.8764036815899	1214.708760858497	103.30672255811982	105.78185129765006	344.7311896388427	369.493533027902	47.11091216539198
K04784	irp2, HMWP2; yersiniabactin nonribosomal peptide synthetase	1835.1099736180315	3248.838185306452	840.9465991228633	720.3318829723704	1159.3915647497474	863.6955192197667	386.8891726220921	3159.755093777273	1172.2421372902832	1969.331768657127	104.8986779051695	114.5850092926002	487.7319082082512	279.1694772760964	53.705199830363696
K04785	irp3, ybtU; yersiniabactin synthetase, thiazolinyl reductase component	8.584573850134857	46.28697758407319	19.034222628116275	64.58040064120458	136.25505581227978	137.56235303122844	73.16498132156057	61.03326971826844	62.898344646115	64.58039820253735	27.993554524500677	22.581362575829942	64.20564015628781	60.85025688340009	13.4389978445766
K04786	irp1, HMWP1; yersiniabactin nonribosomal peptide/polyketide synthase	14.222707158882224	104.70089120415032	61.81516192657779	101.91361112081808	144.91390911649202	145.24839927947957	156.12235018528025	181.9016462089282	75.30536605341227	73.38685657736067	30.49600864021392	33.45269244776144	74.95623480405534	156.1121921865202	17.053065638505586
K04787	mbtA; mycobactin salicyl-AMP ligase [EC:6.3.2.-]	0.0132606929049058	0.5450413473495741	0.0141504293238171	0.2771086777594144	0.1386899712699796	0.1682014765348853	0.1782900176633278	0.0383576328403307	0.0359762764409602	0.0512391211647649	0.0247485659027387	0.0256310362564817	0.0400736090994362	0.1826792424243863	3.5204972697803204e-06
K04788	mbtB; mycobactin phenyloxazoline synthetase	1.564777277936248e-10	0.5878195360365395	0.0100010070170181	1.5301337253473195e-10	0.0264379933465938	5.939312174243743e-11	0.0423070991638759	4.4343431429121264e-11	1.1839166238924037e-10	5.404160585777605e-11	3.976532803482428e-12	4.118325759225832e-12	6.43891940099065e-12	2.9352407847418046e-11	0.0
K04789	mbtE; mycobactin peptide synthetase MbtE	0.0	0.3919775078194996	1.1637814063949273e-07	0.0	3.076494695769556e-07	0.0	4.923125760175387e-07	0.0	0.0	0.0	0.0	0.0	0.0	0.0	0.0002705666072194
K04790	mbtC; mycobactin polyketide synthetase MbtC	0.0	0.1886236134196161	0.0	0.0	0.0	0.0	0.0	0.0	0.0	0.0	0.0	0.0	0.0	0.0	0.0
K04791	mbtD; mycobactin polyketide synthetase MbtD	0.0	0.193714482288281	0.0	0.0	0.0	0.0	0.0	0.0	0.0	0.0	0.0	0.0	0.0	0.0	0.0
K04792	mbtF; mycobactin peptide synthetase MbtF	0.0	0.3151539401033275	4.2337051655633553e-13	0.0	1.1191939838303129e-12	0.0	1.7909774848644982e-12	0.0	0.0	0.0	0.0	0.0	0.0	0.0	0.0
K04793	mbtG; mycobactin lysine-N-oxygenase	0.0	0.2597281351959195	0.0629096334242178	0.0	0.166303699714494	0.0	0.2661256102084151	0.0	0.0	2.5816897587652475e-11	0.0	0.0	0.0	3.6162213242722546e-11	0.0
K04794	PTH2; peptidyl-tRNA hydrolase, PTH2 family [EC:3.1.1.29]	281.58161850534583	446.8684871454176	440.59634119295794	1031.0165334987933	455.355950490893	594.2263485744428	932.5894567682864	462.4976685660116	322.0370982914566	144.12128392367003	23.6422917701927	366.3712305208229	425.4634866157668	131.97512861665717	10.524436660122156
K04799	FEN1, RAD2; flap endonuclease-1 [EC:3.-.-.-]	0.0	0.0	0.0	0.0	0.0	0.0	0.0	0.0	0.0	0.0	0.0	0.0	0.0	0.0	2.436632436069013e-07
K04805	CHRNA3; nicotinic acetylcholine receptor alpha-3	9.200966729632437e-16	1.090553942808272e-15	2.14412913502671e-28	4.2010176838576016e-27	2.102273855473885e-27	2.549964811955464e-27	2.7024429341399764e-27	2.487930971335151e-15	5.45406858961815e-28	7.767943460268892e-28	8.513548887344881e-17	3.885711463087402e-28	6.075231632727491e-28	2.7694503618715467e-27	0.0
K04835	mal; methylaspartate ammonia-lyase [EC:4.3.1.2]	3585.9969353309543	1126.130034865304	5036.229002309679	1628.1091440154355	9056.30987301756	7973.949420188837	347.51789490035986	7131.560703584645	1278.8927724297898	462.0247954026999	175.8447790764337	342.504895839956	230.0045077126212	330.05062833295403	73.6342357241404
K04844	ycjT; hypothetical glycosyl hydrolase [EC:3.2.1.-]	2408.352334582185	734.7710217720548	409.6267809785208	173.48708538737088	407.3905948997201	321.26126448950777	349.106062670284	2243.603843643011	687.22330733777	325.2683634360748	146.7622436982386	1305.2802693150556	518.4354666402719	15.960978369732144	2.8065793118198066
K04908	KCNH5, KV10.2; potassium voltage-gated channel Eag-related subfamily H member 5	0.0001786758422562	0.000501860562528	3.38715760755597e-05	0.0006449056158085	0.0003111844908423	0.0009393236522807	0.0079840049184104	0.0007063773317502	0.0004842041843727	0.0003626580918776	0.0004338792197479	0.0009060034605802	0.0008157749685444	0.002552705919128	9.548077607263724e-05
K04940	odh; opine dehydrogenase [EC:1.5.1.28]	6556.536698045464	4209.896265516536	3588.867952687692	5055.837887938823	11310.60162078597	10352.39723127823	3800.942390538908	11236.74393517494	2355.017834830172	1416.7130238558384	424.50499557920045	1302.3098381770292	871.1551757483533	1237.0582367017469	197.59294831726692
K04948	CNGA1; cyclic nucleotide gated channel alpha 1	0.0	0.0	0.0	0.0	0.0	0.0	0.0	0.0	0.0	0.0	0.0	0.0	0.0	0.0	8.705170063294051e-06
K04952	CNGB1; cyclic nucleotide gated channel beta 1	0.0759867072892219	0.1081266214942796	0.2481573650482837	0.0591578469392862	0.0289796195148497	0.0799118012513374	0.6521681488108281	0.07598521864132	0.046668278431142	0.0324925472200515	0.0356199132540732	0.0739458178958837	0.0668645523247948	0.2107741609709378	0.0077620041709148
K04954	HCN1; hyperpolarization activated cyclic nucleotide-gated potassium channel 1	0.0	0.0	0.0	0.0	0.0	0.0	0.0009967694658588	0.0001733512114537	0.0	0.0	0.0	0.0	0.0	0.0029034161028353	0.0
K04955	HCN2; hyperpolarization activated cyclic nucleotide-gated potassium channel 2	14.886562030805637	4.0278896124876855	72.01865100796047	16.59022062015284	2.4975398981689847	7.538930659797712	99.54468327506548	38.689157965962025	10.000965190472392	2.91066258285027	5.520538597931358	7.271505673541315	6.547339574514526	20.487797653592	0.7663204779390632
K04962	RYR2; ryanodine receptor 2	383.7888647203328	99.22703586898685	246.3185619257869	44.31448701794198	28.828074825236637	7.86224195153312	7.124285610823814	464.55042945356814	7.961564752190505	9.712841960132144	1.352083194966149	0.4178319836076377	4.606351354447145	1.3224039877017202	0.8772886786390497
K04984	TRPA1, ANKTM1; transient receptor potential cation channel subfamily A member 1	0.0	0.0	0.0	0.0	0.0	0.0	0.0	0.0	0.0	0.0	0.0	0.0	0.0	0.0	4.900259938243778e-07
K04986	PKD2, TRPP1; polycystin 2	0.0001675552471931	0.0007431568292311	0.000178705685509	0.0035014017242012	0.0017521719393335	0.0021253067378271	0.002252391934819	0.0004846671812999	0.0004545775952569	0.0006474309958226	0.0003127100602695	0.0003238604985854	0.000506349368523	0.0023082402888727	0.0
K04988	PKD1L2; polycystin 1L2	0.0111056473593022	0.0311932849374143	0.0021052974465982	0.0400842920669804	0.0193417606159226	0.0583839271968608	0.4962480740665947	0.0439050821405531	0.0300958476181908	0.0225411161411477	0.0269678851967097	0.0563129002697321	0.0507047230575196	0.1586641561784701	0.0059346345095196
K05020	opuD, betL; glycine betaine transporter	978.522875256519	1592.7672808757875	1321.598835387911	674.4540832068328	5639.080995653281	5308.267547639975	615.3286472578144	1003.9140217622212	366.2857796187399	352.41306630430506	545.942165285875	157.0379627439346	330.7964194093905	766.4260373777034	67.03768002742409
K05083	ERBB2, HER2, CD340; receptor tyrosine-protein kinase erbB-2 [EC:2.7.10.1]	0.0	0.0	0.0	0.0	0.0	0.0	0.0	0.0	0.0	0.0	0.0	0.0	0.0	0.0	6.225800948181808e-06
K05119	ALK, CD246; anaplastic lymphoma kinase [EC:2.7.10.1]	0.0	0.0350223256446607	0.0	0.0	0.0	0.0	0.0	0.0	0.0	0.0	0.0	0.0	0.0	0.0	0.0
K05185	GABRE; gamma-aminobutyric acid receptor subunit epsilon	8.950792594090885	9.427538261475108	5.046361161442583	2.3453502411877247	0.8892705182269197	0.0302594500888308	0.9397111620225044	13.014754890613654	12.341639383735677	3.301335454012777	0.0020259533825379	0.2364150102069147	0.0032804835732531	0.3855530291469282	0.0
K05245	caiT; L-carnitine/gamma-butyrobetaine antiporter	99.23023903285892	73.23916819193994	89.9087172699251	107.3128246848969	221.7463790860708	207.63721962144524	161.88946791102916	156.85251461092116	106.79605229818722	97.98670361805549	50.13026183025022	389.3914125050761	179.92724616732002	80.98427236515627	15.4606162092264
K05275	E1.1.1.65; pyridoxine 4-dehydrogenase [EC:1.1.1.65]	5.768961466288684	1.8742646801788043	27.019666996657605	2.387540971083644	1.1520534223643613	7.677522343893256	35.42910319185099	10.615118803359191	1.7925992398611177	1.3426166936992383	3.4062883887115825	19.754165794107998	3.020125877970991	15.45051455058512	0.4768394263768094
K05278	FLS; flavonol synthase [EC:1.14.20.6]	1.6118432424437094e-07	7.155287349102787e-07	2.3751242945127164e-06	3.368268557850257e-06	7.509817294090418e-06	2.044496582991596e-06	1.148696827841934e-05	4.6623876846549405e-07	4.372932733265829e-07	6.228138438197802e-07	3.008199420389597e-07	3.115464092495179e-07	4.870965377937437e-07	2.2204744846142246e-06	0.0
K05281	E1.3.1.45; 2'-hydroxyisoflavone reductase [EC:1.3.1.45]	8.843996070846115	24.87244358948333	1.9174146660810203	33.033709294068494	16.449160515547316	46.82390251236538	392.0317313741055	34.74408398094074	23.889835332920907	18.013125187231587	21.34133823658056	44.42455413436408	40.09121450072214	125.75890446400696	8.668490202707726
K05286	PIGB; phosphatidylinositol glycan, class B [EC:2.4.1.-]	0.0	0.0	0.0	0.0	0.0	0.0	0.0	0.0	0.0	0.0	0.0	0.0	0.0	0.0	0.0143304132599323
K05296	E1.1.1.51; 3(or 17)beta-hydroxysteroid dehydrogenase [EC:1.1.1.51]	8.707797251420801e-16	3.8621643328749945e-15	9.287282273499903e-16	1.8196682479884446e-14	7.140000000000009	7.14000000000001	1.1705615089769588e-14	2.518801183416837e-15	4.860000000000002	8.420000000000003	1.625145048527198e-15	77.31923651112409	2.631482877048497e-15	1.0951636729753005	7.987026870679206e-06
K05297	rubB, alkT; rubredoxin---NAD+ reductase [EC:1.18.1.1]	7179.224756495652	6018.616791553497	2462.4832025230685	875.7076989169642	1628.1082499172653	1706.2684749306363	1361.8965052929964	5738.345793235423	1575.8588365301378	755.7914803172303	62.52289635948088	1085.7772371145477	371.6876090332856	970.6132280274924	75.66858528891991
K05299	fdhA; formate dehydrogenase (NADP+) alpha subunit [EC:1.17.1.10]	352.9556702699264	446.0514383739711	1336.894379064642	370.9808441802997	309.29749981420787	509.5231724494739	478.1868009491866	289.05942271137064	126.84047473065598	152.62679367841363	42.867439092783485	99.38405848938724	148.09189726763358	248.0411524469681	13.622824738751069
K05301	E1.8.2.1; sulfite dehydrogenase [EC:1.8.2.1]	0.0	0.0	1.83398902326485	0.0	121.78196706979456	14.28	539.8902642354047	102.0	315.5539890232649	145.87184964030743	30.0	1392.8899451163245	88.0	581.2027555964349	0.0
K05303	K05303; O-methyltransferase [EC:2.1.1.-]	349.5993147769864	342.53112438734377	171.5992094297788	312.100095301172	1544.9111532523434	1495.307789037287	837.1550191053117	486.4722901545598	182.47746401418917	104.55783829079424	162.07449797163085	890.3205472386112	163.92577696743294	485.4554506912931	47.02374878576305
K05304	NANS, SAS; sialic acid synthase [EC:2.5.1.56 2.5.1.57 2.5.1.132]	4070.562111428372	3202.094153522693	9173.60529128772	3343.292347921531	388.4405714157663	389.1064676336497	170.8375779330005	5845.204010331036	3308.3247406241508	1057.435893003602	1.7180478612957195	344.7654579828525	34.05967846150824	87.51763301405346	199.9982787380048
K05305	FUK; fucokinase [EC:2.7.1.52]	196.267303964854	81.73692589940535	39.463088126857855	176.20639251411424	16.159492889356862	122.99271273794946	218.4076172448359	249.48186790569224	20.365705759306515	26.541136722542632	31.648646278145705	130.00365898734253	75.8800626661779	13.633236624783514	0.0
K05306	phnX; phosphonoacetaldehyde hydrolase [EC:3.11.1.1]	6151.485106453414	4840.221268831439	14136.645592307592	5333.370071660006	2169.1462213631035	2410.336113751161	2832.2897248532217	9538.317685911525	4634.432365680542	1982.3262460392511	174.51171256428762	2368.760433459369	883.7366388675719	898.6304989055168	180.98660852937024
K05308	gnaD; gluconate/galactonate dehydratase [EC:4.2.1.140]	2.0746414588045537e-06	9.201645392457109e-06	2.212704348517037e-06	4.335377914237839e-05	2.1695104207064447e-05	2.6315197791988383e-05	2.7888745758385365e-05	3.5392527226428974	5.628504873242103e-06	8.016383898144877e-06	3.871924433811708e-06	4.009987323524191e-06	6.269534438193679e-06	2.8580250874856555e-05	0.0006882410910534
K05311	cggR; central glycolytic genes regulator	1436.754342496717	8435.312845426857	18241.054438208263	9088.861793003123	74970.82881672865	32415.44686764712	5148.73325389347	8978.849356827783	1835.6141061176925	2478.19719687224	5367.275837679437	819.2522837480806	441.4970516962803	40081.317591301005	114.91028307481312
K05337	fer; ferredoxin	16577.603626019856	18111.64438956041	16802.12374872661	31386.592921938314	131023.2609514683	59480.659402466896	13551.85498470108	21069.70032109305	12316.889496545062	8168.978731727075	9622.84579184588	2885.2368168823077	5200.452186668501	67876.19131019695	665.3870163128087
K05338	lrgA; holin-like protein	1228.9249010149756	702.787909792549	516.8664440662787	244.03434379309115	63.4859996766515	61.455464170447016	140.09775641014048	1809.6617595679363	306.90370779176885	173.45845712970043	24.46987604123495	8.242327663231913	65.67510542884676	18.46630202880032	13.510486788703782
K05339	lrgB; holin-like protein LrgB	4.84386016566132	27.079224290729336	112.88708814477296	2.536478549556739	35.40053160990785	10.453616750345136	83.51151894671358	871.4362124026406	114.53195509231163	135.20921713923093	19.097875631302987	0.0185130304452771	20.028944750336517	11.801947313517903	0.0
K05340	glcU; glucose uptake protein	3042.0338779394287	6930.035088348242	36361.26073051681	1600.584185325407	1447.5478516935605	1771.2460132041265	4752.06901125138	12721.29241450331	2214.7071628318963	2235.279019081809	301.60805852434453	757.4114655695921	160.44135198418	303.33331173721524	36.56668244669288
K05341	E2.4.1.4; amylosucrase [EC:2.4.1.4]	14106.27625921112	5066.424845868545	3829.7467599125393	1766.267866384548	2907.40643011202	2915.203457601362	1979.4913000374056	8395.706644833464	2315.3882808873245	882.6397270761881	139.90144648285923	951.4300596233704	932.8874790791152	164.55088741940003	137.71710933289694
K05342	E2.4.1.64; alpha,alpha-trehalose phosphorylase [EC:2.4.1.64]	10370.244107628188	1932.8683796503656	2583.6189674231746	658.9402733759031	2481.364724448436	2524.925010284553	525.3529815192269	5204.818897620307	1818.291429264697	710.5443997182261	70.71346777438958	790.9930073701172	454.95962198926713	168.44305267033013	58.40611936353742
K05343	treS; maltose alpha-D-glucosyltransferase / alpha-amylase [EC:5.4.99.16 3.2.1.1]	8741.858962089516	8873.262319561598	9182.730853317336	2070.68350985719	8042.174121323318	6974.6318942871885	1284.573556918982	11026.182023821624	2747.2992866881177	710.9640153267821	114.0369849471682	540.1658522020031	407.2654441660294	1064.7376589460227	160.94689816148218
K05346	deoR; deoxyribonucleoside regulator	2158.1733241394013	9262.915060501318	3378.101911912571	5228.343127193776	2414.7370689494246	2870.690915217156	7459.020587605781	6299.133065725618	4658.141182502557	3483.026544661017	460.46762082612935	1362.5648521296305	855.6040970279923	817.2146916521817	178.6476468828399
K05349	bglX; beta-glucosidase [EC:3.2.1.21]	205522.76573164336	122894.58324649182	482257.6031351773	126237.8827072732	305374.2226816445	154386.881672474	39801.878555620846	245628.09198173508	122525.0312481626	44873.762805978375	19044.070155347174	15901.713519047033	12714.922200368768	144694.79288666142	5331.933967649423
K05350	bglB; beta-glucosidase [EC:3.2.1.21]	10414.587622391957	8392.412842390753	5632.57378865672	8230.81640254223	5968.88781858511	5222.925762924355	7147.243286050079	8099.954026105601	5666.413845741494	4535.079521452084	652.6108486489013	2358.513871803707	2407.043173007443	1574.111134812371	383.2490747824033
K05351	E1.1.1.9; D-xylulose reductase [EC:1.1.1.9]	174.4267080815797	848.69085531	395.53304717395065	828.4174840028373	329.3129789185898	381.9652706594318	1456.5470014156135	429.9921517110709	853.0480140394766	578.6186122167253	110.44499433520312	200.56392137032805	99.77124041259138	240.4182875647105	23.94415035531369
K05352	tarJ; ribitol-5-phosphate 2-dehydrogenase (NADP+) [EC:1.1.1.405]	3176.9660184043923	3403.1354483225628	1111.9810543487995	6485.530111833165	56255.4939421525	25958.61503321206	1136.864388518241	6431.776108238357	610.2522317722016	1341.4848456823588	3428.296445338073	329.2162863744502	320.81233128369325	26840.35915437709	110.35535735414456
K05355	hexPS, COQ1; hexaprenyl-diphosphate synthase [EC:2.5.1.82 2.5.1.83]	0.0	3.398541983130405e-20	0.0	0.0	0.0	0.0	0.0	0.0	0.0	0.0	0.0	0.0	0.0	0.0	0.0
K05356	SPS, sds; all-trans-nonaprenyl-diphosphate synthase [EC:2.5.1.84 2.5.1.85]	46.149212866733706	36.933204191288425	178.49269603727743	75.46025603762533	22.900863705148687	69.12723342244395	680.4344456491377	132.98411705875523	50.63382610028719	26.68893784255381	36.9302830582805	66.6751151735628	60.0349693461188	187.86016672948892	7.026674862176527
K05358	quiA; quinate dehydrogenase (quinone) [EC:1.1.5.8]	0.1500055239813139	0.421751864962684	7.058146326080155	14.272831164236592	51.8979847025861	130.19692699426653	150.09419299390737	20.94814112285713	18.967738141936508	42.4510299463708	2.1641139194088197	307.9345910983463	7.058785581615356	150.74603627458666	20.991661949717397
K05359	ADT, PDT; arogenate/prephenate dehydratase [EC:4.2.1.91 4.2.1.51]	0.052621390825155	0.0377952140720996	0.0319543917654286	0.0148902062963502	0.0852224642261074	0.0218003412134487	4.49230359964613	0.0053619613314696	0.0283978599071266	0.0021258223153904	0.1669830517934886	0.5451497201080524	0.106032588314405	8.616914770215199e-05	0.0
K05362	murE; UDP-N-acetylmuramoyl-L-alanyl-D-glutamate-L-lysine ligase [EC:6.3.2.7]	673.2852755444994	644.2252069322087	271.1129442304632	617.1765844320336	2759.507220117406	1618.9875486652763	255.96522938612696	1187.6405673513857	458.14028825135046	935.9923141794784	344.8989331325868	148.09109838298994	118.7851837289032	1032.8303623984837	34.886855313142405
K05363	murM; serine/alanine adding enzyme [EC:2.3.2.10]	133.45473457291274	491.63098631274977	499.9202446030271	1053.9994791673375	3232.36391043966	1877.7738023097004	680.028962240622	375.7196039711886	292.7798211044072	1045.4134351896528	345.7041672872374	328.22149144550394	133.1284461106108	1234.4319132555645	5.92718155466875
K05364	pbpA; penicillin-binding protein A	22163.96938390489	19607.488877044485	10318.02904036012	12467.560922442037	7711.307972179616	7928.823412839093	10306.30125765896	19630.49552742409	9609.800221588248	5607.896378322364	715.4144399447221	2960.520860024218	3191.1605190542523	1406.3584638088505	497.1287151171896
K05365	mrcB; penicillin-binding protein 1B [EC:2.4.1.129 3.4.16.4]	16.670005524662933	68.03175186863788	27.058662906503063	85.02588628065773	184.4735014895335	242.51051686408076	287.953753313591	115.56681916150936	82.07650959120565	96.33493945036446	32.484113921631526	131.1798162740044	80.46447730835285	241.74296699160595	15.500022004605524
K05366	mrcA; penicillin-binding protein 1A [EC:2.4.1.129 3.4.16.4]	63959.18041825232	60195.24402599836	159862.44017521793	46318.57840686472	96345.78114725446	57339.29262132461	25323.259010542053	94733.0767829681	44812.67971270645	17699.515308521608	6466.121889619377	8893.322787380466	7220.06351121078	42091.4096006824	1848.1592362560195
K05367	pbpC; penicillin-binding protein 1C [EC:2.4.1.129]	781.6793704193676	233.0604907622916	3274.3228578131734	292.5206190528995	654.0504361446705	456.3960219826503	683.5819111036335	1445.0944398294832	672.2271642581421	250.0630034152655	88.0786438873792	999.326161300304	136.03020845084495	553.4663243678223	17.139477831906557
K05368	fre, ubiB; aquacobalamin reductase / NAD(P)H-flavin reductase [EC:1.16.1.3 1.5.1.41]	10.000005523335398	53.53175186147999	21.86866290355957	74.64588627067091	156.60350146846278	158.63051684280785	98.77375330227662	70.62275823670775	75.51650958147894	74.40493944037765	32.48411391730255	26.669816270512364	74.35447729842399	71.96296698219591	15.613121836175726
K05369	pebA; 15,16-dihydrobiliverdin:ferredoxin oxidoreductase [EC:1.3.7.2]	1.7270892596951055	4.851008264249456	0.3274042786665884	6.233688609021922	3.007924211415437	9.079547468455877	83.04484901573599	6.827877163206284	4.680340866284608	3.5054705074521197	4.193897344874252	8.757472897600067	7.885319966651544	24.6745778299676	0.922921760323529
K05370	pebB; phycoerythrobilin:ferredoxin oxidoreductase [EC:1.3.7.3]	1.7066237597645466	4.793525242606056	0.3235246342274248	6.15982123182708	2.9722811938966363	8.971957500512936	82.13036247944754	6.746968826346997	4.624880203127654	3.463931712613279	4.144200894422439	8.653699418625767	7.791881243479567	24.382191337473905	0.9119854088201056
K05371	pcyA; phycocyanobilin:ferredoxin oxidoreductase [EC:1.3.7.5]	3.9168268339272623	11.001492386310984	0.742512789669181	14.137241998988609	6.821603573501093	20.591301210825947	180.89173946232933	15.484788838491614	10.61443963829999	7.949977612363232	9.511245331952146	19.8608755454632	17.88293955631198	55.958919330727205	2.093073473856672
K05372	ybtA; AraC family transcriptional regulator	17.435167584981656	46.28697636351902	65.7828598484564	64.86910374626152	137.03021941442108	139.89535668798413	75.02237105711222	61.18513217190369	63.08080209956688	65.11247306298469	27.993554524500677	25.44643377703129	64.29686888301376	61.84569838633248	13.438997875492449
K05373	ybtX, irp8; MFS transporter, putative signal transducer	14.881429738151024	51.2849685519124	52.1913725016619	74.56638659494733	166.67126638592103	154.5455263399461	111.11972473133156	61.03326971826844	62.898344646115	64.58039820253735	27.993554524500677	69.52249374577582	68.27903913401882	112.60897649560796	13.4389978445766
K05374	irp4, ybtT; yersiniabactin synthetase, thioesterase component	8.584573850134857	46.28934349858896	19.034222628116275	64.58040064120458	136.25505581227978	137.56235303122844	73.16498132156057	61.03326971826844	62.898344646115	64.58039820253735	27.993554524500677	22.581362575829942	64.20564015628781	60.85025688340009	13.4389978445766
K05375	mbtH, nocI; MbtH protein	8.648532853645492	24.558496285709744	561.0149642716162	1308.4595096356304	1149.7513530849767	539.356354088411	356.389612402048	18.70366548193655	27.8893053250867	152.9838694731916	66.10747273751635	242.23838713901503	50.38213673570019	112.1436319358516	1.4053094498474883
K05376	cpeA, mpeA; phycoerythrin alpha chain	1.767317471879707	4.964000333806955	0.3350303400982199	6.378886748984147	3.07798626103607	9.291032752178666	84.84241851301658	6.986915435113748	4.7893576668976765	3.587121650025688	4.291583663819816	8.961456262065976	8.068988716243517	25.249310228387245	0.9444189077324788
K05377	cpeB, mpeB; phycoerythrin beta chain	1.769790569601303	4.970946713340274	0.3354991651870597	6.387813051437576	3.082293444623845	9.30403416946576	84.95292715326478	6.996692583203157	4.796059660015709	3.5921412928012058	4.297589096318452	8.973996486115439	8.08028006481402	25.284642879476404	0.9457404814090308
K05378	cpeC, mpeC; phycoerythrin-associated linker protein	2.617224878460073	7.351200549443772	0.4961472712717505	9.44650939175292	4.558197576903865	13.75911371471154	128.69101054642698	10.346940598639112	7.092571785824155	5.312177451923589	6.355417015707841	13.271043063567523	11.949385635680269	37.39176686993647	1.3985923300902958
K05379	cpeD, mpeD; phycoerythrin-associated linker protein	1.9722032059564727	5.539478632715879	0.3738705248761167	7.118393326015907	3.4348182873159003	10.36814543626069	93.997594097611	7.796910990882805	5.344589580207992	4.002977920436735	4.7891084624505815	10.00036102811086	9.004429406832257	28.176471614718658	1.053905722787243
K05380	cpeE; phycoerythrin-associated linker protein	1.3993158254795708	3.9303658427560335	0.26526827487119	5.050635960330174	2.437069148134148	7.356397122778826	68.39852258539318	5.53205719696954	3.792088339422016	2.840189254431244	3.3979638818177307	7.095447063913514	6.388814565527122	19.99174452083408	0.7477662301762947
K05381	cpeR; phycoerythrin-associated linker protein	1.7294626433803069	4.857674569309554	0.3278542009674141	6.242255007521734	3.012057731561909	9.09202467524162	83.15090200407866	6.837260101680793	4.6867726384648005	3.510287760795938	4.199660641403285	8.769507506223839	7.896156053817498	24.708485886619638	0.9241900488247584
K05382	cpeS; phycoerythrin-associated linker protein	3.5162302135243406	9.876305888105309	0.6665716958299175	12.69134418253227	6.123918571549399	18.48530928815403	162.9913599414705	13.901069583246176	9.528839271762887	7.136887246405342	8.538475051989893	17.829588496252963	16.053947504103903	50.235675767566576	1.8790026978348289
K05383	cpeT; CpeT protein	1.7317209422002269	4.864017626668679	0.3282823066324789	6.250406023197648	3.0159908182040165	9.10389686494942	83.2518125057884	6.846188063483389	4.692892535393012	3.5148714265594787	4.205144476921125	8.780958559259526	7.906466701443508	24.74074974888537	1.3254259643430328
K05384	cpeU, mpeU; bilin biosynthesis protein	1.7217144707892993	4.835911681803413	0.3263853800342146	6.2142890555883366	2.998563399523249	9.05129145868148	82.80468033642545	6.80662846501596	4.665775409391002	3.494561306386037	4.180845724759782	8.73021920013846	7.860780453110145	24.597789298957117	0.9200495812450776
K05385	cpeY; bilin biosynthesis protein	1.7260472486253426	4.848081487719242	0.3272067446475782	6.229927614910258	3.006109429517111	9.074069471926483	82.99828748060634	6.82375767514444	4.677517059138821	3.503355539130136	4.191367025474557	8.752189219497602	7.880562487761698	24.659690826822715	0.9223649305676926
K05386	cpeZ; bilin biosynthesis protein	1.75352566064476	4.925262214219839	0.3324158267002965	6.329107123460779	3.05396623850395	9.218527290124095	84.22614108377297	6.932390868741901	4.75198242564674	3.5591284312287708	4.258092956727201	8.891522752595721	8.006019854676737	25.052269387664865	0.9370488412280678
K05389	KCNKF; potassium channel subfamily K, other eukaryote	10.481180208679824	1.646188435979285	1.4925542343674258	1.374090044854596	0.019254373259966	0.4808009112422635	0.0035524634053861	4.536481857524413	0.2264437748078217	1.876665832094404	0.1120076237335607	1.2357632105845415	0.4770909240030599	0.0011844642112218	0.1229121447886432
K05394	atzA; atrazine chlorohydrolase [EC:3.8.1.8]	0.0	0.0025372752035938	0.0	0.0	0.0	0.0	0.0	0.0	0.0	0.0	0.0	0.0	0.0	0.0	0.0
K05396	dcyD; D-cysteine desulfhydrase [EC:4.4.1.15]	9082.100869229012	3317.386895162576	10351.860596639495	1649.269611466731	2282.7226543011857	2303.9560326285787	1198.5139449049782	5741.052812544852	1646.9187240393755	859.9608437305167	132.46036468649734	783.9464181148214	657.7449513053606	794.2622666383323	112.49366649265863
K05499	cytR; LacI family transcriptional regulator, repressor for deo operon, udp, cdd, tsx, nupC, and nupG	20332.856495991444	15313.101625211068	14539.208204259468	16043.14581676625	23087.731076940097	22032.01354434744	16705.181643164702	28804.419041294608	11667.622778629664	7419.451059017047	1210.185981805014	4230.884125557472	3159.188562916101	3199.559884366968	596.3250646336702
K05501	slmA, ttk; TetR/AcrR family transcriptional regulator	207.6700055239813	258.3617518649627	997.1186629049918	226.13588627553003	397.9035014787148	254.76051685315824	609.9037533077816	812.6227582413001	389.87650958621145	175.95493944523673	62.81411391940882	852.9898162722114	127.85447730325492	454.5229669867744	66.50002200353846
K05515	mrdA; penicillin-binding protein 2 [EC:3.4.16.4]	57759.770025591286	52578.052282493445	112500.90627488012	42714.72892927649	107066.87507476169	63435.70012047912	20826.841187204973	77776.53496839822	35361.21938427347	15016.105591395655	6474.1138268293325	7634.469427640803	6778.773488141811	45797.1632141807	1771.7505491259762
K05516	cbpA; curved DNA-binding protein	13990.25884801727	4897.000954487876	35313.23708135476	4402.831125630087	2794.784375821952	3235.7638359301304	4814.92758690281	13640.963222901784	7657.217348123603	2746.812518851857	319.4748330893132	1535.7120030115434	1332.3899778373311	1218.1256261745043	150.55006176441367
K05517	tsx; nucleoside-specific channel-forming protein	10.398874030209823	55.634106851684486	27.919841395750336	88.46387675221943	190.6092614471049	248.8440277766432	169.0054842268687	78.76287745565577	84.81517371055105	96.40577216210842	33.72406662773573	130.71115988229352	80.46761184005685	110.76522388839852	16.068693116486283
K05518	rsbX; phosphoserine phosphatase RsbX [EC:3.1.3.3]	0.0776986836531175	0.3446165270642305	0.0828693625415009	1.6236692641300032	0.812516799687133	0.9855467892206742	1.0444787097871011	0.2247497624080192	0.2107966259567886	0.3002265639205002	0.1450098427536793	0.1501805216420626	0.2348042216635508	1.0703766966711414	0.0
K05519	med; transcriptional activator of comK gene	0.0829225578450068	0.3678163582382922	0.0884408742316027	1.732832554500782	0.8671443086847297	1.051807531295713	1.1147015902723578	0.2398602434133089	0.2249690031747747	0.3204115364997742	0.1547592122347989	0.1602775286213947	0.2505906887698782	1.1423407627073587	0.0
K05520	pfpI; protease I [EC:3.5.1.124]	863.9829194029392	3164.798272142313	1679.959479742868	3200.005066339804	3958.11942736593	3191.351169023344	3491.43479088424	1760.7376039084304	1523.11023150285	1757.43725126542	537.659000216335	1589.8345523061623	483.50820916995934	2051.542633639267	151.70411590084086
K05521	draG; ADP-ribosyl-[dinitrogen reductase] hydrolase [EC:3.2.2.24]	146.26887532130007	117.07160510555342	373.7996402332844	344.4796816015549	121.66602768658193	158.534560062531	392.6381600982743	96.92783083224596	216.6794239620108	134.9849110618657	22.00088111015554	769.7289620217098	67.33935838337042	368.3499481152629	0.0548903868222684
K05522	nei; endonuclease VIII [EC:3.2.2.- 4.2.99.18]	10.172480306945104	57.678558215074574	1059.8195832797037	2579.287110843888	2026.515716622889	920.5396443015728	213.4736071338581	95.00377560187098	74.64137915429929	290.5854838029924	143.43972647703757	215.0864615903145	151.49312687050468	131.6841632664558	66.94503181877661
K05523	hchA; D-lactate dehydratase / protein deglycase [EC:4.2.1.130 3.5.1.124]	15.98992905655805	111.7569618529583	64.66074890142954	173.7711532866541	733.8271622472797	462.5203657112894	205.188058883144	96.55592392332684	104.76358041783502	264.35279565350373	85.31515432261953	70.49077065598453	78.39567179087976	388.06563812121016	16.884234476274948
K05524	fdxA; ferredoxin	3724.7224454025695	3518.55102735944	2417.6250416896232	1708.6347588460817	1005.7933058188362	923.0967843323843	2761.716158593775	4109.879228627365	1944.114574898308	911.916367240374	175.67248436842067	2000.293390930401	345.29210045697226	1503.2099425970148	142.92781710820336
K05525	linC, CYP111A; linalool 8-monooxygenase [EC:1.14.13.151]	0.0	8.483378386821395e-15	0.0	0.0	0.0	0.0	0.0	0.0	0.0	0.0	0.0	5.0049600102937095e-11	0.0	1.1935571878967323e-10	0.0
K05526	astE; succinylglutamate desuccinylase [EC:3.5.1.96]	22.12833806228957	110.68873065781057	59.33128043155541	183.674052883514	483.6570556958836	444.7618882081404	443.9942369413527	149.006992174565	161.13201814354215	178.9490854926796	74.31990489712061	194.0610442993756	145.09780299839898	312.54625777307143	79.55851662192367
K05527	bolA; BolA family transcriptional regulator, general stress-responsive regulator	231.8205500496749	270.72352708511914	1108.04817985889	269.81629798902384	453.8915887640914	374.9833562410533	966.2138124324338	884.5022263029235	414.47800629979895	206.8190060885565	77.33926625314001	1006.2562048233004	159.2293858455822	773.697886908336	68.89504414782628
K05532	MNN11; mannan polymerase II complex MNN11 subunit [EC:2.4.1.-]	0.0	0.0	0.0	0.0	0.0	0.0	12.025536649318676	0.0	0.0	0.0	0.0	0.0	0.0	0.0	0.0
K05533	ANP1; mannan polymerase II complex ANP1 subunit [EC:2.4.1.-]	0.000175504033836	0.0007784120371506	0.0001871834466641	0.0036675075055665	0.0018352946176191	0.0022261308546051	0.0023592449473392	0.0005076596932118	0.0004761426633636	0.0006781449897919	0.0003275449615443	0.0003392243743723	0.0005303704789603	0.0024177427358818	0.0
K05535	MNN2; alpha 1,2-mannosyltransferase [EC:2.4.1.-]	169.18016704946015	60.863146572729136	1135.0629720580864	14.91208748255202	3.137051252481471	0.5521415017289205	3.556917742204236	308.2489943496868	206.73645650670463	15.420279544807928	0.0	0.4198664897227649	0.6848432073221928	0.3315409171896222	0.0002282001556236
K05539	dusA; tRNA-dihydrouridine synthase A [EC:1.-.-.-]	220.0459871222613	1065.0890239713704	1399.9186880451682	6178.4384561816	57847.77076483564	22756.86391409292	1261.8881400562652	858.6783452662752	414.9468073800312	261.9955960001686	3959.635211413752	1245.1834571598956	354.1499597328425	32685.64158749504	126.32073326387405
K05540	dusB; tRNA-dihydrouridine synthase B [EC:1.-.-.-]	11702.604376630492	11095.311364583502	9059.529025845382	9499.477460980526	12180.378361705134	11988.526518510693	5263.569105252708	18169.36250202304	6396.657092260143	2379.7202647757517	581.5818373482555	2073.0889299796886	2713.8148643323284	2164.9277919829683	306.6520778430042
K05541	dusC; tRNA-dihydrouridine synthase C [EC:1.-.-.-]	38.670005524967294	482.03175187027904	2985.388662907178	3060.025886282948	399.2835014943644	596.9805168689579	543.9537533161849	501.75275824831	2424.5939622228816	450.28493945265416	47.48411392262403	832.0398162748049	211.79447731062928	921.0729669937632	28.613121838730432
K05548	benK; MFS transporter, AAHS family, benzoate transport protein	5.077835560245853	21.31806397549282	31.271432574256117	76.30572304349297	293.06220251784873	121.4681206182526	628.2602191287008	93.39024728840069	184.3402545264489	98.1090351958402	80.35082909835795	773.8677468707253	52.62098830709392	704.758660060703	0.2263180047403039
K05549	benA-xylX; benzoate/toluate 1,2-dioxygenase subunit alpha [EC:1.14.12.10 1.14.12.-]	4.000701492206521	13.531716161257124	15.862951873638831	40.40504254498851	178.43861084286704	101.39091761949638	183.1798565572101	16.65725541700102	23.092044551233613	23.325658463793893	26.73130920203249	72.51526438850806	7.585458796520443	167.808032641821	0.2264007657304174
K05550	benB-xylY; benzoate/toluate 1,2-dioxygenase subunit beta [EC:1.14.12.10 1.14.12.-]	4.000773377341108	18.482656406291447	15.862178535946311	50.39654472852742	188.4271155450901	118.38182942598078	221.1472271168689	16.65746335059989	23.09223957569369	23.32593622689025	26.731443361989555	119.47540333226492	7.585676032286644	222.77902293109335	0.1133009320819868
K05551	actI1, oxyA, tcmK, snoa1, aknB, mtmP; minimal PKS ketosynthase (KS/KS alpha) [EC:2.3.1.- 2.3.1.260 2.3.1.235]	43.63248920721559	13.12148292694377	33.49260125624904	7.0087373810438605	19.42827885799943	20.02609809770541	67.69566324025234	27.48006590855737	4.7840988949322885	4.997076737737227	3.352285599106316	34.58793674974262	15.864484623553304	11.44661697928716	0.0044646874348168
K05552	actI2, oxyB, tcmL, snoa2, aknC, mtmK; minimal PKS chain-length factor (CLF/KS beta) [EC:2.3.1.- 2.3.1.260 2.3.1.235]	0.0	1.710326546153751	2.2216282040234097	0.0	5.872947744389961	0.0	9.398118049196825	0.0	0.0	0.0	0.0	0.0	0.0	0.0	0.0
K05553	actI3, oxyC, tcmM, snoa3, aknD, mtmS; minimal PKS acyl carrier protein	0.0	1.5996598516776404	2.273367244998982	0.0	6.009721612962609	0.0	9.61698888184112	0.0	0.0	0.0	0.0	0.0	0.0	0.0	0.0
K05554	actVII; aromatase [EC:4.2.1.-]	3.246497169829791	4.863532164716187	15.839494467231164	22.926293493331173	8.221461373513128	0.2882168815161946	13.566963146649131	1.369919610633881	2.4789634216005574	3.279709921606237	0.0430405536373924	0.8021075716475877	0.2938912544793812	0.3219200843265417	0.0039000522171619
K05555	actIV; cyclase [EC:4.-.-.-]	0.0246856595269763	1.9204842837593288	128.39742756467024	308.6036148642618	231.74151743443932	93.88964271821612	16.460086133473844	0.3686094199689154	0.0668971221068785	26.29685437147977	12.275242315556632	23.234929355266345	9.521221387475387	1.6735182324141915	0.0131915199040771
K05556	actVI1, RED1; ketoreductase RED1 [EC:1.1.1.-]	1.7564194316640133e-08	0.3925031167114424	0.0162698086667633	3.670389396615111e-07	0.0430099122681535	2.227880126167123e-07	0.0688260667127369	5.080586071672463e-08	4.7651681154942876e-08	6.786778694036798e-08	3.2780234312873835e-08	3.394909335236503e-08	5.3078723882609465e-08	2.419642574161031e-07	0.0
K05557	actVA1; MFS transporter, DHA2 family, integral membrane protein	0.0	0.0004235789500724	1.4840959990341118	0.0	3.9232569312005854	0.0	6.278147428090675	0.0	0.0	0.0	0.0	0.0	0.0	0.0	0.0
K05558	K05558; pyridoxamine 5'-phosphate oxidase family protein	0.0	0.7872428802123491	0.425820648520736	0.0	1.1256709888339962	0.0	1.801342238694975	0.0	0.0	0.0	0.0	0.0	0.0	0.0	0.0
K05559	phaA; multicomponent K+:H+ antiporter subunit A	0.0121899321045998	5.0274614426659	5.249840533578172	20.44549995022297	96.15465494968066	112.51421446135244	442.2791581351866	72.51131570352835	163.44097420691912	93.28671555295536	16.807711502867086	866.613143623669	55.36571977990455	565.0869768163783	51.01047132096636
K05560	phaC; multicomponent K+:H+ antiporter subunit C	0.0121782976124714	5.029057776737789	5.249828124835825	20.44927087051741	97.82354733080967	112.52089357823814	442.2942583266356	72.51128204981353	163.44094264252746	93.28667059744994	16.807689789296212	866.631989965902	55.36568462064907	565.1008677106025	51.01047132096636
K05561	phaD; multicomponent K+:H+ antiporter subunit D	0.0121782973932674	5.027082703094787	5.368812184904464	20.44525681967945	100.03907158678204	116.08406688417536	442.7823380895027	72.51128204917946	165.87094264193271	93.28747204308084	16.80768978888711	905.0431211354244	55.36568461998664	565.0868165366503	51.01047132096636
K05562	phaE; multicomponent K+:H+ antiporter subunit E	0.0121782973932674	5.030648657248265	5.2498281246020335	20.4492708659367	96.1585473285174	112.5208935754577	442.29425832368895	72.51128204917946	163.44094264193274	93.28667059660292	16.80768978888711	866.6319899654783	55.36568461998664	565.1008677075828	51.01061832604863
K05563	phaF; multicomponent K+:H+ antiporter subunit F	12.061623635234552	642.6707933978142	287.637386560686	4764.330852180062	45848.30997854097	17954.472045016635	833.1421710791986	91.4451468544236	178.0591380359122	99.08621934177948	3115.8955817703786	1069.8357641208297	225.95731307282884	26151.36973991235	98.18375599285574
K05564	phaG; multicomponent K+:H+ antiporter subunit G	7.15527079199429	703.2619588283709	311.7416012075724	4851.594763637253	46550.02524649669	18349.10364208363	838.9023527404502	100.05540166515534	202.3142091116775	324.308248382296	3184.2318722022146	1086.6698042095884	227.79554800401897	26333.744801294422	99.5725969847539
K05565	mnhA, mrpA; multicomponent Na+:H+ antiporter subunit A	7.326837811606048	263.0837461620928	616.1956082734508	1757.0928654354277	3494.194729534545	1886.2144467749788	299.0651014707753	64.99769166796608	111.47907052262704	926.5250602918188	400.6693563501748	187.87630727651637	122.41731546130428	1084.708371769838	7.728241814507664
K05566	mnhB, mrpB; multicomponent Na+:H+ antiporter subunit B	13736.172374321452	7914.653700758003	5560.719601280525	21736.496153305536	166431.60615400592	67384.1287957324	4603.719070256792	11212.40049654848	3334.3130169361384	2501.8641720859005	11441.764148595408	1404.211348878957	2769.160589565833	90763.47430527046	295.0934962057632
K05567	mnhC, mrpC; multicomponent Na+:H+ antiporter subunit C	13100.11521709334	5661.526599907516	4454.05957242484	10270.92613539199	63311.2901928898	27053.012631298392	3602.4349927854832	9027.10256894536	3030.5419172517263	2318.716598653282	4451.4411798040655	834.7320623817595	1591.204687920864	33364.6015211929	176.61220741208984
K05568	mnhD, mrpD; multicomponent Na+:H+ antiporter subunit D	40034.39516672452	14206.831228625311	11133.07759973238	14452.182383295956	68253.86306366423	32356.54930949274	6888.737779020359	27671.70518292093	7558.105457639434	4123.212042558559	4715.270395437461	1949.5395796176983	4076.667721617037	33977.96272287802	414.93282014160815
K05569	mnhE, mrpE; multicomponent Na+:H+ antiporter subunit E	13050.582965700236	5722.605573133977	4486.56829483871	10348.552546413704	63292.37350507596	27008.91669541942	3508.250257752901	9088.224259393985	3054.5245662210477	2317.7485269441727	4460.08559187728	898.5560836646455	1595.4650251493008	33366.499298632945	176.6000983902264
K05570	mnhF, mrpF; multicomponent Na+:H+ antiporter subunit F	12404.841618677532	4734.414211206104	4095.6620922368456	9392.269731752993	61233.64686198914	25682.73494073951	3410.9450210334944	7213.6459405395635	2764.680852804357	1590.710147797396	4236.367477294451	811.526940242535	696.4362432324334	32672.826235615143	160.8895847449108
K05571	mnhG, mrpG; multicomponent Na+:H+ antiporter subunit G	13009.671556648264	5610.381005983049	4450.105217069826	10260.691237134277	63158.86379930891	26871.708677590657	3588.802547878253	9075.597562701463	3051.331469761799	2299.683166090529	4446.698057478365	895.694149878449	1493.398919302975	33366.501261537174	176.4286160804261
K05572	ndhA; NAD(P)H-quinone oxidoreductase subunit 1 [EC:1.6.5.3]	7.933986694972657	22.284797852632177	1.504045709413079	28.636622112579005	13.817948631716485	41.71006704298466	360.3957153978895	31.366234410692627	21.500777653839577	16.103601020976797	19.266129731006256	40.230505204698346	36.22396662466655	113.35127649487576	4.2397628992263545
K05573	ndhB; NAD(P)H-quinone oxidoreductase subunit 2 [EC:1.6.5.3]	46.15283489258466	36.94337765350973	178.49338266465026	75.47332923645502	22.907171878967887	69.14627491405251	680.5962933384699	132.99843638096365	50.6436416413855	26.69628946304851	36.93907843727676	66.69348121518233	60.05150632161208	187.9119138863078	7.028946363995354
K05574	ndhC; NAD(P)H-quinone oxidoreductase subunit 3 [EC:1.6.5.3]	41.51186791491358	23.942417103714757	177.63218533736008	59.088877623590335	15.009154923963926	44.9055122232304	472.5556548139212	114.62834296395135	38.06687648829999	17.315409971149823	25.657487397583697	43.09422433485007	38.82965772729925	121.59652124214227	4.537242897882627
K05575	ndhD; NAD(P)H-quinone oxidoreductase subunit 4 [EC:1.6.5.3]	14.73876816690526	41.43239013985143	2.812618701697052	53.564008513587694	25.8540165458474	77.64118937594405	675.5424822554668	58.245779375803735	39.94152008652349	29.95414017207492	35.77829269877291	74.66868401419696	67.2596306495127	210.558996137236	7.864773139684799
K05576	ndhE; NAD(P)H-quinone oxidoreductase subunit 4L [EC:1.6.5.3]	49.07163848053274	42.66194878270023	197.7681384971384	137.74336969189756	88.28877156631918	167.17270795462852	489.7875492542055	153.39023267033235	53.35597969932736	47.63997779701167	32.303537139992955	67.72805695323478	68.09276397049814	210.88095720954595	7.31637163043018
K05577	ndhF; NAD(P)H-quinone oxidoreductase subunit 5 [EC:1.6.5.3]	53.82118710855229	59.01378818683944	180.23275249185093	114.78273863524817	42.43166799404128	111.87922069149327	1078.2821724515145	162.96887935188494	71.4255198450392	42.85824011980689	72.35705317966935	104.81768987425856	114.55973007238516	297.9284247130741	11.168698085822871
K05578	ndhG; NAD(P)H-quinone oxidoreductase subunit 6 [EC:1.6.5.3]	48.81589990075766	47.30491707059196	181.3424396282005	123.80305771001912	49.37654699066707	102.51070754470496	711.9283326457805	135.88576861990734	52.81901281350415	33.745743591491845	41.90356315839262	71.809426241243	68.08380906102654	224.5931761699926	7.023266015206342
K05579	ndhH; NAD(P)H-quinone oxidoreductase subunit H [EC:1.6.5.3]	19.115139761398776	15.914485311159526	72.8253654989945	31.953280032367644	9.912809454247173	29.812367297633514	294.1849999029578	55.40025038924346	21.46025464124648	11.50407414891962	15.785539592436148	28.694903621894422	25.844648281078065	80.89766716970219	3.0228778306668347
K05580	ndhI; NAD(P)H-quinone oxidoreductase subunit I [EC:1.6.5.3]	6.286833983955772	11.459837171013753	0.6902218236888499	15.238257619324472	6.708314253664257	18.71417799023911	155.0372110096348	13.926206081697224	11.232609106588946	7.794152903233838	8.11408763509431	16.82228611496678	15.225988011095968	125.20983760014288	1.7602861280331332
K05581	ndhJ; NAD(P)H-quinone oxidoreductase subunit J [EC:1.6.5.3]	4.192614850219653	11.77611937139891	0.7947939187609334	15.132660507913917	7.301920063669389	22.04115701364653	193.21513388830635	16.575089578744727	11.361813820519568	8.509744139770373	10.180942409149528	21.25930128669552	19.14209668396242	59.89904740134024	2.2404490423421373
K05582	ndhK; NAD(P)H-quinone oxidoreductase subunit K [EC:1.6.5.3]	8.985959293612028	25.23502019377248	1.7541227997230762	32.46467120761356	15.771026190365252	47.45783984300502	406.9705612712562	35.52786642949372	24.34095942893594	18.28099945955452	21.801367596949937	45.54869748806266	41.05341881851193	128.2324557804602	4.8054063466884696
K05583	ndhL; NAD(P)H-quinone oxidoreductase subunit L [EC:1.6.5.3]	2.3426743064955144	6.580049269289545	0.4441007244780829	8.455557266118047	4.080036238088059	12.315763328128718	110.55183585454098	9.261531972571373	6.34855102684244	4.754922563432315	5.68872482922575	11.878891974963883	10.69587827072224	33.46931791822592	1.2518780269626797
K05584	ndhM; NAD(P)H-quinone oxidoreductase subunit M [EC:1.6.5.3]	3.2689825953063885	9.181842511323602	0.6197009694674764	11.79893827320183	5.693308460996185	17.185494311324835	151.94327322202136	12.923600493787806	8.85880839458558	6.6350491226167545	7.93808273077668	16.575881252469777	14.925096421453294	46.70329863954832	1.746878543995903
K05585	ndhN; NAD(P)H-quinone oxidoreductase subunit N [EC:1.6.5.3]	3.2598213561089504	9.156110635100028	0.617964273524117	11.76587205377567	5.677353111245801	17.13733240788174	151.53390966236245	12.887382437568816	8.833981813121493	6.616454569012732	7.91583645917826	16.529427773861414	14.883269224649595	46.57241385271568	1.741982962045301
K05586	hoxE; bidirectional [NiFe] hydrogenase diaphorase subunit [EC:1.6.5.3]	0.8431979521913935	2.355918983032049	0.2987838816298559	3.1287095036025434	1.8002658849891229	5.0291266571003845	42.36437982921899	7.856153895335385	2.255900624804839	1.827217262663383	1.9946826077962336	4.231687083356863	3.922428401204376	11.640266021109449	0.4608643209734626
K05587	hoxF; bidirectional [NiFe] hydrogenase diaphorase subunit [EC:1.6.5.3]	0.9120756379884692	2.5438254775373483	0.3737991105413294	3.4153367576709943	2.06815420344772	5.657114934825536	44.91417402065001	8.131814678977078	2.429555571207399	2.018637409583325	2.1383714751630096	4.561401206980722	4.269291717494832	12.443044863555222	0.5012353183108484
K05588	hoxU; bidirectional [NiFe] hydrogenase diaphorase subunit [EC:1.6.5.3]	0.8568764027446238	2.3943386977650127	0.3013769052454677	3.1780799695029702	1.8240884768805168	5.101036166348864	42.97559181576504	8.181247399516746	2.2929686632703405	1.8549803934528453	2.027898040719088	4.301045779978146	3.98487969528473	11.835687300510276	0.4681738098097913
K05589	ftsB; cell division protein FtsB	395.1601809354103	1200.642864237222	1766.863159557809	6295.977272485334	57862.07780607518	22790.97133809068	1272.2179384766123	1045.6770879238952	522.3129078682151	311.7231157190902	3967.8818462854256	1245.4760501142946	353.62535391911274	32746.21604863945	130.17688869356047
K05590	srmB; ATP-dependent RNA helicase SrmB [EC:3.6.4.13]	16.670005526938283	68.0317518809063	21.868662911548103	74.64588629777485	156.60350152564806	158.6305169005418	133.38375333298342	76.62275826232299	75.51650960787693	74.40493946748158	32.48411392905125	28.169816279989597	77.18447732537065	71.96296700773432	15.500022008167546
K05591	dbpA; ATP-independent RNA helicase DbpA [EC:3.6.4.13]	6.1098996317808245	28.601179840110422	25.45637755485784	72.91436840948792	299.8573682752068	214.46388594018748	577.6252965645251	80.2963596668222	200.290672064811	138.15792178533388	36.45874731760462	895.9523430864015	69.18727750747003	452.7955271537832	54.018682561878
K05592	deaD, cshA; ATP-dependent RNA helicase DeaD [EC:3.6.4.13]	47300.07715317496	37689.64027164389	109080.81366934103	32724.836583724828	79744.61567614038	43217.06801034293	12672.772862289186	67889.26042587848	26900.578431870337	11405.730352792089	5469.817499282803	3511.0584697088234	4878.272697361927	37379.008281055605	1315.0209247324929
K05593	aadK; aminoglycoside 6-adenylyltransferase [EC:2.7.7.-]	23572.413094924726	15620.392689614524	7339.5805186559455	13112.770263658818	71279.81132025711	40596.114799513045	5685.791638653809	30456.317930232475	5925.18367476986	3940.898083647605	3471.9472140092835	1710.3700421695569	2480.008951082332	26539.19490447318	413.8394943856079
K05594	elaB; ElaB protein	10.149752933558169	53.95235891658442	21.897050518625186	75.18637873477593	156.86430378313216	159.41775972778035	113.59403686565936	71.21476986569027	75.92231890772075	74.70888154023403	32.84774611728205	27.429133645933405	75.03817458876708	74.10237819073986	15.580044007076925
K05595	marC; multiple antibiotic resistance protein	9835.767067508592	7082.922770965237	38543.57389709135	11009.787193568209	2730.994307550731	2191.7989616744158	1801.0929109297929	15960.636345996914	10019.247303484708	2587.3623417790022	181.38117211199807	2169.349834701594	471.7098056388214	1423.393243210071	435.138449743239
K05596	iciA; LysR family transcriptional regulator, chromosome initiation inhibitor	32.71118168050419	89.43666585685267	589.1214429801812	1425.6465847491431	1619.4915788639116	832.1231554024442	1259.6176288844094	243.0509929260003	514.6572699638481	418.6820699381041	163.4141139181811	2102.2769681754967	241.0405478992072	1124.698438555654	66.61312186735019
K05597	aspQ, ansB, ansA; glutamin-(asparagin-)ase [EC:3.5.1.38]	4.003067721608699	13.337319673985462	5.371081723057293	16.39996838642722	190.6679711128584	163.09831430853086	393.8507838048081	62.75396737118661	163.59128644284718	89.86709048102102	30.331937063184903	795.711034394654	53.97158401554649	421.04670309398296	30.09099778687708
K05599	antA; anthranilate 1,2-dioxygenase (deaminating, decarboxylating) large subunit [EC:1.14.12.1]	6.16318057026144e-16	2.7335519521481803e-15	1.7028365222972557	3.0736510911242223	8.750697276027394	24.837943499373672	21.92193824760028	1.6167760074699615	2.1085110882741507	6.660704142993381	1.1502406518830173e-15	31.33263666563189	0.9712500557695014	11.427932778794778	7.159964623024381e-08
K05600	antB; anthranilate 1,2-dioxygenase (deaminating, decarboxylating) small subunit [EC:1.14.12.1]	6.16318057026144e-16	2.7335519521481803e-15	1.7028365222972557	3.0736510911242223	8.750697276027394	30.862991668930515	48.79998453235956	1.6167760074699615	2.1085110882741507	6.660704142993381	1.1502406518830173e-15	31.33263666563189	0.9712500557695014	11.427932778794778	0.0
K05601	hcp; hydroxylamine reductase [EC:1.7.99.1]	44078.11711936263	48209.15758813507	68247.43416930977	44253.3565864756	204490.5979168567	92347.32512154932	16044.571302959015	53904.32316225611	23098.855322015028	10953.219863385104	14057.407350567151	4817.728895185126	5894.9533092142	106690.66300506996	1401.410215224333
K05602	hisN; histidinol-phosphatase [EC:3.1.3.15]	5.369165482862919	17.342956116543196	520.4896349793007	1271.339256470152	945.4939845971952	408.7064466610457	295.6824699636287	25.47052745733398	14.55021764869542	117.40778721287894	74.00796473538632	121.00518302684748	62.69383884684071	82.06819029484585	2.963735776051561
K05603	hutF; formimidoylglutamate deiminase [EC:3.5.3.13]	6.703743370811906	13.751751864962676	33.0818084566591	48.425886275530026	256.94153440892023	163.81051685315822	497.7949394642558	70.24376553395203	183.49252056294665	107.15372933143776	30.694113919408814	839.4598711558871	54.63447730325491	388.988490654104	51.15520842275903
K05605	HIBCH; 3-hydroxyisobutyryl-CoA hydrolase [EC:3.1.2.4]	0.07381486081331	9.137045239091302	3.3915186832205126	14.79517683783129	96.794728867318	55.13235825143657	2.610133078782387	1.6486645841399683	4.071608231001928	31.12713357896448	9.476148830632551	2.507736391954735	0.6049903818217932	36.794611994626834	0.1881542906159241
K05606	MCEE, epi; methylmalonyl-CoA/ethylmalonyl-CoA epimerase [EC:5.1.99.1]	24398.49487322798	13867.180037621098	59863.64441349252	16346.993313273051	7136.829079397748	6778.938062222036	2450.8013600932964	30966.53594453821	16351.010253406885	4665.895481627616	380.706839873068	2723.6738407689454	2449.901961539216	1911.8734970193664	672.9025563996184
K05607	AUH; methylglutaconyl-CoA hydratase [EC:4.2.1.18]	1.5468184759018982e-05	0.0245702228722093	2.376003944615345e-05	0.0003232386313934	0.000180953728877	0.0001962017772705	0.0002386562461228	4.474298258376447e-05	4.196520460287873e-05	5.97688370245818e-05	2.8868430379131688e-05	2.9897804528276144e-05	4.674461537989932e-05	0.0002130896397135	0.0
K05612	SLC1A1, EAAT3; solute carrier family 1 (neuronal/epithelial high affinity glutamate transporter), member 1	0.0206291721182011	0.0579427402887584	0.0039106717727145	0.074458129204901	0.0359280714227492	0.1084504153046585	0.9218001134046236	0.0815553987213056	0.0559042080543549	0.0418710000352116	0.0500938962406327	0.1046034040863458	0.0941859964017495	0.2947248442088113	0.017921280149099
K05614	SLC1A3, EAAT1; solute carrier family 1 (glial high affinity glutamate transporter), member 3	0.0052457982079013	0.0147342763648519	0.0009944458681841	0.0189339794398379	0.0091361597839693	0.0275778878081812	0.2344048202823663	0.0207387461797077	0.0142158974070953	0.0106473888379631	0.0127383915176145	0.0265996302009794	0.0239505845558271	0.0749456667827448	0.0028032490441129
K05628	RERE; arginine-glutamic acid dipeptide repeats protein	0.0	7.558490584131057e-23	2.6482726890279336e-19	0.0	7.000796572256809e-19	0.0	1.1202945350115012e-18	0.0	0.0	0.0	0.0	0.0	0.0	0.0	0.0
K05634	PRNP, PrP, CD230; prion protein	0.0	0.0005766238243824	0.0	0.0	0.0	0.0	0.0	0.0	0.0	0.0	0.0	0.0	0.0	0.0	0.0
K05641	ABCA1; ATP-binding cassette, subfamily A (ABC1), member 1	7.893053614435928e-41	9.355322101424502e-41	1.8393421817879026e-53	3.603844985885117e-52	1.8034366106381152e-52	2.1874885071444706e-52	2.318291935609748e-52	2.134272747940746e-40	4.6787752917336025e-53	6.663733932255932e-53	7.303351896765193e-42	3.3333593968557372e-53	5.211640298926616e-53	2.375774288844152e-52	0.0
K05642	ABCA2; ATP-binding cassette, subfamily A (ABC1), member 2	4.9336487386998805e-06	2.188218402355585e-05	5.261972362427977e-06	0.0001030984495542	5.159254051002245e-05	6.257946010097175e-05	6.63214719588528e-05	1.4270980275261487e-05	1.3384995200393888e-05	1.9063545722645503e-05	9.207718769017424e-06	9.53604239274552e-06	1.490941027036696e-05	6.796592157264215e-05	0.0
K05643	ABCA3; ATP-binding cassette, subfamily A (ABC1), member 3	7.893053614435928e-41	9.355322101424502e-41	1.8393421817879026e-53	3.603844985885117e-52	1.8034366106381152e-52	2.1874885071444706e-52	2.318291935609748e-52	2.134272747940746e-40	4.6787752917336025e-53	6.663733932255932e-53	7.303351896765193e-42	3.3333593968557372e-53	5.211640298926616e-53	2.375774288844152e-52	0.0715794499711131
K05647	ABCA13; ATP binding cassette, subfamily A (ABC1), member 13	4.9336487386998805e-06	2.188218402355585e-05	5.261972362427977e-06	0.0001030984495542	5.159254051002245e-05	6.257946010097175e-05	6.63214719588528e-05	1.4270980275261487e-05	1.3384995200393888e-05	1.9063545722645503e-05	9.207718769017424e-06	9.53604239274552e-06	1.490941027036696e-05	6.796592157264215e-05	0.0
K05649	ABCA6; ATP-binding cassette, subfamily A (ABC1), member 6	5.636627058910667	58.40270545730517	42.77399986675714	37.32323301356672	8.638756638321766	7.649217110174511	82.95000772763406	99.86469104650014	12.403473742432617	8.79720696070291	1.224621562157481	6.468464958940029	10.739921272400984	95.26009221849144	3.612622170549298
K05651	ABCA9; ATP-binding cassette, subfamily A (ABC1), member 9	4.637504114546097	4.30891201723485	2.795480555295465	1.4151161008361	1.275718447435282	0.8910514601474907	0.7027381004169214	5.115164788724114	1.5583840846289447	2.4688162698831677	0.0015150555714521	0.1767967029627299	1.79145659481911	1.0831297345422612	0.0
K05652	ABCA10; ATP-binding cassette, subfamily A (ABC1), member 10	1.685755097292129e-19	7.476819938201439e-19	1.797938443041813e-19	3.5227221487347415e-18	1.7628411091532232e-18	2.138247966935772e-18	2.2661069998269705e-18	4.87618373672809e-19	4.5734556879379e-19	6.513732751651022e-19	3.146141866069268e-19	3.258325211818952e-19	5.094325861454409e-19	2.3222954207200247e-18	0.0
K05653	ABCB2, TAP1; ATP-binding cassette, subfamily B (MDR/TAP), member 2	1.4102179874033094e-17	1.003006364572102e-17	2.0480228822517204e-19	1.3789963166279705e-17	3.557523510229752e-18	5.3526626306643225e-18	8.010017750227067e-18	3.9963453908920976e-18	1.0669764586566873e-17	4.870370098248632e-18	3.5837548039847655e-19	3.711542304158689e-19	5.802921659683705e-19	2.645315349582515e-18	8.407429371421988e-05
K05655	ABCB8; ATP-binding cassette, subfamily B (MDR/TAP), member 8	0.0097601755238151	0.0069419641528221	0.0001417774509876	0.0095447131863902	0.0024624961008603	0.0037049849063954	0.0055441689541835	0.0027659685017101	0.0073846483680588	0.003370913018099	0.0002480907930652	0.0002569370741296	0.000401715941907	0.0018312591649852	0.0
K05656	ABCB9, TAPL; ATP-binding cassette, subfamily B (MDR/TAP), member 9	1.4217861638631617	95.7164624920677	14.297150431548763	64.64333336020438	884.4374569682486	890.9704752779697	17.313765028581358	13.141748537914488	3.020360706543466	34.22925023960282	71.87461962284469	10.12206141737508	9.721540941148938	121.9958674150246	1.4212371354394244
K05657	ABCB10; ATP-binding cassette, subfamily B (MDR/TAP), member 10	0.0184213935164484	0.0191502129575892	0.0014786918383512	0.0697574407659476	0.0144982647793594	0.0386467290673468	0.0289489956433352	0.0040103559283891	0.0239312257249731	0.0053571375007316	0.0025875047711762	0.0026797685516193	0.0041897641726209	0.0190994263354734	0.000272152324889
K05658	ABCB1, CD243; ATP-binding cassette, subfamily B (MDR/TAP), member 1 [EC:3.6.3.44]	390.75982356524713	367.1616637580765	280.8863956005888	348.9068540844532	1051.2814580710688	1046.698940050988	367.5320272466294	566.1312420624004	82.8600142103154	138.40470515236456	101.23166273759313	261.07172118778874	122.97953008894436	154.83771662872812	4.394945047208259
K05659	ABCB4; ATP-binding cassette, subfamily B (MDR/TAP), member 4 [EC:3.6.3.44]	0.0	2.1552420624096232e-09	7.551333997963592e-06	0.0	1.996220154666716e-05	0.0	3.194428672324661e-05	0.0	0.0	0.0	0.0	0.0	0.0	0.0	0.0
K05660	ABCB5; ATP-binding cassette, subfamily B (MDR/TAP), member 5	54.45241966984032	69.90616611144503	4.1387226320457895	1.0784083900328991	69.26800111033175	40.73484665584439	0.0112131973221918	65.5433258932432	0.1865887327897759	0.0078542676661174	0.0870964331245512	0.9571365187192724	63.02514956778376	0.0037118858961198	0.0951602241349674
K05661	ABCB6; ATP-binding cassette, subfamily B (MDR/TAP), member 6	10.852783680745713	2.366394113628555	0.0015003433125066	0.4366709729269383	6.589195920907089	0.2035369241345845	0.0645711856950182	11.128777626337277	0.0101913884553984	0.0070950860013018	0.3218083639537319	0.0096974604708983	0.2087061204843527	0.0209935987233695	0.0007571925239018
K05662	ABCB7; ATP-binding cassette, subfamily B (MDR/TAP), member 7	20.30464653956918	3.434275263366636	5.323419872372836	2.9522685655273118	7.268814304953572	1.4453341241828932	8.440943318622004	18.57302931296148	2.123786179836549	1.4109017962121788	2.091117823643581	41.070691533588	12.154977934728198	0.0206570777720724	0.0
K05663	ABC.ATM; mitochondrial ABC transporter ATM	66.54892938410083	73.16494570660083	4.907128118633335	1.8615980975401432	77.90039595390921	41.45458976880024	107.82721048358565	76.79109593408943	0.8625434764911667	0.0582666001566243	4.413605428192156	14.044067243894524	65.77294503288054	0.009731504287433	0.0951602620356035
K05685	macB; macrolide transport system ATP-binding/permease protein [EC:3.6.3.-]	1322.9329137751834	1102.165966955556	3069.0434707368254	3355.3899970614475	1882.3475732247125	1779.9572189961386	949.7649899533872	2936.2418065590864	2632.1439728063638	843.1796967571529	152.3502542503417	1126.3386598385564	323.45905011018533	1416.5258048049418	91.23774176556942
K05687	PARK7; protein DJ-1 [EC:3.5.1.124]	1.4703757765801684	6.14157368770579	8.818832887570272	0.0144938593764532	4.243120480087234	1.391890225097121	44.79484608333376	2.1644048905999966	3.460783415627367	5.623980359172092	0.0012944460522257	0.0013406026768196	6.613362954713319	0.0095548334036468	0.5945018114737093
K05692	ACTB_G1; actin beta/gamma 1	0.10933456436821	0.3070963891072611	0.0207265513228991	0.3946279120482688	0.1904186951899333	0.5747869495172175	10.756613061882552	0.4322434240200187	0.2962921729941731	0.2219162030487909	0.2654975338609703	0.5543977989849495	0.4991855624242578	1.5620409905653962	0.0584261919553184
K05702	AF6, MLLT4; afadin	0.0	0.0003314188937298	127.10366297813002	308.51451540762645	228.29078582285317	93.7598667867134	9.903829494738256	0.0	0.0	26.246749924970683	12.21529803568488	23.109756905114548	9.408514807392551	1.320839166255214	0.0
K05708	hcaE, hcaA1; 3-phenylpropionate/trans-cinnamate dioxygenase subunit alpha [EC:1.14.12.19]	9.850196209227652	53.28761778413801	410.5269542224533	1017.5473011408144	854.4627495444313	444.5631923035986	114.2388625162846	70.03128761420285	72.1713201391387	154.36463297404742	69.47530627997648	97.09480502497082	102.4428392007794	95.0866343240026	15.42026730590154
K05709	hcaF, hcaA2; 3-phenylpropionate/trans-cinnamate dioxygenase subunit beta [EC:1.14.12.19]	9.85	53.1100000002873	21.84	74.1	156.34	157.84	83.95	70.03	72.17	74.1	32.12	25.91	73.67	89.82	15.42
K05710	hcaC; 3-phenylpropionate/trans-cinnamate dioxygenase ferredoxin component	575.673393673411	823.9747446364404	757.5402188699001	1754.421145383688	1315.3732697836172	840.1642882109891	722.7523760894846	1981.0767433355916	350.31418848437033	362.4727308697086	137.90732909292177	275.9823442025095	930.0814707737344	312.015819470848	35.31104120273166
K05711	hcaB; 2,3-dihydroxy-2,3-dihydrophenylpropionate dehydrogenase [EC:1.3.1.87]	9.850001293559384	53.28712412714294	21.84021282992732	74.10002703150836	156.3405725029418	157.84001640778504	83.95091188364485	70.03000374172575	72.17000350942823	74.10000499829495	32.12000241418302	25.9100025002666	73.67000390911647	89.82001782006881	15.42
K05712	mhpA; 3-(3-hydroxy-phenyl)propionate hydroxylase [EC:1.14.13.127]	24.070618605957847	118.337448011405	172.99343872469257	464.6883797339938	998.38738131802	635.3003902992739	1229.2299313737385	237.8179114586488	566.5365346504408	354.68157516650734	143.51019733295422	2317.304433224813	241.6962733686552	1123.165024970512	16.529382158590707
K05713	mhpB; 2,3-dihydroxyphenylpropionate 1,2-dioxygenase [EC:1.13.11.16]	9.850348578568225	58.86460360571817	21.841404046960992	84.08861992931566	166.33318503706715	174.8287561435875	121.91039281106858	70.03247458882508	73.77000260367372	82.01291441825836	32.12113546732745	72.90351596578864	73.67260319403606	124.90116490465743	15.42054432709806
K05714	mhpC; 2-hydroxy-6-oxonona-2,4-dienedioate hydrolase [EC:3.7.1.14]	13.922093017409445	67.20461702533937	410.6486461469297	1018.8420133501546	938.9067699881282	517.3162514562354	115.3187984306621	70.19659162821837	73.92780233222743	165.13372630417751	84.91335669992915	97.00305127881956	109.28200079812228	95.43859922720114	15.41614053936977
K05715	2PGK; 2-phosphoglycerate kinase [EC:2.7.2.-]	0.0	0.0	0.0	0.0	0.0	0.0	0.0	0.0	0.0	0.0	0.0	0.0	0.0	0.0	0.1904404507484922
K05716	CPGS; cyclic 2,3-diphosphoglycerate synthetase [EC:4.6.1.-]	0.0	1.1247964809798847e-09	0.0	0.0	0.0	0.0	0.0	0.0	0.0	0.0	0.0	0.0	0.0	0.0	0.0
K05719	ITGB1, CD29; integrin beta 1	1.225585701802448e-11	5.4358332511826224e-11	1.3071457722729616e-11	2.5611062388879876e-10	1.281629141384918e-10	1.5545592235753472e-10	1.647515906790755e-10	3.545106330507493e-11	3.3250155422739054e-11	4.7356450166511966e-11	2.2873230477489538e-11	2.3688831182194677e-11	3.703701057259211e-11	1.6883662802311207e-10	0.0
K05734	PAK4; p21-activated kinase 4 [EC:2.7.11.1]	0.0	1.0877446358089396e-08	3.811137130602923e-05	0.0	0.0001007486724115	0.0	0.0001612219208876	0.0	0.0	0.0	0.0	0.0	0.0	0.0	0.0
K05739	seaA; uncharacterized protein	1394.7663541432023	1607.0278814732485	1294.5462247228484	1238.8723832135263	5179.866112171209	5161.225091033545	307.44609780873424	2575.494076778359	438.7163200872854	422.744152005594	422.63179550035306	144.1468035156435	806.8988843106752	787.1505164543811	33.45428163139439
K05740	DIAPH1; diaphanous 1	5.4159164581977e-25	0.012665069326185	0.0002110439303631	1.1317639729303962e-23	0.0005579016203289	6.86966474219024e-24	0.000892775743271	1.566597888113353e-24	1.4693388126738352e-24	2.0927021054621686e-24	1.0107779913962554e-24	1.0468197408506903e-24	1.6366815868326504e-24	7.460963938402479e-24	0.0
K05741	DIAPH2; diaphanous 2	5.4159164581977e-25	2.4021183280615417e-24	5.776333952742052e-25	1.1317639729303962e-23	5.6635748523535035e-24	6.86966474219024e-24	7.28044436354629e-24	1.566597888113353e-24	1.4693388126738352e-24	2.0927021054621686e-24	1.0107779913962554e-24	1.0468197408506903e-24	1.6366815868326504e-24	7.460963938402479e-24	0.0
K05746	ENAH, MENA; enabled	0.0	9.831235246506289e-06	0.0	0.0	0.0	0.0	0.0	0.0	0.0	0.0	0.0	0.0	0.0	0.0	0.0
K05747	WAS; Wiskott-Aldrich syndrome protein	9.918578380098937e-08	0.326359046155157	0.0004965034545594	2.072685160475666e-06	0.0013132808914166	1.2580937818433535e-06	0.0021012363941286	2.8690294732723017e-07	2.69091155539662e-07	3.832533702374293e-07	1.851114360777823e-07	0.3127848586827784	2.9973790636472485e-07	0.7459141943768663	0.0
K05748	WASF2; WAS protein family, member 2	0.0	1.4403245095823557e-12	5.046473260246864e-09	0.0	1.3340519217939662e-08	0.0	2.13480146438303e-08	0.0	0.0	1.876683376808692e-19	0.0	0.0	0.0	2.6287056464013928e-19	0.0
K05759	PFN; profilin	0.0025026685394242	0.0072505934033297	0.0004744308282228	0.0090330342098955	0.004358684561684	0.0131568751724657	0.1118299915399846	0.0098940534031376	0.0067821288182287	0.0050796626205808	0.0060772394267823	0.0126901674494533	0.0114263591722618	0.0357551234320891	0.0013373757267874
K05764	TMSB4; thymosin, beta 4	0.1081542971102376	0.3037812818015409	0.0205028080808748	0.3903679014435407	0.1883631242683605	0.568582121055653	10.703873645777383	0.4275773537448701	0.2930936972642027	0.2195206163467675	0.2626314864394685	0.5484130715219089	0.4937968513758674	1.545178748991303	0.0577954808734993
K05765	CFL; cofilin	6.943327356619732e-10	1.9519743032864477e-09	6.255282979859398e-09	2.506097493728358e-09	1.7397353812571263e-08	3.650203367866833e-09	5.6930585523471714e-08	2.744976035766593e-09	1.881613158830954e-09	1.409286123203197e-09	1.686050793382904e-09	3.520721398933191e-09	3.170094280466829e-09	9.919792523641866e-09	3.710374475726443e-10
K05770	TSPO, BZRP; translocator protein	0.0	0.0	0.0	0.0	0.0	0.0	0.0	0.0	0.0	0.0	0.0	0.0	0.0	0.0	0.0007024633590897
K05772	tupA, vupA; tungstate transport system substrate-binding protein	1067.3305040735434	2022.12717426128	1393.7426514065637	1964.7567016988608	2492.7127617010246	2468.4367895716387	3012.2377919549613	1597.2366118774837	1809.85380032628	1443.4635637488832	326.9635044192527	1038.5408054875766	239.2888289545865	884.0583988346693	91.52746803574436
K05773	tupB, vupB; tungstate transport system permease protein	1109.023697817856	2008.678282622947	1420.9214745552674	1884.2972401593336	2515.21628961492	2467.432774139369	2971.7550937728483	1471.4224130605717	1708.747614461908	1099.1118714995762	320.7962961789475	1023.2690307950392	228.56518235285864	838.4876744230044	91.44822805344889
K05774	phnN; ribose 1,5-bisphosphokinase [EC:2.7.4.23]	13.858467007428304	58.80812622997562	48.13389108522138	101.7409169123487	269.82851678501913	266.48620506418007	503.7392918407672	135.56653089433755	233.77373080652453	160.3813414294471	49.37042172013364	812.6148984352051	130.4274903875922	465.0961348419779	15.597604519971076
K05775	malM; maltose operon periplasmic protein	14.960923795789192	64.31635680367546	21.868662904991734	74.64588627553002	156.60350147871478	158.6305168531582	116.13969619435336	75.08535338835355	75.51650958621148	74.40493944523675	32.48411391940882	27.7854650589748	76.4593346809485	71.96296698677435	15.50002200353846
K05776	modF; molybdate transport system ATP-binding protein	5466.841863599136	3155.9820930716423	23568.257843940715	3240.304387604041	605.5354861103567	484.7326673856814	282.3272139657005	7745.56944741183	4410.470567973717	1160.918066051089	41.053398845841535	585.1352983876297	106.759394287469	191.2063755995921	180.88071234448267
K05777	ABC.VB1X.S; putative thiamine transport system substrate-binding protein	9.861108190751391	53.14120699868972	21.842110936915983	74.14010342431901	156.35938213006258	157.89842468376256	84.44626975052394	70.07392316516021	75.14011448325054	74.12256025003154	32.146976179112976	25.966319590619985	79.68402425712787	94.5772967923544	15.425938616295229
K05778	ABC.VB1X.P; putative thiamine transport system permease protein	9.85000000266275	53.110000099736126	21.84000000590401	74.10000002003144	156.3400000422634	157.8400000426689	83.9500000226942	70.0300000189312	75.11000001950971	74.10000002003144	32.12000000868299	25.91000000700425	79.6333005310497	94.41861462730424	15.420000004168488
K05779	ABC.VB1X.A; putative thiamine transport system ATP-binding protein	9.85	53.11	21.84	74.1	156.34	157.84	83.95	70.03	75.11	74.1	32.12	25.91	79.6333005111345	94.4186146084298	15.42
K05780	phnL; alpha-D-ribose 1-methylphosphonate 5-triphosphate synthase subunit PhnL [EC:2.7.8.37]	1211.581856988461	1468.8087883789628	732.4276530943034	1450.0191007123904	612.1492313376343	614.858526381875	736.743500324482	3675.2165126191167	691.8198957455737	465.2407012994732	162.11181663540543	812.8102269031692	1639.7554425114104	511.00014318850697	41.55009694371441
K05781	phnK; putative phosphonate transport system ATP-binding protein	1211.590561888936	1468.826956071751	732.4924080623598	1450.1112030002837	612.3237386723606	615.1799297851371	736.5633970951138	3675.252915331867	691.8304993984818	465.3124010984749	162.10864797156933	812.8306899990394	1639.8255670678498	510.9426455030624	41.55831790359831
K05782	benE; benzoate membrane transport protein	882.1050761547805	457.8801051973204	288.8507424463596	412.4963995611116	737.9522641640605	551.8393438117321	1220.4803572907963	989.225673929088	518.3016963138681	324.22360750750966	168.34516982280232	1763.3417627150025	214.54749441357828	1241.3667258661585	20.117989231761705
K05783	benD-xylL; dihydroxycyclohexadiene carboxylate dehydrogenase [EC:1.3.1.25 1.3.1.-]	4.000000000000001	13.33639798980453	15.861202708488154	40.39038346350602	178.42862899262477	95.35697157214682	183.16619214786337	16.655226293734916	23.090141401999716	23.322947908287947	26.73	72.51390850369057	7.583338897909415	167.79836888851847	0.1133009320819868
K05784	benC-xylZ; benzoate/toluate 1,2-dioxygenase reductase component [EC:1.18.1.-]	4.000000000000001	13.61266256990655	16.02721368738703	40.39038346350602	178.9266619285501	95.35697157214682	177.65640660050073	16.655226293734916	23.256152378734864	24.31901376869885	26.73	73.34396338736633	7.583338897909415	168.62842377219422	0.1261900380095333
K05785	rfaH; transcriptional antiterminator RfaH	13.75309635314753	53.57598411384217	42.023155762389415	75.72196982601464	159.03749135150989	165.76868855848633	104.48087529551312	75.816437701474	76.09192755053047	76.04258403669996	32.502726234080164	35.4093357981508	74.65879580215895	75.35313230815902	15.986438043638277
K05786	rarD; chloramphenicol-sensitive protein RarD	3074.409248277265	2064.135435150172	3063.089058881044	1324.1728665608591	3102.6810904032477	2068.6669799939946	1209.3479532665042	3792.332488001161	1110.1306705952609	1168.3520086584867	389.960279024434	1296.7729316947302	284.09081296432686	1874.26865260356	94.0273935044302
K05787	hupA; DNA-binding protein HU-alpha	329.50460173881214	204.0618683096726	2351.995171668765	200.39080730497977	397.987402573696	407.1296867064846	470.2290163129771	658.6737624415655	358.6512842744584	210.61144129279853	60.28257543918826	179.73755340629694	108.61683175544466	225.71751383846407	18.564907333736347
K05788	ihfB, himD; integration host factor subunit beta	3816.719895442443	6256.718527690696	6212.066351316285	823.0740313132147	817.345179509917	607.5462032530786	1068.261482467983	4084.574861796205	1821.2880428803803	507.5291974390471	117.00903236605392	1096.7611578461338	256.3171663383114	1245.4938512977396	152.22339690947277
K05789	wzzB; chain length determinant protein (polysaccharide antigen chain regulator)	16.515972395704736	67.58779147321926	21.830992680985997	74.07307031840497	156.27444308441684	157.7753735601125	83.9166085813521	76.00004015517624	75.07884168591931	76.71021125518712	32.10629180609557	27.399302901853453	76.46869014744122	69.79263947497492	15.413233205073276
K05790	wzzE; lipopolysaccharide biosynthesis protein WzzE	16.670005523335398	68.03175186147999	21.86866290355957	74.64588627067091	182.1035014684628	158.63051684280785	262.38375330227666	102.12275823670775	151.51650958147897	103.90493944037765	39.98411391730255	335.66981627051234	99.184477298424	209.9629669821959	15.500022002527295
K05791	terZ; tellurium resistance protein TerZ	15.741767814308336	3.5545522240256635	105.12178680542792	1.62376634388283	10.140695707174745	0.6460189999273074	19.55738538997216	20.16838245434769	14.299584267038195	5.30060303613606	0.0219572839476193	12.8239453922739	0.1857907069298554	30.88819398527413	51.03502294933329
K05792	terA; tellurite resistance protein TerA	922.8464253742889	900.0440799559667	287.7843417980441	561.324904725874	1069.7940308199686	1117.0092740794937	438.0032309475738	1181.5896954052832	392.7450467186693	390.8746104414	118.57492358352636	116.56494215661348	42.76055433747371	226.87043559131337	141.57978402991236
K05793	terB; tellurite resistance protein TerB	3.8226612324256473	2.001352269294442	24.056961900036185	126.15937623270123	13.74721535869998	0.3881890388437368	23.071983227863164	2.076254836985729	11.655270608364258	17.394056792736837	0.0292830771440055	4.160788479362118	1.2751461442138623	0.2142312849231906	0.0001779883997967
K05794	terC; tellurite resistance protein TerC	2272.8238696553817	2072.543457244886	12422.240896435333	8381.124445469695	58774.92978074776	23309.997603205848	1548.7823572789566	3792.5560915828746	2871.124149650056	1963.9659289375504	4008.83511179028	1844.15165903824	753.5736324850591	33030.73186678358	136.74694037106897
K05795	terD; tellurium resistance protein TerD	6833.8282549673495	11408.5932257823	5839.313412455547	22857.839364697043	178235.27424993645	73923.07321490183	6922.865661564503	6309.6683474749325	2983.4487982447818	1741.5424189677312	12179.34096480839	2376.8172988767687	1703.396168045073	96975.65516052447	618.8271330375997
K05796	hydN; electron transport protein HydN	1042.400699688967	1707.8884633716798	755.4875262912597	1456.8770479238694	3383.7670108989005	3453.4090814697843	432.8455327698133	3478.134213181621	497.06894864255713	472.0654995364846	329.7800427598777	142.65621944313122	1543.7416906696865	636.9800484318519	42.7590359499558
K05797	pchF; 4-cresol dehydrogenase (hydroxylating) flavoprotein subunit [EC:1.17.99.1]	2.6051434805507703	4.930367950006617	14.472772415736866	0.2541465123273345	2.750871296847267	0.7132531471919769	13.8803900550861	7.971940851819429	0.1177835277523733	13.064028205213573	0.0855910864883706	0.2272271200946388	0.2878942349407934	7.39243896689622	1.6538011204388214
K05798	leuO; LysR family transcriptional regulator, transcriptional activator for leuABCD operon	9.999747409576855	53.53060705162135	21.868387613633445	74.64049245924589	156.6008023044174	158.6272428746221	98.77028355787766	70.6220116243903	75.51580932150928	74.40394209499729	32.48363219787323	26.66931737372199	74.35369728551215	71.95941120396549	15.50002200353846
K05799	pdhR; GntR family transcriptional regulator, transcriptional repressor for pyruvate dehydrogenase complex	21537.196407018244	18214.494973736557	16929.61375754866	12796.531536288778	11260.40598572422	11145.530563937717	9604.031998463694	19062.942484056937	8023.167149543568	6057.248491926467	1135.4903734283128	4154.82843982035	3501.8885201567987	3945.2327056037097	611.3311237441767
K05800	ybaO; Lrp/AsnC family transcriptional regulator	182.09086774098876	293.11859031016854	2452.5442648529192	622.2538176897818	653.6169898061114	578.8867902626462	702.5632498441664	1085.221106599743	550.6744401300089	538.2892919814199	77.93574249362008	962.4648972009602	323.3437834316644	654.1392726755187	96.83721054704576
K05801	djlA; DnaJ like chaperone protein	3966.943515037041	1402.4027049621182	32231.81031284789	685.6541530174096	356.38350560795965	284.15903186298976	497.68792693458704	6838.17261455593	4578.7373297787135	506.3055495477181	44.34748875328753	524.5204079658043	121.27245848739766	230.17215352313087	20.045677487155192
K05802	mscK, kefA, aefA; potassium-dependent mechanosensitive channel	26.67297056601252	121.57959307709348	48.93404659910914	159.69219121630593	341.1247237854411	401.1889189685399	298.8740050136708	152.72713946127243	157.615339887257	167.96264771652676	64.97807099473589	157.85751368142317	154.84170438853872	179.73598925553412	31.004893080247403
K05803	nlpI; lipoprotein NlpI	16.67000552398131	68.03175186496267	21.868662904991734	74.64588627553002	182.1035014787148	158.6305168531582	262.38375330778166	102.12275824129998	151.5165095862115	103.90493944523676	39.98411391940882	335.6698162722114	99.18447730325492	209.96296698677432	15.50002200353846
K05804	rob; AraC family transcriptional regulator, mar-sox-rob regulon activator	68.84269856116266	78.03148486115924	30.55011580435149	85.83684884924237	163.44297832669963	205.63415156757597	281.5746239046148	162.59327219712878	81.71329961667084	78.70807434520988	35.10604982225384	32.547119628015736	87.42917555619425	88.41657104912125	16.06017602830816
K05805	creA; CreA protein	204.6008887910197	238.871295282004	1020.5786719445096	232.84063581053823	460.0587892209196	328.2856841098389	750.9239173613553	845.7514662679532	471.7918518127406	220.13694812248187	72.11663713726253	1230.1492758853642	158.42385805306674	629.170359339676	15.616561403016856
K05806	leuL; leu operon leader peptide	0.0	0.0	0.0	0.0	0.0	0.0	0.0	0.0	1.342547370554262	0.0	0.0	0.0	0.0	0.0	0.0
K05807	bamD; outer membrane protein assembly factor BamD	17507.770174012592	10969.250758908873	72697.48819773573	12805.162800040234	2075.597510413099	2247.676309764901	1404.8928355277872	27410.598562288305	17725.26834557955	3927.466333178912	89.55126506178772	2029.5801099454056	481.18722399851646	1430.482050243817	606.618713750333
K05808	yhbH; putative sigma-54 modulation protein	51870.09813298644	46220.66878737898	93231.27854869908	36013.23150138006	87755.90728854481	51153.29779691738	16915.348042333884	65454.76673828588	30306.44364651373	12285.822513730807	5523.779048392223	5621.452983289029	5610.633576579286	37834.4968543443	1474.6218140744454
K05809	raiA; ribosome-associated inhibitor A	16.67000552398131	68.03175186496267	21.868662904991734	74.64588627553002	156.60350147871478	158.6305168531582	133.38375330778163	76.62275824129998	75.51650958621148	74.40493944523675	32.48411391940882	28.16981627221141	77.18447730325491	71.96296698677435	15.50002200353846
K05810	yfiH; polyphenol oxidase [EC:1.10.3.-]	45706.8231893214	43255.6134907927	92002.5896778402	34474.34701633775	73829.845691211	38177.1390135882	17180.935625440077	53707.63933721709	29952.432432820347	12373.613797917347	5669.332263586595	6333.992323415761	5284.890281930328	37845.5174390146	1361.41251654877
K05811	yfiM; putative lipoprotein	9.85	53.11	57.78454469507104	85.09730158730159	156.34	157.84	83.95	70.03	75.11	74.1	32.12	39.4423224728488	73.67	69.82	15.446984783951985
K05812	yfiP; DTW domain-containing protein	13.366654482052612	682.1742444657478	308.5154247892188	4805.122916769313	45981.53067806235	18078.94018704772	826.3798821744377	141.6380108658484	245.4288626081733	161.03997684512046	3144.943241572553	1023.0567485427772	289.5887624342342	25960.1997571022	62.78613534638805
K05813	ugpB; sn-glycerol 3-phosphate transport system substrate-binding protein	4128.237822734367	3767.1477144721584	2228.934904501992	5963.22782620445	4357.319252841904	4652.620283404785	4386.367083288969	6616.803453793261	1771.466934362386	1249.556643892512	542.9116841606766	2495.5218744654503	2367.663470247304	1746.9726797037442	251.90875667498625
K05814	ugpA; sn-glycerol 3-phosphate transport system permease protein	5278.5504495522655	4123.626983523851	2300.450385993276	5264.156661033446	3925.7576367867377	4159.824728299887	4903.985931386389	7827.784978797652	2230.092771988945	1920.7220847786264	698.9927395095823	2890.1310573004225	2362.219452113859	1651.058039975816	254.7644483598681
K05815	ugpE; sn-glycerol 3-phosphate transport system permease protein	4593.701283378759	4147.046626375307	2314.996850838436	5302.770939553169	4135.572628351481	4235.926692348181	4724.2906611938615	7055.263329580675	2367.056761355961	1734.4304219356238	632.2707959896662	2472.9568674346515	2224.219546173984	1840.960314870671	257.8358787443501
K05816	ugpC; sn-glycerol 3-phosphate transport system ATP-binding protein [EC:3.6.3.20]	2133.299017320989	2047.4668340392675	1304.615186044526	1566.623344648688	2655.342815824505	2525.7626765070063	1207.7251657167424	3423.9791712162187	817.6173757930004	683.9704233515002	335.9450761603773	1516.501150600475	1110.5980924108626	1051.9005521975284	83.5630617835349
K05817	hcaR; LysR family transcriptional regulator, hca operon transcriptional activator	43.26932218205442	83.69090073320798	35.579484207212445	103.26569506017944	161.37353515717933	169.0235369595116	133.92029299353104	123.38550726792404	86.70886308268616	92.14209530238033	35.59217100760481	31.193932685250363	87.31378707430429	252.5278602161391	23.09724643954765
K05818	mhpR; IclR family transcriptional regulator, mhp operon transcriptional activator	9.84982920491959	53.10907909373396	21.83962130309082	74.09871513548646	156.33728912661226	160.81221494765214	83.94854434040636	70.0287857076669	73.7662012303642	76.74029689895978	32.11944305198145	25.909550731003986	73.66872259151536	69.81878934920671	15.41973614383332
K05819	mhpT; MFS transporter, AAHS family, 3-hydroxyphenylpropionic acid transporter	14.893662567563696	66.44279544932452	42.48154865049279	113.39899820733972	331.33801507692544	244.35435954447445	240.37785218027196	84.39365552106993	94.405725536254	94.41220697819442	47.45169063890611	87.63884040387953	80.91111474304567	206.3998500097628	15.420811632999134
K05820	hcaT; MFS transporter, PPP family, 3-phenylpropionic acid transporter	9148.587937295044	9052.266443736147	4511.274211472771	7769.808591659542	12421.635448264133	10578.886270761472	8609.880226521112	14511.410772018531	6790.489190513863	5828.976639019613	935.5376027509934	1543.6064331960256	1161.4547217873042	2340.3429863278066	342.0976138239794
K05822	dapH, dapD; tetrahydrodipicolinate N-acetyltransferase [EC:2.3.1.89]	2296.497639600644	6214.394870121725	16029.54075864992	2015.904725808508	3934.026126193297	2696.384036158086	3345.629556073296	10252.339379912532	875.7788309263194	1837.7332969677504	470.9034787731596	682.2272138518115	473.3094838637819	1394.6222010484043	22.328828926574857
K05823	dapL; N-acetyldiaminopimelate deacetylase [EC:3.5.1.47]	742.7079012892005	5237.104385531499	15444.272929740651	231.3225740627972	2800.6930715782146	2664.605128635484	2251.737876056136	8600.617886895523	410.726933525655	849.2988019827072	257.3537755504112	196.02343424255253	33.00789151460586	417.00987689933146	3.690225364252648
K05825	LYSN; 2-aminoadipate transaminase [EC:2.6.1.-]	14043.04117877645	17975.82732737971	14426.950437674175	8739.178592904189	22277.845248766287	20180.188540068837	6576.779296017116	25136.54205542346	5823.456210662649	4461.777159822858	979.8336200582326	1930.318589780396	2121.055188257074	3514.772995007379	523.2165407757785
K05826	lysW; alpha-aminoadipate/glutamate carrier protein LysW	0.0013524076551982	0.2468695187923971	1.142312961581099	0.0282612605397885	3.0300716028713044	0.0171542291275948	19.84438633671441	11.082597446483888	0.0036690836604974	0.0052256831679746	0.0025240121479368	0.0026140119443612	0.0040869550411992	0.0186307614294542	1.4328348325285114
K05827	lysX; [lysine-biosynthesis-protein LysW]---L-2-aminoadipate ligase [EC:6.3.2.43]	0.0013525186078931	0.2695786583515887	1.079403446493237	0.0282635791180694	2.8637690634200763	0.0171556364754033	4.578262218052577	0.0039122700859821	0.0036693846752971	0.0052261118875456	11.40252421922008	0.0026142264001641	0.004087290338529	0.018632289913251	1.4328348325285114
K05828	lysZ, argB; LysW-gamma-L-alpha-aminoadipate/LysW-L-glutamate kinase [EC:2.7.2.-]	0.0	0.2106359077766822	1.030759789777303	0.0	2.7248476461620825	0.0	4.3604065554932605	0.0	0.0	0.0	0.0	0.0	0.0	0.0	1.4328348325285114
K05829	lysY, argC; LysW-gamma-L-alpha-aminoadipyl-6-phosphate/LysW-L-glutamyl-5-phosphate reductase [EC:1.2.1.-]	2.000503607034829e-07	0.2106367950589065	1.0307600031405817	4.180452057624185e-06	2.7248497381444845	2.537481735906404e-06	4.360409244706679	5.786619402520905e-07	5.427368788639804e-07	7.729916335931839e-07	3.733560207781579e-07	3.866689384244978e-07	6.04549099547186e-07	2.7558928181284912e-06	1.500692545292717
K05830	lysJ, argD; LysW-gamma-L-lysine/LysW-L-ornithine aminotransferase [EC:2.6.1.-]	0.0	2.2500082200022596e-20	0.0	0.0	0.0	0.0	0.0	0.0	0.0	0.0	0.0	0.0	0.0	0.0	4.272629673664837
K05831	lysK, argE; LysW-gamma-L-lysine/LysW-L-ornithine carboxypeptidase	0.0013524076551982	0.1385338350270822	0.3572469082585587	0.0282612605397885	0.9547234871479956	0.0171542291275948	1.523334041744297	0.0039119491462876	0.0036690836604974	0.0052256831679746	0.0025240121479368	0.0026140119443612	0.0040869550411992	0.0186307614294542	0.0
K05832	ABC.X4.P; putative ABC transport system permease protein	29985.740935847807	38159.81947738688	32780.582036945896	24168.57477341663	72528.65641461233	36867.58947886056	17247.29429175797	41179.97163283001	11822.022387490768	8406.761735870488	5449.650344837222	5484.452382706225	6507.893137991343	36260.26879941252	801.8158402220513
K05833	ABC.X4.A; putative ABC transport system ATP-binding protein	30107.102874050983	38189.61054106973	32803.343261211994	24198.253908538696	72584.23783863793	36886.81191202475	17134.064112493812	41266.64945166011	11840.028071388357	8419.619936338187	5449.449548332323	5445.340093205925	6504.291482132199	36218.16773191574	795.8822769502333
K05834	rhtB; homoserine/homoserine lactone efflux protein	10.049315178451444	58.84918630457148	27.46691685971518	95.33685224332184	253.74348962940564	267.89931800472795	564.5964590014446	135.2903981144203	239.1873168529408	178.33841909462583	47.51524970306781	869.5063525846617	121.98141241811598	596.1085100968551	66.54242014853553
K05835	rhtC; threonine efflux protein	197.0000055259982	225.60283844244384	981.8686629094636	178.64588629070272	156.60350151072694	158.63051688547753	131.65871611789345	750.8612794479707	212.51650960098905	74.40493946040947	43.88411392598571	64.66981627751674	74.35447731833956	100.75614449288912	15.50002200669586
K05836	hutC; GntR family transcriptional regulator, histidine utilization repressor	119.4541520401919	67.56253422025937	63.5227304458348	135.16752361466538	627.2208976350481	368.2652818803042	811.133811817065	246.3225853436792	254.6539828353305	168.86270368104516	69.30334038414476	1201.35580246397	79.85270457263772	642.2881156060353	51.092464530347165
K05837	rodA, mrdB; rod shape determining protein RodA	52647.48473978457	50227.61731454682	108998.1883944288	34095.51787634118	88649.03307725352	51622.753481720254	19800.46792243473	75875.84940189947	28931.53468900081	13384.793650209938	5733.95887950725	6741.507732858523	5651.407433668899	38317.834908154655	1485.2906128868815
K05838	ybbN; putative thioredoxin	49.92927821872537	104.91372483910644	614.1728241136573	1397.9454121209951	1377.567206532095	721.470170398765	714.8586833943692	176.9590131166513	267.65154972602727	305.34737253584814	126.54014265806607	995.5465347903206	179.10957131698314	519.6132986983462	17.752315249229
K05839	hha; haemolysin expression modulating protein	10.00026376619316	53.53289736742589	21.8689384797321	74.65128105328905	156.60620268158155	158.63379287972666	98.77722414696792	70.62350576687483	75.51721078734613	74.40593775695113	32.48459605771329	26.670315506892663	74.35525827689317	71.96652367552353	15.500022203618665
K05841	E2.4.1.173; sterol 3beta-glucosyltransferase [EC:2.4.1.173]	259.364193322358	143.23327211340475	107.4869265803055	179.28563306076714	432.0519296843797	281.2933293631342	198.97977552511296	252.87857443559503	328.18952284843914	175.05201562744912	25.13939563166967	69.6274507692155	40.65594433252599	128.12371685648256	0.6667462378818833
K05842	TRIF; toll-like receptor adapter molecule 1	0.0	1.0030415120913667e-26	0.0	0.0	0.0	0.0	0.0	0.0	0.0	0.0	0.0	0.0	0.0	0.0	0.0
K05844	rimK; ribosomal protein S6--L-glutamate ligase [EC:6.3.2.-]	639.5418872292973	1402.8714822297643	471.6553654407242	538.6682298780632	631.4504915644338	647.1129726003369	493.2405956964211	527.8175006895572	733.7512303855541	554.9317760119872	50.67516175423032	177.86951023681362	223.08524755547927	144.69189217678212	43.97220836944798
K05845	opuC; osmoprotectant transport system substrate-binding protein	15290.156093916368	8135.513846304564	6426.639554160676	7991.848100346302	5330.402511074015	4873.880457119716	5174.134431019616	14734.67026954253	4940.7928384700745	3610.3923456069383	611.6565935610633	1265.3783502253514	1982.788963150844	1077.3487934449274	253.4486780860672
K05846	opuBD; osmoprotectant transport system permease protein	39657.34502235238	31692.535300988784	32006.84769094676	33759.7591154113	135132.94569726643	64633.55498124143	16937.745687794777	48072.2381457865	14288.163946628763	10423.842373808682	9949.429310327654	4942.915082823503	5932.893544862595	68434.12508173198	920.404251293074
K05847	opuA; osmoprotectant transport system ATP-binding protein	20189.029929415967	20386.367660694	23747.16709225826	17056.180131197616	81427.59553028885	39252.61749662628	10519.515165441311	28017.40859128038	8656.237084594006	6531.862918847636	6032.91997201889	2757.363827169457	2881.906805913266	41388.795455218	522.262487360745
K05849	SLC8A, NCX; solute carrier family 8 (sodium/calcium exchanger)	0.0	0.0001437315702459	0.0	0.0	0.0	0.0	0.0	0.0	0.0	0.0	0.0	0.0	0.0	0.0	0.0
K05851	cyaA; adenylate cyclase, class 1 [EC:4.6.1.1]	16.670005523335398	68.03175186147999	27.058662903559576	85.02588627067091	184.4735014684628	242.51051684280787	226.9537533022766	82.08275823670776	82.07650958147894	93.53493944037764	32.48411391730255	131.17981627051236	80.46447729842399	107.75296698219591	15.500022002527295
K05853	ATP2A; Ca2+ transporting ATPase, sarcoplasmic/endoplasmic reticulum [EC:3.6.3.8]	0.0	0.0	0.0	0.0	0.0	0.0	0.0	0.0	0.0	0.0	0.0	0.0	0.0	0.0	4.140337343166397e-09
K05863	SLC25A4S, ANT; solute carrier family 25 (mitochondrial adenine nucleotide translocator), member 4/5/6/31	0.0	3.539971341225798e-25	0.0	0.0	0.0	0.0	0.0	0.0	0.0	0.0	0.0	0.0	0.0	0.0	0.0
K05873	E4.6.1.1B, cyaB; adenylate cyclase, class 2 [EC:4.6.1.1]	77.77449557963234	812.9415074691703	494.78224405131454	6251.256549377476	57448.60191529055	22419.683111648694	555.8699654685763	173.70953167852	34.86958385735803	36.89388159096585	3898.3743535293743	304.39243929362806	228.57929953806175	32151.11352629066	61.92903439046282
K05874	tsr; methyl-accepting chemotaxis protein I, serine sensor receptor	20.090397588998947	112.33160789935364	67.0735725484103	237.7587004077509	996.5084113929012	436.3262892095646	2286.7480519503	440.71587965116674	1058.2359511658813	533.1373143281608	162.90315470857382	4184.6643480963385	355.7032355979787	2129.6884312277166	189.5523609745233
K05875	tar; methyl-accepting chemotaxis protein II, aspartate sensor receptor	60.598801421897846	100.4259305116249	75.30775923835255	190.27046693943677	710.5226358891543	406.0004151031498	1190.8557382277131	262.77340024152267	511.2823486917805	282.7902806826151	100.70341091406998	1839.9434857894184	198.42872388808075	1033.417081303515	66.58759299680767
K05876	trg; methyl-accepting chemotaxis protein III, ribose and galactose sensor receptor	15.485124411219712	59.04875959580729	25.0175419683876	75.59786005034954	156.910549570318	157.87214277758954	84.55538182364016	78.22514655139668	82.8812674169799	76.18202073975502	32.12320212601982	26.06080743298932	73.67518497705724	70.07691015547027	15.42
K05877	tap; methyl-accepting chemotaxis protein IV, peptide sensor receptor	9.996592856707382	53.51359808686015	21.861393153260924	74.61676125441055	156.55073298506576	158.57669316650862	98.74339780017284	70.59958387439544	72.55269621688085	74.38021089016195	32.473345473186164	26.661019458508985	74.33010379212188	71.9370507083973	15.495083607066654
K05878	dhaK; phosphoenolpyruvate---glycerone phosphotransferase subunit DhaK [EC:2.7.1.121]	11313.653708601872	20871.93389107818	22973.03702092945	5885.911024210888	4628.38225922723	4969.81179627646	7261.64237400766	23102.09897432952	5859.3132905272	5428.014679216321	561.7017390231542	2536.8130872525912	2180.36873218024	1976.2035357982345	563.0339128442204
K05879	dhaL; phosphoenolpyruvate---glycerone phosphotransferase subunit DhaL [EC:2.7.1.121]	10916.48945230036	19568.92970280994	22723.178728243616	5524.435351480375	4383.963506463569	4605.044015091368	7401.468932743133	21831.235530433703	5627.624706058907	5328.951177315159	550.1253634688951	2494.7347332686577	2099.509246943606	1957.3594107988845	524.3870318994495
K05880	dhaR; transcriptional activator for dhaKLM operon	10.045575928528947	53.73387001857856	21.91726591998933	75.5981709574639	157.0800439000928	159.20854164735354	99.38634177759758	70.75457433892464	74.29759477562722	74.58102281046772	32.56916242704678	26.757897392133128	74.49219035737512	72.59074466984474	15.500022001984776
K05881	dhaM; phosphoenolpyruvate---glycerone phosphotransferase subunit DhaM [EC:2.7.1.121]	113.74468018124637	101.6158603083144	112.8209883572572	100.46828717930416	288.17735029317936	272.4963187120801	247.94197174499047	169.81026612816925	112.47184053958246	95.29807184331484	37.63045446738758	33.7716419200283	93.50967283204518	76.1809857537499	15.52327755181476
K05882	E1.1.1.91; aryl-alcohol dehydrogenase (NADP+) [EC:1.1.1.91]	6.983691254409229	3.7734489595779994	10.253191104275004	27.315900140293625	69.5973417319803	4.956740337229495	79.12774054788387	14.178031544859078	29.615798967433754	18.659546847754378	0.866101821075891	23.46174441788964	2.741770124257316	30.73140856693184	0.1972550670696813
K05884	comC; L-2-hydroxycarboxylate dehydrogenase (NAD+) [EC:1.1.1.337]	251.73210317137207	345.20495657846385	170.19113260581435	279.4001047672663	69.90291421929739	68.83201373229213	104.61751475730289	1018.5306124990544	112.72236834927271	77.65312402012643	18.63928072352743	183.1176211620756	83.43189399201856	7.095291978343457	5.6130848404071205
K05886	sdh; serine 3-dehydrogenase (NADP+) [EC:1.1.1.276]	3.8619995604816433	9.569242723100082	16.47482002338009	24.88989540659388	44.82250204455946	92.3509539706416	54.74677303671469	24.04161303515382	7.179447343528549	27.705984709067423	5.171406322957136	37.2984960314532	25.712377311772457	36.22243210342052	5.23419874027778
K05887	ydiB; quinate/shikimate dehydrogenase [EC:1.1.1.282]	9.85	53.11	21.84	74.1	156.34	157.84	83.95	70.03	72.17	74.1	32.12	25.91	73.67	69.82	15.42
K05889	pvadh; polyvinyl alcohol dehydrogenase (cytochrome) [EC:1.1.2.6]	0.0005782435718725	0.8103292742717294	0.0001096176231076	0.0020870897939915	0.001007077561375	0.0030399065535693	0.0258384091748077	4.582939460801472	0.0015670162991919	0.0011736601197328	0.0014041510403434	0.4787286958797807	0.0026400694447486	1.142916627026632	0.0021201812723661
K05895	cobK-cbiJ; precorrin-6A/cobalt-precorrin-6A reductase [EC:1.3.1.54 1.3.1.106]	6792.317166854541	13347.956583251556	13983.681828758705	14235.625503407404	53728.37630652748	25759.50916795745	7878.766102319976	11654.44385516214	5604.87374473879	3723.26164700836	3906.022462404638	3333.429136979421	3057.856266609877	28664.20602812321	424.9570417875504
K05896	scpA; segregation and condensation protein A	36399.37037539685	42331.13436450657	41046.67134491391	28528.506788499424	89160.26113173677	51348.153887684326	20164.868850621413	51698.37166244399	14020.036729523295	10413.076854009549	5905.11472097057	5368.569490752341	5938.560716955963	38154.01005362967	1006.7364711499677
K05898	kstD; 3-oxosteroid 1-dehydrogenase [EC:1.3.99.4]	5.0384880096254685	14.61216536044938	19.528128072095093	3.444827142256115	19.63729863082059	13.076768224777696	27.639547692262006	16.378768401817	6.6934087355840886	12.111037925079168	1.0210032889383536	79.10103545145074	2.5360501229155874	12.380077029797164	0.0201929683531913
K05909	E1.10.3.2; laccase [EC:1.10.3.2]	3.507248684089264e-06	1.5555680022295143e-05	3.7406484776828456e-06	7.329096996597122e-05	3.667627741578575e-05	4.448669548938901e-05	4.714682936990888e-05	1.014500209519666e-05	9.515170067720182e-06	1.355195701821348e-05	6.545613854262851e-06	6.779013647856432e-06	1.0598851341222815e-05	4.831584120059987e-05	0.0
K05910	npr; NADH peroxidase [EC:1.11.1.1]	509.6066794775216	4477.077454282588	14440.51048486776	31.029794865512937	173.89213176366397	163.01870466647	1912.7744316625117	6862.5297598434245	162.00103735039505	461.3308907746119	56.0027521379738	125.99870157767351	0.0044563431183553	41.018964679029125	0.0
K05913	E1.13.11.41; 2,4'-dihydroxyacetophenone dioxygenase [EC:1.13.11.41]	0.0	0.0032894327561052	0.8669984134161295	1.7339957115708309	11.79572984419995	21.1522890449481	11.14054904256402	0.9121017904794542	5.955858561455169	8.466015205552571	0.0	94.1482361219506	0.5479292807275842	6.170152675182239	0.0
K05916	hmp, YHB1; nitric oxide dioxygenase [EC:1.14.12.17]	226.24489836863117	2174.535074145976	1817.986771902875	12355.02953200824	118057.824842686	47998.10835771048	1983.9866913666935	963.680890284433	472.1030753230585	362.9688467317133	8139.600837731166	1567.0582726355483	617.0525676299474	65156.00359717984	189.62886056136423
K05917	CYP51; sterol 14-demethylase [EC:1.14.13.70]	0.0011229914938484	0.4015055667235269	0.0002128854765061	0.00405328169574	0.0019558186032764	0.0059037218359338	0.0501800886846979	0.0044396361868848	0.0030432607646906	0.0022793341685768	0.0027269644680661	0.0056943018529042	0.0051272087989163	0.0160439542205513	0.0006001040655616
K05919	dfx; superoxide reductase [EC:1.15.1.2]	29613.22376018145	29430.856447464237	30592.74739877877	18383.754761660835	18447.730616479632	18269.99658025162	15383.190719561482	36569.79911271957	14789.685015567513	8129.170820688604	1301.4210774459507	3953.179912919457	4541.007044531645	3097.1772136952686	713.6021467841276
K05921	hpaG; 5-oxopent-3-ene-1,2,5-tricarboxylate decarboxylase / 2-hydroxyhepta-2,4-diene-1,7-dioate isomerase [EC:4.1.1.68 5.3.3.-]	8.603541570121484	39.04215079755505	33.31488529035024	104.78947130971416	534.6784487046995	212.71888967980817	1237.799159116889	177.3339469263932	501.6553710152676	233.72286134616445	77.08102571004804	2074.4623933229523	149.16440316008132	1032.07208521405	0.301867934093358
K05922	hydB; quinone-reactive Ni/Fe-hydrogenase large subunit [EC:1.12.5.1]	24.35396038448905	64.1198334481968	119.41901391558824	159.3636310324934	316.9109787012803	620.9708648875638	121.20506546801695	102.47612310022964	41.93868124855469	145.16180152338222	15.44992802634858	87.06789879326142	171.1166302805395	12.314769346639448	20.890234215139355
K05927	hydA; quinone-reactive Ni/Fe-hydrogenase small subunit [EC:1.12.5.1]	24.398649786580325	64.22646367598077	119.63855881832528	159.6545228942677	317.4927829622379	622.1117179602523	121.40265588048028	102.66430737934836	42.015532233217165	145.42839763025117	15.478146426382317	87.22784413493737	171.43105801308428	12.335943415369275	20.928659707470597
K05928	E2.1.1.95; tocopherol O-methyltransferase [EC:2.1.1.95]	2.5215470829736515	7.127067178738132	0.4780130422947546	9.101174509115625	4.3915730277147045	13.25612264338974	112.673578803314	9.96868781401009	6.833288895001951	5.117980459465124	6.123082238412602	12.785893872016182	11.512552302710192	36.024837372837645	1.4005588443877952
K05929	E2.1.1.103, NMT; phosphoethanolamine N-methyltransferase [EC:2.1.1.103]	0.1406119205992376	0.1544917091108388	0.0117774864244933	0.5316677911521329	0.1149503645874999	0.3091714534999437	0.4144525749413835	0.0473765177103591	0.1890005817213771	0.0486952649198046	0.0300180521915705	0.0425582328077628	0.051450000849829	0.2052510141526463	0.3416457466314181
K05934	E2.1.1.131, cobJ, cbiH; precorrin-3B C17-methyltransferase [EC:2.1.1.131]	12172.400364241064	18445.55351708468	14993.95739768372	14003.638455955972	53127.07177415892	25693.72976268023	8885.295804059278	16694.958924243543	6890.956659446534	4455.186453352022	3933.420280188328	3430.7166331178446	3314.3615590938216	28440.201032020028	463.94090357913217
K05936	cobM, cbiF; precorrin-4/cobalt-precorrin-4 C11-methyltransferase [EC:2.1.1.133 2.1.1.271]	11903.548771360456	17911.84418135962	15774.30951966442	16197.041053070929	54686.61096249519	26384.59887630424	9365.41528352293	16385.531728771668	6886.408174010119	4653.115409609048	4025.6914282430944	3736.599189851389	3397.8965086268927	28571.584815155133	472.3573997578424
K05937	K05937; uncharacterized protein	3769.4864016890815	5368.449928211587	14131.690480467963	1206.7449501746437	7329.619002905796	6293.313765865798	1394.365260089839	12703.482568206786	580.7831098302375	887.4191419976804	56.895996209287205	138.75844332499173	52.45331001745124	100.8917439292557	40.289864185095794
K05939	aas; acyl-[acyl-carrier-protein]-phospholipid O-acyltransferase / long-chain-fatty-acid--[acyl-carrier-protein] ligase [EC:2.3.1.40 6.2.1.20]	38.43001553757672	494.3265295581288	3000.640952136665	3085.7444340579978	444.4554499257152	583.946692115112	187.5106979804316	451.77968929810777	2272.707677051545	400.767299806164	43.34657542296197	47.211527594680064	175.97105900177647	543.8876736901326	28.8878073134266
K05941	E2.3.2.15; glutathione gamma-glutamylcysteinyltransferase [EC:2.3.2.15]	0.0697707784262041	0.1959705445730022	0.0132264451616528	0.2518279262501982	0.121513820145302	0.3667946465857038	3.1176583867298584	0.275831895775617	0.1890759401736433	0.1416136454338278	0.1694246436591959	0.3537835104248241	0.3185503639285523	0.9968011166016504	0.0372841005656091
K05946	tagA, tarA; N-acetylglucosaminyldiphosphoundecaprenol N-acetyl-beta-D-mannosaminyltransferase [EC:2.4.1.187]	28438.123680846584	23908.689876991677	48332.43118890956	23630.92889513885	65547.66926078738	31268.587942754544	9640.5544982297	39434.858245978976	14304.51709802153	6640.607131188564	4756.897921659495	2765.6819936303755	3999.671563671861	35104.23075904699	784.2584477232208
K05947	E2.4.1.217; mannosyl-3-phosphoglycerate synthase [EC:2.4.1.217]	0.5758865137638735	1.6175366859912814	0.1091707956460578	2.078582320390856	1.002972474094228	3.0275151726007	25.73308568342185	2.276710571763381	1.560628768652676	1.1688760023874276	1.3984273872732969	2.9201215328447145	2.6293078947808897	8.227575109582896	0.493638360658671
K05951	draT; NAD+---dinitrogen-reductase ADP-D-ribosyltransferase [EC:2.4.2.37]	36.75538314921084	0.0	57.58998470138678	0.0	0.0	0.0	0.0	0.0	3.397519101859636	0.0	0.0	0.0	0.0	0.0	0.0
K05952	K05952; uncharacterized protein	6.819747409576856	14.920607051621364	0.0283876136334465	0.5404924592458915	0.2608023044173628	0.7872428746221207	49.43028355787767	6.592011624390289	0.4058093215092736	0.3039420949972754	0.3636321978732279	2.25931737372199	3.5136972855121527	2.1394112039654987	0.5233349236762476
K05953	E2.5.1.43; nicotianamine synthase [EC:2.5.1.43]	0.0	0.0123485416645815	0.0	0.0	0.0	0.0	0.0	0.0	0.0	0.0	0.0	0.0	0.0	0.0	0.0
K05956	RABGGTB; geranylgeranyl transferase type-2 subunit beta [EC:2.5.1.60]	0.0	0.0	0.0	0.0	0.0	0.0	0.0	0.0	0.0	0.0	0.0	0.0	0.0	0.0	3.8318917943386655e-05
K05957	stsC; L-glutamine:scyllo-inosose aminotransferase [EC:2.6.1.50]	0.0	1.291147263929022	0.0107263259955849	0.0	0.0283553980577293	0.0	0.0453754042904713	0.0	0.0	0.0	0.0	0.0	0.0	0.0	0.0
K05962	E2.7.13.1; protein-histidine pros-kinase [EC:2.7.13.1]	0.0	0.0	1.537457421128504	0.4108709353164081	107.09924244685293	3.320217153597332	539.948325452996	110.89199317650136	305.5916860513196	129.05207742221	30.0	1240.7375485965367	88.12983204892464	563.3022520360846	0.0
K05964	citX; holo-ACP synthase [EC:2.7.7.61]	682.5995069478113	429.3609896976614	1602.0404172599651	310.76799633302426	1140.5172361044026	927.1389666125068	1090.7714710579664	1056.2188549192583	405.1466541449751	589.7284720939243	173.82733275549015	141.3734328968278	124.17397743163215	295.8705516159122	24.302927744714854
K05966	citG; triphosphoribosyl-dephospho-CoA synthase [EC:2.4.2.52]	711.0792041509103	558.2221268760388	1540.8398498717313	304.68960743787795	1039.5168759104993	808.7265645641675	1152.0626168908902	1199.9631864358312	433.6268024067852	740.9390447614594	145.21203618833954	188.27341610344865	120.7804878193316	326.2137096600199	29.31726147491129
K05967	K05967; uncharacterized protein	756.3334045665083	1784.2932622729802	494.6711910648009	326.330155254569	2325.5396677713798	2358.460162939925	171.7824000113762	938.4615231857832	172.66843200034194	265.01312868210744	189.40740795666736	78.0583688562628	71.91192728383069	406.2187262902383	21.99703200574097
K05970	SIAE; sialate O-acetylesterase [EC:3.1.1.53]	38105.02189409118	24856.365680009265	140863.94853028987	23537.93575504616	10825.489096663665	9704.56928367662	5122.663255895042	60961.98667073016	31978.45022937744	7854.398096867695	303.66656932065763	2149.272074896804	1064.4636501045425	3377.701485804042	941.6967735936462
K05972	AXE1; acetylxylan esterase [EC:3.1.1.72]	0.0	6.292076252869127e-05	0.0	0.0	0.0	0.0	0.0	0.0	0.0	0.0	0.0	0.0	0.0	0.0	0.0
K05973	phaZ; poly(3-hydroxybutyrate) depolymerase [EC:3.1.1.75]	11.344047480802162	18.347980369969356	54.07017590493531	53.571585761890816	262.2888489021097	109.38005265201464	455.0690995945257	69.01189141491625	177.5369912702369	104.97566468167778	32.13765119895504	815.9808283598644	58.68249881036298	470.3375562149444	102.00033407666584
K05977	dszB; 2'-hydroxybiphenyl-2-sulfinate desulfinase [EC:3.13.1.3]	36.963178204763615	33.83927646077122	15.196448340650376	32.25848741292913	5.567301927893056	12.369463011000564	4.394373306058158	42.76243001701299	16.080595054876788	19.955317472134038	3.840367408138227	5.844144092086463	15.090603282312475	31.76290552195104	8.491357985095872
K05978	stpA; glucosylglycerol 3-phosphatase [EC:3.1.3.69]	0.2527597586652604	0.7099457490525616	0.047915662723969	0.9123012140605348	0.4402101359225476	1.3287930626827127	11.294392856230486	0.9992607934304064	0.6849685510997258	0.5130261070746304	0.6137774725924876	1.2816574034544823	1.154017698032039	3.611127972951905	0.1350697308183566
K05979	comB; 2-phosphosulfolactate phosphatase [EC:3.1.3.71]	3770.200517566459	4566.813468534948	4859.048449807165	5127.932613977713	8586.82765918482	7753.019186775801	7081.9536009499625	7941.915001136103	4573.673860391692	3029.5606567804834	460.9560983024514	823.3350548414908	437.6838920272942	1000.853396477802	154.60263910633523
K05982	E3.1.21.7, nfi; deoxyribonuclease V [EC:3.1.21.7]	1320.3397898147414	610.0953750874237	407.448316432596	668.1213298454264	399.64461423197366	550.053493570031	464.83304539985744	1087.2384723138096	441.59383437501424	345.9363531549129	50.527740494179554	89.33550951494601	195.4974104327221	217.1120712590697	50.85096041011314
K05984	cho; excinuclease Cho [EC:3.1.25.-]	10.000005523982988	53.53175186497171	22.0346738817306	74.64588627554262	182.6015344089469	158.63051685318507	229.93189600539768	96.12275824131189	151.68252056295893	105.40910563553784	39.98411391941429	334.9998711558915	96.35447730326744	210.79302187049817	15.500022003541083
K05985	rnmV; ribonuclease M5 [EC:3.1.26.8]	21537.679132317586	26987.269782041814	33105.471008592984	18691.933375920777	83339.25949116588	45865.950930118655	9220.540477118404	39808.52975934226	6783.122431250738	5050.076637802154	5207.0864821023	2499.58749837333	4053.9165051480295	36591.0938402961	626.1029649883275
K05986	E3.1.30.1; nuclease S1 [EC:3.1.30.1]	0.0	0.0710865666063157	0.0	0.0	0.0	0.0	0.0	0.0	0.0	0.0	0.0	0.0	0.0	0.0	0.0
K05988	dexA; dextranase [EC:3.2.1.11]	6919.173276450007	4430.855954832886	22787.42612388929	4495.264869303604	4161.31584748052	2625.077270768686	484.4266216928079	9200.74842142012	5465.525147468481	2662.024613280865	375.76265205606006	569.1604157628838	214.57259152842423	1608.4427696576731	264.89769131976743
K05989	ramA; alpha-L-rhamnosidase [EC:3.2.1.40]	21240.69971763651	16773.016500145226	78675.75440434663	18253.29629388433	50947.323205555	23282.26425501028	11959.914285939038	31629.99384802124	17540.366290046342	6902.478765356795	4047.456769436325	3230.7455688430505	3166.8011002922917	26512.67686671637	502.5048592846035
K05991	E3.2.1.123; endoglycosylceramidase [EC:3.2.1.123]	43.25399464914384	56.73572744265131	4.561930988441014	41.78759230965462	70.80423048595608	79.83848221065142	30.86744264177219	51.80710305826047	0.2722846209347075	6.88283051815789	6.461909889850535	3.323907844290591	50.29533636217562	0.0150821378598458	0.0760445573866313
K05992	amyM; maltogenic alpha-amylase [EC:3.2.1.133]	1477.1539951200157	9846.634788257075	28451.067777568147	63.122005270729645	84.98148479252772	0.6802891896506474	2600.427973001386	14563.307246856124	180.14870164836935	292.20592718196855	0.0994631117447565	252.10300971108109	0.1610536091479884	82.73417772868584	0.0
K05994	E3.4.11.10; bacterial leucyl aminopeptidase [EC:3.4.11.10]	0.0006663933973726	0.0018717503219646	0.0001263281838794	0.0024052543358776	0.0011606006018695	0.0035033223964224	3.974413848416644	0.0026345206155908	0.0018058987010874	2.276161102789438	0.0016182055931355	0.0033790506679781	0.0030425324762166	23.11156125263281	30.09126793122507
K05995	pepE; dipeptidase E [EC:3.4.13.21]	8334.570793974082	6806.968230169841	16950.02182298114	2433.1148055042813	8617.179150922873	7357.842690005225	1686.6843708399774	14183.272678854084	3983.317826569943	1429.2134300692856	266.904981062972	702.5274697753825	686.8462825540888	816.8882618589599	191.99028838445463
K05996	cpt; carboxypeptidase T [EC:3.4.17.18]	0.0	0.0873231012876561	517.0476536196272	1251.96	929.734649000781	380.48	45.51023187356479	0.0	0.0	106.51	49.57	93.78	38.18	5.36	0.0
K05997	sufA; Fe-S cluster assembly protein SufA	10.000005523981311	53.53175186496268	21.868662904991734	74.64588627553002	156.60350147871478	158.6305168531582	98.77375330778165	70.62275824129998	75.51650958621148	74.40493944523675	32.48411391940882	26.66981627221141	74.3544773032549	71.96296698677435	15.50002200353846
K05998	E3.4.21.100; pseudomonalisin [EC:3.4.21.100]	4.050138754331677	13.552406674756668	14.39647960702697	38.54774946656181	170.94017468977268	72.63597072722256	126.31743362574966	10.14503042514577	19.63602650322854	17.193735404829955	15.423574466640405	43.09691109200294	6.821518541016581	51.69071124134347	0.0
K05999	E3.4.21.101; xanthomonalisin [EC:3.4.21.101]	0.0501387543316764	0.2223801302252262	0.0534753796942122	1.0477494665618026	0.5243149342368371	0.6359707272225484	0.6739993391464096	0.1450304251457702	0.1360265032285352	0.1937354048299504	0.0935744666404015	0.0969110920029373	0.1515185410165814	0.6907112413434708	0.0
K06001	trpB; tryptophan synthase beta chain [EC:4.2.1.20]	40182.65939138053	34483.48459202797	79157.61230056072	25442.5490347141	15404.791831620323	15589.622923793628	11400.067054473702	52352.71953538361	25745.83464686713	9847.611984506748	759.5214191194434	4042.929342482408	4140.507052712873	3268.2468763936213	1132.490441896229
K06006	cpxP; periplasmic protein CpxP	10.901763452504053	57.51215839063899	22.8663821588414	93.35543193349156	166.05737947546857	170.18866840443073	110.81147334058832	85.51522569106609	77.95369492250879	77.90896270225196	34.155531046497934	28.428173816569483	77.1170949127797	84.26123931106595	15.508059203051069
K06011	boNT; botulinum neurotoxin [EC:3.4.24.69]	2.5146160493979366	1.7885007314688055	0.0365191144578099	2.4589434405374773	0.6343562339185924	0.9544546643363488	1.4282982752029565	0.7126043171083682	1.9025683626460197	0.8684551555121561	0.063903364073527	0.0661819940564098	0.103474215115555	26.424474226040367	0.0
K06012	gpr; spore protease [EC:3.4.24.78]	33195.68332980431	28668.341868660515	20784.911968912245	21786.055585238217	82220.06284190429	46068.75609321972	11628.72803839569	39604.16029570275	10739.469633823071	6490.492916664196	4911.53611819426	3533.460938904849	5061.082020884836	35681.74090331826	802.0725117573081
K06013	STE24; STE24 endopeptidase [EC:3.4.24.84]	234.95881787975236	298.690438405805	1088.361460349265	367.54704352369686	629.0878533007642	549.4829312715991	892.484482418288	855.5630503390507	366.1373455080033	252.36860909344364	79.67469979383652	904.8245077920848	164.100756025927	716.7670329922677	68.44410516456918
K06015	E3.5.1.81; N-acyl-D-amino-acid deacylase [EC:3.5.1.81]	5408.791831060878	3816.8115898033793	3141.625271091634	4207.546152225745	2731.411951640238	2014.5465479001225	2530.8923685962955	7549.209408755802	1894.745947323841	1231.6841877903678	311.1665725964236	1768.050673385987	1622.9515962697074	1277.741445674989	175.7900606812619
K06016	pydC; beta-ureidopropionase / N-carbamoyl-L-amino-acid hydrolase [EC:3.5.1.6 3.5.1.87]	11462.049766861828	12618.665569787272	6326.022249859418	6190.97154204081	13361.41448848268	11277.439201598398	3107.0691233655125	17963.895693684604	3490.2056006936587	2258.5689170611654	617.55808355709	3059.069931418802	3003.889012861824	2179.183786934829	334.0631408807414
K06019	ppaX; pyrophosphatase PpaX [EC:3.6.1.1]	3445.599856059528	1759.1506671453983	8709.350277780963	4583.268848470785	729.0706963991418	995.1679607876164	936.3384711081278	3948.2450530293977	3957.901575948476	2126.453712671013	62.2750046420544	312.64187971244843	541.634931617209	928.3522559013308	51.681456011045526
K06020	E3.6.3.25; sulfate-transporting ATPase [EC:3.6.3.25]	13.214510213354544	20.151011978219763	62.3330429309525	55.047828103640384	245.32777597960447	100.72583110642783	465.590681717962	62.05553801930456	178.347297601771	106.81520857116686	31.010706769385287	787.5319176304326	51.77394090507055	412.9871046106901	51.00145077993741
K06021	E3.6.3.27; phosphate-transporting ATPase [EC:3.6.3.27]	5.107475693661195	0.0	26.894269149864467	0.0	0.0	0.0	0.0	0.0	0.0	0.0	0.0	0.0	0.0	0.0	0.0
K06022	E3.6.3.29; molybdate-transporting ATPase [EC:3.6.3.29]	0.0476309804520319	0.1337847934089407	0.0090294040736677	0.1719174030025383	0.0829548203781917	0.2504026619097006	2.128357014556004	0.1883043866227106	0.1290779981749215	0.096676530340477	0.1156624889710679	0.2415202445694271	0.217467348072041	0.6804942637931798	0.0254530378658519
K06023	hprK, ptsK; HPr kinase/phosphorylase [EC:2.7.11.- 2.7.4.-]	35788.15684717416	42005.54668737358	42801.38944684193	27562.03110643157	88329.09682254767	50802.01115669114	18580.475124897268	50885.19971029953	16013.3188126956	10461.872640800078	5756.648715123785	5308.696056072717	5581.2036477755	38244.61219190175	977.2830256278072
K06024	scpB; segregation and condensation protein B	35906.6820701024	42135.573283989484	41090.97447358886	28331.64807332688	88580.93883569309	50808.91588319446	20060.334853741	50943.55811812769	13995.266128267898	10526.212303269602	5915.923359410108	5323.165966019448	5903.866084046811	38062.0072385209	994.4664304390042
K06027	NSF, SEC18; vesicle-fusing ATPase [EC:3.6.4.6]	118.2836175116654	111.80694271770984	342.4291878477712	114.56989423908344	55.72910663317367	67.97657185600563	98.3604706142608	73.07850289742262	29.682845670807232	26.933255020565777	15.556732235015142	156.9542110450208	57.79524951302725	69.10322038589848	0.0032157492517828
K06033	E4.1.1.76; arylmalonate decarboxylase [EC:4.1.1.76]	214.4344849397758	90.37870920108514	34.45342577985933	47.06441148014909	12.52498917478524	18.87937450791484	14.023129728949502	201.91751868994191	20.913752412079376	11.555731014485666	1.4019947830970834	14.039466479285096	4.776392896598926	21.0522562431779	0.9105306715626452
K06034	comD; sulfopyruvate decarboxylase subunit alpha [EC:4.1.1.79]	5.228200887056433e-50	0.0737706664674035	0.2771522700114034	1.0925370531254998e-48	0.7326612058976533	6.63156228056948e-49	1.172432788912593	1.5122996322990876e-49	1.4184115547388236e-49	2.020169086537779e-49	9.757444436271098e-50	1.0105369866663443e-49	1.5799542312281058e-49	7.202367056827298e-49	0.0002379948039948
K06039	ychN; uncharacterized protein involved in oxidation of intracellular sulfur	33.29172372366638	91.1361876363588	46.495273812407845	121.19506383545678	227.0063881209268	304.1217402146332	346.0569489524536	113.23271350480408	95.966969731211	124.55839258858174	45.48411644735897	66.2652151895733	136.50325781875216	139.69998720951406	22.445296266284416
K06041	kdsD, kpsF; arabinose-5-phosphate isomerase [EC:5.3.1.13]	25548.832956217724	18219.390689107444	81442.08318539825	18449.40680707579	5969.173248291232	6119.34978815481	9938.853857160188	34776.24933956436	25294.899201043605	11141.47375931736	729.1235183810595	3584.2878599997	1292.8960298231664	2955.8641036937925	872.238968514692
K06042	cobH-cbiC; precorrin-8X/cobalt-precorrin-8 methylmutase [EC:5.4.99.61 5.4.99.60]	12249.556977445818	18377.88522452812	15786.133634429643	15889.256187170891	54690.913174500536	26347.63391126929	10162.795926477098	16880.50335317252	7041.818654554721	4784.327794638362	4067.702426018229	4001.0707068906895	3371.52249908279	28835.85982664287	512.569254084972
K06044	treY, glgY; (1->4)-alpha-D-glucan 1-alpha-D-glucosylmutase [EC:5.4.99.15]	69.43380825441628	58.390244574512366	307.4955524865351	175.46323098343538	323.888307844918	250.8941064322669	1170.7647128066735	254.4907744724322	236.49370569057405	126.476313936619	67.3118023385002	867.4972832805173	117.50587599849014	611.1999268647203	6.090511901065259
K06045	shc; squalene-hopene/tetraprenyl-beta-curcumene cyclase [EC:5.4.99.17 4.2.1.129]	66.14724424491224	453.2282851002156	3076.138406734516	3095.1758917028565	445.9296142105717	442.28873542857104	360.07707894915734	438.1254720105574	2270.49738901888	339.13784786394564	20.395930210306403	100.31200655803596	104.35952304565846	530.7472944813139	14.050496845093138
K06046	luxE; long-chain-fatty-acid---luciferin-component ligase [EC:6.2.1.19]	0.1542364761630019	0.688776426386781	0.1639161669030145	3.211559020565071	1.6070857760332118	1.951419231316024	2.0941711366636957	0.4468484762682376	0.418441725369954	0.5947451051043484	0.2882276113963688	0.3002082124247175	0.4671289501506021	2.125101358998376	0.0003561072271851
K06048	gshA, ybdK; glutamate---cysteine ligase / carboxylate-amine ligase [EC:6.3.2.2 6.3.-.-]	21.320159594814232	78.83285313470269	1112.4667864631367	2641.871665507922	2320.9384349104257	1022.0511671739392	728.7943106677362	147.44540955444694	255.49977755750317	390.2571504475839	175.7984353052599	1005.981947018963	206.13217974915904	525.4704884994434	120.61778730225882
K06049	bchO; magnesium chelatase accessory protein	7.34	0.0	38.65	6.0	20.45	0.0	0.0	0.0	0.0	0.0	0.0	0.5683391136716035	0.0	1.3553459625860078	0.3287435233609254
K06062	PCAF, KAT2, GCN5; histone acetyltransferase [EC:2.3.1.48]	8.283782072543751e-58	3.674101123182168e-57	8.835049804049931e-58	1.7310618030529208e-56	8.66258188998139e-57	1.050732707473829e-56	1.1135624961055377e-56	2.396151344025136e-57	2.2473911126337208e-57	3.2008411352362207e-57	1.546010664875813e-57	1.6011374380264305e-57	2.5033461450360975e-57	1.141173424550962e-56	0.0
K06066	CIR; CBF1 interacting corepressor	1.4914337767512676e-06	6.614947696989541e-06	1.5906854600525995e-06	3.11664891725511e-05	1.559633886001634e-05	1.8917666309183327e-05	2.004887024635665e-05	4.314093511141382e-06	4.046261702202497e-06	5.762878044473033e-06	2.783478011156109e-06	2.8827296944574413e-06	4.507089832772993e-06	2.0545984619119514e-05	0.0
K06067	HDAC1_2; histone deacetylase 1/2 [EC:3.5.1.98]	0.0	0.0	0.0	0.0	0.0	0.0	0.0	0.0	0.0	0.0	0.0	0.0	0.0	0.0	3.349354114871599e-05
K06073	ABC.VB12.P, btuC; vitamin B12 transport system permease protein	9.997022664864232	53.515668651995576	21.862049134114283	74.62344669580668	156.5561572965335	158.58271842847648	98.7483308689219	70.60155117286709	75.49465446513703	74.38249986547453	32.474387073228925	26.661969990004383	74.33216793967567	71.94182351231707	15.49535239058206
K06074	ABC.VB12.A, btuD; vitamin B12 transport system ATP-binding protein [EC:3.6.3.33]	10.000005523982198	53.53175186497436	21.8686629049937	74.64588627553668	156.60350147872884	158.6305168531724	98.77375330778918	70.62275824130627	75.51650958621798	74.40493944524341	32.48411391941171	26.66981627221374	74.35447730326152	71.96296698678063	15.504230511254312
K06075	slyA; MarR family transcriptional regulator, transcriptional regulator for hemolysin	10148.07587934581	3483.0402939645624	13935.33213310867	2698.4281511654444	9243.580276097357	8084.950130659825	1948.305348321357	15079.584651796697	4155.157337888095	1463.1551788800678	239.9536904587928	1510.0614808186003	695.5700580565874	934.005676568284	219.0025300368677
K06076	fadL; long-chain fatty acid transport protein	6413.7871748267335	3792.904454920841	26608.28854893271	3886.671502822287	1374.1014274864024	1633.6266584708071	1064.339392110612	9765.302498195124	4816.677110990958	1474.974412674164	100.34137637264782	1072.976230405001	358.03544824845324	972.638671590495	218.18964903962143
K06077	slyB; outer membrane lipoprotein SlyB	51.64556218684853	521.7776940495245	3043.732734929831	3165.939500509377	638.1548547426695	907.962949124424	455.4580051184869	490.5482663763424	2304.011497193036	464.87489914229735	53.481583981347946	262.8478615433627	237.6151080516451	632.8762337874005	36.21751580695049
K06078	lpp; murein lipoprotein	19.87789046412917	112.6097835594458	43.72906020450131	148.85581081972882	313.02814671137355	316.68196810794444	183.84095508707227	140.76382256468688	147.75890828777472	151.37412979248936	64.6660781099833	52.71643890467049	148.15969383321405	142.13716017717397	30.935964415482182
K06079	cutF, nlpE; copper homeostasis protein (lipoprotein)	10.022006681820775	53.58371832987982	21.97774038030968	74.78538231773067	156.8905922508319	159.19548854242987	128.39409531617116	79.36999243404274	75.55408790456843	74.53673052008841	32.49768745525519	26.74898429110969	74.51031008792685	157.97229641406122	16.858610610451247
K06080	rcsF; RcsF protein	10.00000543577648	53.531751389372985	21.868662709418796	74.64588561197897	156.60350007872057	158.6305154397318	98.77375255602576	70.62275761419498	75.51650893994321	74.4049387816857	32.48411363178048	26.66981604019241	74.3544766435544	71.96296636154986	15.50242842625942
K06106	CTTN, EMS1; cortactin	0.0	0.0250583608276364	0.0	0.0	0.0	0.0	0.0	0.0	0.0	0.0	0.0	0.0	0.0	0.0	0.0
K06113	abnA; arabinan endo-1,5-alpha-L-arabinosidase [EC:3.2.1.99]	10834.281530552838	6525.371430020689	48061.89658300344	7296.846769974859	46302.9750904133	18332.918184091912	1671.463296073614	14003.953335665925	7031.817704800367	2018.71982979626	3135.434864922342	721.3430189440818	524.4743342057213	26927.52010630828	287.64996041623806
K06118	SQD1, sqdB; UDP-sulfoquinovose synthase [EC:3.13.1.1]	2.955721199376718	8.951156093205384	0.9210709478114112	17.79233044164954	8.784996142871297	18.45678464940472	134.2470377111669	14.66511829250694	7.894352292436882	6.6820035729200296	18.23042866098045	23.526246271522425	20.63595086311645	98.42124733197986	1.3302634528764092
K06120	dhaB; glycerol dehydratase large subunit [EC:4.2.1.30]	318.31424886795514	542.0253294288663	499.6675211050224	433.1477044358255	183.4218180673917	146.04818664327442	83.3880146126451	353.4990545049906	338.0908939896609	224.8703087180726	46.91876743038045	6.8193601713117005	81.95774122157951	90.09681663890582	8.600419385536712
K06121	dhbC; glycerol dehydratase medium subunit [EC:4.2.1.30]	182.7208120345255	101.07096975037754	313.6315055954014	28.73453634985696	26.56684446470042	26.51531008985491	7.40943892343608	44.17295519871027	10.82022088403844	5.562565392375914	30.773272925592867	1.2544783173103664	20.302316565521597	84.55381020623807	0.0
K06122	dhbE; glycerol dehydratase small subunit [EC:4.2.1.30]	36.798698300982586	14.48724458169728	27.72985604027111	22.76845153652793	21.73142324522177	29.75470666331541	62.26044001856495	22.51430073570828	5.489724385824179	7.060575627980951	3.4176594303908883	1.9629687737061012	8.401640533652989	70.46231307457738	0.0
K06123	AYR1; 1-acylglycerone phosphate reductase [EC:1.1.1.101]	3.5121722332083545e-29	1.557751741153363e-28	3.745899678317884e-29	7.339385736379114e-28	3.6727764341757446e-28	4.454914684374598e-28	4.7213015075891245e-28	1.0159243861500707e-28	9.528527662639942e-29	1.35709815391554e-28	6.554802724009177e-29	6.788530169118704e-29	1.061373023059875e-28	4.83836679898608e-28	0.0
K06125	COQ2; 4-hydroxybenzoate polyprenyltransferase [EC:2.5.1.39]	0.0	0.0080419704235473	4.836302887194692e-08	0.0	1.278492687529701e-07	0.0	2.0458934295672186e-07	0.0	0.0	0.0	0.0	0.0	0.0	0.0	0.0
K06129	LYPLA3; lysophospholipase III [EC:3.1.1.5]	0.0	0.0582974640733902	0.0	0.0	0.0	0.0	0.0	0.0	0.0	0.0	0.0	0.0	0.0	0.0	0.0
K06131	clsA_B; cardiolipin synthase A/B [EC:2.7.8.-]	77907.35314925763	59866.14287699643	172998.00065163267	54784.69925618736	203799.3229245065	103358.505516236	25233.7453526906	104502.8105036991	42345.47080534643	16753.823201350457	13558.90308765146	11082.264884683438	8065.050351204096	98730.54523081672	1918.037915455349
K06132	clsC; cardiolipin synthase C [EC:2.7.8.-]	4563.680329792388	1564.6044045503245	1057.915351868003	1758.9578581397343	7596.968751508462	6620.56544772426	701.9057974450458	7074.593697513611	622.5944351500186	379.01635205310623	72.31333627229644	398.6851886781752	458.65827413930384	546.0062807452032	128.03940728922862
K06133	LYS5, acpT; 4'-phosphopantetheinyl transferase [EC:2.7.8.-]	35747.360206767145	24915.227509830816	19809.905949162152	16961.547421140014	74127.33939625835	37945.48840871238	7138.183765877697	30147.760450589456	8937.781868831757	4542.6313461112495	4400.000766749293	3093.141636914809	4084.57173285772	35098.41091457203	622.2870059789155
K06134	COQ7; ubiquinone biosynthesis monooxygenase Coq7 [EC:1.14.13.-]	12.200085220072218	19.867051970336806	60.16717414950666	63.72200480079314	276.70262753517574	206.032635395187	582.8918004560603	76.73349889473057	185.55048863720063	122.47389579275972	30.697779241547888	920.1496425666668	55.09344829458067	604.4410624428558	51.113099833648434
K06135	pqqA; pyrroloquinoline quinone biosynthesis protein A	2.0113210356871067	6.692012324121075	3.379716312650109	6.72189007313196	59.83260971641498	90.01260784314763	69.65096506939145	3.544701856749122	4.221027908108871	12.319949536147185	7.672148484850224	66.01653087619651	5.5154327953223685	22.92820139278787	0.0097342177254483
K06136	pqqB; pyrroloquinoline quinone biosynthesis protein B	4.355388255227316	15.32857207313182	536.4525202475359	1309.8511402556462	1149.5173602347877	539.9418833595682	295.57209598061206	16.826875423472917	26.995373951494507	148.7173231836669	65.62584572027325	241.06936187198644	57.586612317685095	136.7082499887012	0.6478229770993137
K06137	pqqC; pyrroloquinoline-quinone synthase [EC:1.3.3.11]	4.492425373782594	20.91292044477924	411.70629217137696	1034.0685300341345	942.8358053473384	493.8027916730131	348.1478881148664	31.20142042256192	29.6866652347043	129.57487432780695	53.72457140186061	301.9374343112341	49.91219006244109	204.960970684354	0.3286979330156121
K06138	pqqD; pyrroloquinoline quinone biosynthesis protein D	4.526218148742558	15.826779617656856	408.95045797933744	1019.9105066875952	920.3953304762208	446.8463574285184	286.05795552497096	17.500845642009427	27.46952530512018	122.77170085137564	53.84603803384344	218.84450342191968	48.93096737538976	137.98469245164654	0.3183943471327628
K06139	pqqE; pyrroloquinoline quinone biosynthesis protein E	5.085366785502965	42.11658624828302	423.380518467232	1160.754316148836	1138.7302428359008	589.5401588688225	297.5687750920537	94.0731017400272	59.86652837262834	228.1192847362836	77.58388686913509	232.21800561336823	58.48937074623993	234.46987204942664	0.6547822517179815
K06140	rnk; regulator of nucleoside diphosphate kinase	242.60828081688865	161.41502712131765	155.73398165093124	179.21353077819603	434.9672179316264	360.74586115898967	696.2372494018603	344.25622110157434	285.5105577485916	220.49594675787125	68.78390646268116	922.8086763767388	133.83290800055138	650.2211206521995	67.23963345009031
K06141	tsgA; MFS transporter, TsgA protein	11.612563187230243	55.299361978176975	28.304723020834203	74.82450797402493	156.7010748876778	158.72702626429532	98.88613468157712	71.11221925103209	75.70992422469982	74.48522691569582	32.49488842400223	26.680974966518487	74.37192370375749	72.05794593600838	15.50002200662462
K06142	hlpA, ompH; outer membrane protein	57542.66480014684	33428.2511491142	246902.83109464945	32221.43815212441	4648.543910037712	4136.282913083569	2710.944328746744	89272.025088691	54492.836795126845	11232.01270498865	127.94283863998756	3985.8401669307223	642.959874370419	2108.998354886525	1601.8701243750786
K06143	creD; inner membrane protein	3886.04112477989	2828.517116950804	9487.980984658048	2948.740355398835	818.1766214870286	703.7524613303151	667.1822654193506	5779.264842716526	3322.924450475993	1122.9822137835326	78.78521813319163	1051.081051662708	159.48127180765303	552.1121591830167	182.68265924051929
K06144	uspB; universal stress protein B	10.000005523981311	53.53175186496268	21.868662904991734	74.64588627553002	156.60350147871478	158.6305168531582	98.77375330778165	70.62275824129998	75.51650958621148	74.40493944523675	32.48411391940882	26.66981627221141	74.3544773032549	71.96296698677435	15.50002200353846
K06145	gntR; LacI family transcriptional regulator, gluconate utilization system Gnt-I transcriptional repressor	177.10738723267298	161.3959318737639	95.01869414784912	196.4910190062044	576.8806743203754	394.5512673729896	1213.7927335407198	426.0002228315736	595.3563810339766	323.815151056416	98.36519124874349	2242.2607103585665	250.4544613462235	1177.1250874665225	61.69923986328843
K06146	idnR, gntH; LacI family transcriptional regulator, gluconate utilization system Gnt-II transcriptional activator	8.582671955766745	46.27672158078902	19.030005635933577	64.56609055048892	136.2248663517333	137.53187223332216	73.14876250625566	61.01974792511119	62.88440964951128	64.56609055048892	27.98735261108912	22.57634826131131	64.19141553110012	60.83676710168874	13.436020462733325
K06147	ABCB-BAC; ATP-binding cassette, subfamily B, bacterial	323009.46448302944	323144.9966801802	462901.7577688362	233744.5960642292	847350.2323424786	471908.9179923156	154160.05406236724	439333.8706397956	159607.0935882362	92780.46587237288	54502.52871913287	40389.10128849462	45609.48072172044	367446.9298679988	8874.260069202839
K06148	ABCC-BAC; ATP-binding cassette, subfamily C, bacterial	17722.726764342762	26251.3141448144	44944.06586782974	27692.193550448814	195543.32379405052	94495.26481833402	13191.719738288106	39734.68374496621	7237.635135154704	9374.949532195584	13152.426361791297	2855.4977645692647	4333.460495280027	94537.1121422085	599.6133695349621
K06149	uspA; universal stress protein A	26.96950586711634	122.40471783316808	48.98410103725036	160.75275746955188	341.5986075662643	402.7155194555607	355.3680737313188	153.88953973138055	155.4646378154415	168.54776308046806	65.6954922345641	159.36826729186683	156.18634917753414	183.99475638147976	31.63531709213175
K06151	E1.1.99.3A; gluconate 2-dehydrogenase alpha chain [EC:1.1.99.3]	4.205438276120724	23.99326212019527	57.278906082274496	69.55389267813811	251.495566385536	198.48207661176968	416.4119326931801	137.64052982527716	108.81928427845446	76.86416995677936	268.06759160402	644.3218545385987	40.80264804307634	333.8318079601303	20.991802008466536
K06152	E1.1.99.3G; gluconate 2-dehydrogenase gamma chain [EC:1.1.99.3]	4.208527461446423	23.995472903488785	30.97704257484297	69.52768060398283	226.04875940409795	198.61269989264304	287.409287909702	120.1926255626912	32.82112158788315	47.38995063656631	93.72856556842623	336.8575387068852	18.83842514138573	195.80078650095157	20.997492223874318
K06153	bacA; undecaprenyl-diphosphatase [EC:3.6.1.27]	57926.11975031596	57068.645283549326	113251.81508783964	40975.18249845039	90757.70832912954	53421.25719588677	21636.112669251903	83413.60941297901	32643.930564222257	14735.248022175574	6024.354481931013	7710.231870551319	8080.118817882937	39202.60339034283	1648.370329121135
K06155	gntT; Gnt-I system high-affinity gluconate transporter	27.95123753791184	311.3414430847901	178.52757471601086	451.643065735355	2636.047543700175	1567.4088563048415	171.7858926808324	129.55882404417952	179.6797444358993	870.9045766886393	274.86896632295844	91.54204619208566	90.02486717545902	1046.6171043276202	41.28054493377062
K06156	gntU; Gnt-I system low-affinity gluconate transporter	1731.4531068160295	724.0473845542217	415.10457281114935	481.9084189031902	614.8750671571221	591.5481005646816	951.1126571060472	1305.8930203270531	684.6313215981106	380.9310770733304	137.1279382540608	544.5856153970466	493.81929625079295	103.598148412123	17.646171763551443
K06157	idnT; Gnt-II system L-idonate transporter	8.8200847446905	46.92194576617908	19.16827516004075	67.346004683563	137.5900471155685	139.1958261524784	74.93035382446618	61.42077585542413	63.31423345049101	65.0981240712716	28.22884997550634	22.826456802046494	64.58245519853914	62.619358072435055	13.455947778615773
K06158	ABCF3; ATP-binding cassette, subfamily F, member 3	50268.63069073638	49681.06739058391	128682.88438197724	41625.02641088866	148736.95777550346	75501.06706618512	18063.683816369183	72432.05156782255	32628.737439384862	13722.585540441987	9799.269656483732	7009.466303957093	4126.890866554028	71978.4698015372	1527.9388965432656
K06159	yojI; multidrug/microcin transport system ATP-binding/permease protein	10.024713992990138	53.59070700466308	21.99004779568187	74.80671842598466	156.92517713624724	159.26128680383388	111.88299972227055	70.72680406573127	75.55899998836428	74.55233863773857	32.49971568765232	26.758248971003493	74.52832227679669	71.9746739996064	15.52271592041028
K06160	pvdE; putative pyoverdin transport system ATP-binding/permease protein	69.35012689420495	488.98001957091054	149.0358386508851	976.5805343717052	384.8682083981663	521.0941980429097	461.104929096556	809.2914822218678	301.4137571036724	647.2031398445359	34.03428116742473	275.9441011343932	224.1383895390041	320.36510604160947	7.086400445344324
K06162	phnM; alpha-D-ribose 1-methylphosphonate 5-triphosphate diphosphatase [EC:3.6.1.63]	1256.5921254705504	1551.0044952050816	809.960283450454	1681.219969221962	760.9698151697164	793.1827562916592	867.8580883426748	3769.84773767306	775.1509835978047	562.3706195492163	189.4383816660827	888.5453454842886	1710.7652961384465	634.0191633074232	54.47335914365669
K06163	phnJ; alpha-D-ribose 1-methylphosphonate 5-phosphate C-P lyase [EC:4.7.1.1]	1211.6035777014174	1468.8773717445704	732.5568453006541	1450.1964919936104	612.4944745001154	615.5143844333684	736.6163555599669	3675.3077336763113	691.852781504613	465.390476888516	162.1166748192506	812.8770730456673	1639.9173715971087	510.947398019703	41.56953409916197
K06164	phnI; alpha-D-ribose 1-methylphosphonate 5-triphosphate synthase subunit PhnI [EC:2.7.8.37]	1211.6156404227288	1468.8818940440217	732.6171882571382	1450.265893630382	612.6321358014316	615.8154612809686	736.6737131248357	3675.352190115575	691.8633676395953	465.4558269994828	162.12041245022925	812.9036351603586	1639.9985620034347	510.9357890931451	41.57820583706671
K06165	phnH; alpha-D-ribose 1-methylphosphonate 5-triphosphate synthase subunit PhnH [EC:2.7.8.37]	711.6115436533524	814.0016643292558	439.9482491358372	909.1425268343984	460.6424423132321	444.85526181276566	619.6292656775832	2007.747533713925	495.475077897748	332.12753455245297	132.70018616899142	777.856844500852	930.8904751105888	504.3701247648653	30.546520501489148
K06166	phnG; alpha-D-ribose 1-methylphosphonate 5-triphosphate synthase subunit PhnG [EC:2.7.8.37]	1210.177268889345	1468.6724794112083	732.0763769736336	1449.5031609527384	611.6052655348309	613.7511407448443	736.3077098848515	3675.0043600863655	691.7356030618339	464.9915058090041	161.9574544043803	812.6385681363267	1639.378252310962	510.8944289639018	41.513170532274216
K06167	phnP; phosphoribosyl 1,2-cyclic phosphate phosphodiesterase [EC:3.1.4.55]	21053.177861623724	14468.895351790532	77722.45101493452	16937.965596728543	4724.858675488255	5082.172757862934	6820.5141615753	31380.64247328098	20741.294976599296	5333.567584609362	400.2445664050603	3006.669604441844	1368.1477792424885	2004.6897573564008	709.7956892097409
K06168	miaB; tRNA-2-methylthio-N6-dimethylallyladenosine synthase [EC:2.8.4.3]	53996.75632373311	46963.59111648689	97713.24468198532	40066.298185816326	87547.09154686207	50960.31118519316	19740.784998534866	69947.16456765268	31913.93477372936	12887.437815176048	5581.434060658357	7005.028446383013	6631.278057036972	38273.47189559652	1578.3806282698383
K06169	miaE; tRNA-(ms[2]io[6]A)-hydroxylase [EC:1.-.-.-]	1.5718220209701992	4.415317072100217	5.48819663174022	16.057735281969787	30.60975812930493	92.1452031227742	223.79770264661525	27.43722776908333	12.417026449517074	22.320798279240098	3.8167162664773047	111.54418528600408	10.45602251418411	240.12314888019492	1.5152637819806247
K06173	truA, PUS1; tRNA pseudouridine38-40 synthase [EC:5.4.99.12]	71071.10689854086	65130.14683898456	119687.4323740768	51564.11735370188	156190.10523010814	83938.18734028946	25618.57075960726	89969.04515016949	36101.92987694948	16626.501723985144	10362.555637843638	8392.69203143358	8303.239947758637	72194.87548545803	1894.962774832875
K06175	truC; tRNA pseudouridine65 synthase [EC:5.4.99.26]	203.67631658484356	240.04681024179973	982.8996671515988	178.68696617720855	217.8256641823756	165.93162872397457	439.4371937790468	802.6493337241495	369.0448151521216	150.6625882876322	47.48809893669958	763.0524038374665	121.22888095297944	399.5059571998942	15.825987744524474
K06176	truD, PUS7; tRNA pseudouridine13 synthase [EC:5.4.99.27]	35.18139705504939	124.52395329057369	101.0983251036577	261.10773469233897	412.691454705951	658.1172366708882	330.6127563652948	149.4441346240318	113.22379171366258	194.26213918097787	49.60115937321639	190.2235427698394	193.08688291618856	174.9596109940723	28.62114395098745
K06177	rluA; tRNA pseudouridine32 synthase / 23S rRNA pseudouridine746 synthase [EC:5.4.99.28 5.4.99.29]	6883.436055414605	2490.875090930213	46580.940088286006	4700.626439807684	2046.4365207243316	1355.5012353869363	2015.7324712717611	12213.039380093596	7337.458397382139	1267.772364249463	226.12963600255532	2205.902745092352	619.4718032877505	1297.8989757919455	113.00880935578152
K06178	rluB; 23S rRNA pseudouridine2605 synthase [EC:5.4.99.22]	40480.5914639606	42189.02358180825	111833.7786710516	40036.123471686726	87299.66641906946	49699.22668677742	19188.399300637942	71638.16769351496	29216.896791614286	12985.682196933583	5788.642704436805	5572.3418682876845	5454.151790360171	38739.36917880181	1352.6936754607823
K06179	rluC; 23S rRNA pseudouridine955/2504/2580 synthase [EC:5.4.99.24]	38074.81745674992	34761.49209099371	23161.798926415693	23804.257842543724	88676.96275123695	51011.54449994941	13690.573161039058	47180.8270829605	12097.752023420991	7434.342070764633	4931.775313049821	4892.7556137484735	5851.487686123405	36322.21167020709	988.7815384844076
K06180	rluD; 23S rRNA pseudouridine1911/1915/1917 synthase [EC:5.4.99.23]	133612.8098289103	129989.77921257303	311765.66019943974	92835.73058302396	184098.9204328198	108999.35358896643	46701.10769999161	196856.43032929127	80845.18963736885	35720.03612940226	12907.248735026678	14471.022816508508	14751.736048982284	79930.91113139973	3729.787483037644
K06181	rluE; 23S rRNA pseudouridine2457 synthase [EC:5.4.99.20]	52.36857958903784	513.5787013070108	3019.1305703890766	3125.7615242593733	580.2269451740315	713.3235234893971	1041.2865389539213	544.6177593151139	2465.5884497939546	491.127816204685	81.75394480374258	909.2387037850845	253.4380074823104	1094.045596927877	84.88176423399119
K06182	rluF; 23S rRNA pseudouridine2604 synthase [EC:5.4.99.21]	20823.92556865968	18744.69476390817	22980.09561687386	19344.503657060646	120932.3956004096	50709.32879970196	5185.347732744025	19176.37681378605	9161.026154372945	3842.487398284915	8198.531642754973	3667.665700001909	1666.57224580888	66066.75601394156	771.9448899525006
K06183	rsuA; 16S rRNA pseudouridine516 synthase [EC:5.4.99.19]	39790.29010129943	44530.34553536607	52627.179542174585	25925.531157700618	76279.43822187018	40906.03727128911	18546.25918460013	43395.61625041183	16877.809572802144	10505.520715758632	5890.727731284037	5718.3994089863245	5944.519796428807	39443.82640328784	994.9692041225436
K06184	ABCF1; ATP-binding cassette, subfamily F, member 1	6.746399433148264e-07	2.9922266807236394e-06	7.195357684195564e-07	1.4097949782586052e-05	7.054897997120411e-06	8.557277919691846e-06	9.068970340735492e-06	1.951450910647222e-06	1.8302990102296072e-06	2.6067987582541803e-06	1.2590873808389007e-06	1.3039832059436308e-06	2.038751486452292e-06	9.2938366522604e-06	0.0
K06186	bamE, smpA; outer membrane protein assembly factor BamE	207.6700055239813	258.3617518649627	1002.3086629049918	236.51588627553	425.7735014787148	338.64051685315826	749.4737533077815	826.0827582413001	396.4365095862115	197.88493944523677	62.81411391940882	955.9998162722114	131.1344773032549	624.3029669867744	66.50002200353846
K06187	recR; recombination protein RecR	54037.6431987006	53125.64287699187	113147.24903858794	39060.34881078296	90816.89730673136	53121.13878267069	20593.96099113813	78506.63234945724	31743.90979807698	14216.588511799588	5917.047373754621	6505.296625931187	6112.071777712816	39161.06462522717	1543.5450543924744
K06188	aqpZ; aquaporin Z	13731.6704988462	14898.91604986302	47697.46731179128	12105.99960416547	2961.923527852169	2934.7649560771188	5889.391550497734	20949.67381329073	13211.351639622138	4660.089010083997	363.0436806490684	2760.048957408154	762.4992070880328	2360.513800519595	664.3934129394962
K06189	corC; magnesium and cobalt transporter	207.6700055239812	258.3617518649619	1002.3086629049916	236.51588627552889	425.7735014787125	338.6405168531559	749.4737533077804	938.762758241299	396.4365095862105	197.88493944523563	69.66411391940832	979.599816272211	131.1344773032538	644.3029669867733	66.50025999834223
K06190	ispZ; intracellular septation protein	215.010005524967	258.3617524945228	1040.9586629071773	242.5158862829452	446.2235014943597	351.8405168689533	760.9737533161825	834.082758248308	396.4365095934336	195.08493945265195	64.61411392262306	983.9398162748042	139.13447731062706	710.8229669937612	66.50025999988554
K06191	nrdH; glutaredoxin-like protein NrdH	809.4241106405327	5174.202956492444	14400.961384780028	212.88839152476	1143.892304179642	1092.6274195557448	1528.5821698353748	8594.999888543322	295.4123917993543	395.3645445528215	175.2649984565984	233.9634976022528	98.3312121860653	328.55720255973347	16.921259138979273
K06192	pqiB; paraquat-inducible protein B	401.81462515909806	426.39577439314775	2027.565573367102	360.0001289878486	422.6073496508111	370.62470031092977	489.8842767809904	1588.1552867141042	453.8071447771708	154.17661771135647	65.20413390418258	556.8671982314763	134.07812683620895	332.34392337394905	40.16286965395122
K06193	phnA; protein PhnA	263.775825075447	1670.8386082718694	1192.247053134116	6723.562256208344	63007.12282632318	26917.63795934688	1170.9908091503648	501.9721373505706	307.4721358940835	1286.581579819893	4484.829595375345	656.3716058856875	444.86476154869945	34007.1217500192	144.95743285716833
K06194	nlpD; lipoprotein NlpD	953.8544108578724	2183.8980029499057	10533.691609585803	654.7357420839103	1040.2194924899636	632.8637142121786	1000.203217461644	1799.272194773897	737.7325383786334	328.5637115377364	101.13964152069686	1372.0202120877143	164.14882662431455	770.6208069646855	75.46859122047934
K06195	apaG; ApaG protein	44.156873749650586	488.1531379262936	3038.4435165992577	3116.458235678171	601.3101483589711	703.4546630992123	693.8420461956505	513.8454104337218	2447.6501888836237	482.8729356706685	66.59771810403055	952.0700844219532	227.3640282189558	1032.1993463563133	82.55407804324298
K06196	ccdA; cytochrome c-type biogenesis protein	16945.56314318109	12967.48619937994	8606.125697095627	14895.458222214234	30239.8225849754	21026.24175769766	10933.283938069046	21065.511977557	8010.389459011738	6882.711420554866	2391.067046629065	2211.335304370725	2482.2392204038347	10234.549191229458	563.4179999236708
K06197	chaB; cation transport regulator	10.467405552793483	54.819215751805366	22.3274302733269	76.63652984691355	158.33154611400818	162.69312129564662	116.39534255578076	72.48570755410009	76.70638510716	75.66711278692429	33.47723684563479	28.90989623852893	76.67293670607926	77.56742242458762	15.772586090802816
K06198	coiA; competence protein CoiA	877.6101044984441	5505.010064007803	16432.755508359027	41.7409793922208	758.4872586242028	1166.30759776686	2329.657729467916	9007.104994805813	337.4594228965571	793.984348973339	173.0670697027566	160.27134556408382	33.48240969955099	108.77262982909436	0.0083706901805188
K06199	crcB, FEX; fluoride exporter	23149.48534362466	30283.960781154885	108502.9265158616	18534.550808331645	8763.62023906964	8652.43732585696	10376.653842796391	51658.581762015005	18238.3532240264	8049.855332373137	1034.39000464299	3439.7001763345147	3972.286970926121	3263.9665817472146	632.6638156697459
K06200	cstA; carbon starvation protein	8179.19900794969	7367.877156611305	4995.438885638053	8539.76119158817	49083.65730479514	20844.14760402044	2707.2451896605758	8415.149570729976	1597.353290821212	1161.1806671891668	3432.3554719110434	1275.7164031299117	1163.1080588833436	26433.780057478696	258.62066769141785
K06201	cutC; copper homeostasis protein	23963.44069593492	21009.128280934077	63180.71487751734	20304.64448045384	69745.97167145285	33276.97038744538	8584.985881737184	34698.0310223683	13446.144698798164	5923.898425579352	5025.093963732547	3694.733005488413	2504.171932104122	35531.446314473505	750.3540559334505
K06202	cyaY; CyaY protein	207.66974740893096	258.36060704813866	1002.3083876122014	236.5104924543868	425.7708022941654	338.6372428642718	703.4702835523726	831.5585534760901	396.4358093167767	195.08394209013815	62.81363219576696	955.9993173720228	131.13369728068125	490.3094111993871	66.50002200252729
K06203	cysZ; CysZ protein	17.52987606417242	71.97584564180093	30.436885218577867	94.69881458288312	215.13128443812397	251.47557617020624	277.82666559697304	93.4472349863043	84.4068235840714	95.34062717319688	36.35363228164651	151.83658356848215	92.33952339126088	159.0209422704308	16.01848514670011
K06204	dksA; DnaK suppressor protein	344.4183393382235	332.64057430855144	1227.8096533907476	449.5325232007132	858.9344639726152	1211.822082382272	1177.5418304301047	1240.2503713707783	473.905140092873	416.20917824761295	102.145805273472	1521.5492641610308	387.9475659071833	827.9619838977665	121.18428520820672
K06205	mioC; MioC protein	16.720667076539048	68.17406463475173	27.068266814562868	85.20874210728377	184.5617343883176	242.77685165241164	229.21752931514624	82.28304369604398	82.21380031015893	93.63776712328288	32.6071355580221	131.43670350081536	80.69578124408054	108.476758426363	15.527094518178243
K06206	sfsA; sugar fermentation stimulation protein A	15188.068881160149	16240.82055596724	14119.256313216794	14034.241433501233	68605.25979323822	33182.16105804215	7028.921932547204	23759.5374268807	5946.4250545209725	3941.589393382637	4542.206485256773	2300.207361366715	3694.693538243522	34691.695261831825	496.213508946492
K06207	typA, bipA; GTP-binding protein	54188.35348606328	52113.1992573221	114242.85468580152	37867.93718377792	89971.74869413674	52219.11487034807	18633.048332317463	78290.57642753233	30823.852174054064	13429.266887802867	5805.383217656587	6615.495946965473	6096.466060535906	39071.27258970683	1515.8464534081036
K06208	aroH; chorismate mutase [EC:5.4.99.5]	924.0712665269948	3018.182770877828	2199.630084744394	5744.865237559052	2272.5351766046315	2645.677377697996	5139.653835120009	2947.357684059606	2554.7893366430403	2556.7668701137613	454.3659132880506	567.5149663602014	845.5011849789082	783.7925679772461	109.89548725249898
K06209	pheB; chorismate mutase [EC:5.4.99.5]	25262.055157006893	21343.11722413448	19115.53516539461	23829.434333943234	131183.03917121777	59567.27870359075	9119.859398470962	27759.360279234268	7927.1203026614	5544.8896544202	8554.038255978709	3195.701201711905	4035.306694076629	67635.69760874704	610.2426729304029
K06210	NMNAT; nicotinamide mononucleotide adenylyltransferase [EC:2.7.7.1 2.7.7.18]	0.0	0.0	0.0	0.0	0.0	0.0	0.0	0.0	0.0	0.0	0.0	0.0	0.0	0.0	0.0001484744563341
K06211	nadR; HTH-type transcriptional regulator, transcriptional repressor of NAD biosynthesis genes [EC:2.7.7.1 2.7.1.22]	222.3942865547798	1428.379019238144	343.4752974270577	609.5085591245976	450.4129840324122	443.8849003794257	422.28051667530633	519.615729185899	308.82356452217505	721.3485068059651	57.44576010059838	68.00899086542219	122.86362206866792	172.67258080139564	31.682371200757533
K06212	focA; formate transporter	17.039139845457708	70.00345781321177	22.676720810268037	77.43321597322782	162.39398962771742	164.48555704059672	136.5120655729079	79.21266406192895	78.18922011247938	77.14709178881053	33.67316135909838	29.129894823869662	79.90997106161103	74.5727057821192	16.068957442845605
K06213	mgtE; magnesium transporter	44881.11895691027	44451.42559936302	60513.12891931669	28954.82673561656	91946.53496044777	47515.03915781093	11779.945314216064	54992.8769326832	17146.560684275464	8116.904548407652	6170.3972670065305	4557.605732012209	3362.879379576726	42441.0440634088	1174.655626343704
K06214	csgG; curli production assembly/transport component CsgG	9.85	53.11	21.84	74.1	156.34	160.81495183044316	83.95000000005867	70.03	75.11	74.10000000003383	32.12	39.548601034571206	73.67	102.34463608942345	15.68781398829724
K06215	pdxS, pdx1; pyridoxal 5'-phosphate synthase pdxS subunit [EC:4.3.3.6]	18139.8252443287	16071.320446110682	43630.5036524929	11230.658915936643	20812.371965159964	18431.572936652123	9015.70555506447	29626.616342291127	12264.303076098256	6217.771124599321	934.8959711323004	1638.663367127965	1934.440058287766	2263.639700328413	412.9096355832655
K06216	rbsU; putative ribose uptake protein	781.5672746526294	5811.247679798916	15380.414134666546	866.1076791416455	773.1192964930701	1292.427556586145	3424.1152674559808	7642.670167700197	1098.133505354515	1391.7805939801276	137.35016458946782	298.7520948026293	77.25412071875024	173.7535694600409	23.810904964264157
K06217	phoH, phoL; phosphate starvation-inducible protein PhoH and related proteins	53901.48502281528	51643.79207760295	109620.17312955765	29493.167384801884	29515.417992182185	27436.472708304	19555.603843224024	77991.05426465163	29424.85151122669	13055.56002780052	1700.6158267991518	6198.309465129112	5596.918330718712	5326.294277608902	1472.9702557084215
K06218	relE, stbE; mRNA interferase RelE/StbE	15015.732905005783	16291.261240799417	18407.215428796517	3985.8079762662537	5604.168532638814	5072.49174645012	4059.027066890144	15110.632752431837	3167.059130276821	2173.8769149698146	464.5755222430792	884.3042071758457	1403.7896840654375	1792.0999386084573	206.55300832425417
K06219	smtA; S-adenosylmethionine-dependent methyltransferase	10.000005523981311	53.8365220703928	28.004738713116144	85.02588627553001	186.97448421438756	242.5105168531582	169.46787629335304	76.08275824129998	82.07650958621149	93.53493944523674	32.48411391940882	129.6798162722114	77.6344773032549	107.75296698677434	15.726272746608965
K06221	dkgA; 2,5-diketo-D-gluconate reductase A [EC:1.1.1.346]	8935.491862110839	11761.615336927856	4064.370913682028	4376.382306791816	13610.79460001308	6788.641682196897	3066.9188996354783	5649.867954480615	3042.421806931712	1058.280237370599	1033.0147019372664	1707.9692028941067	857.659917269389	7661.839542423346	166.28135354441906
K06222	dkgB; 2,5-diketo-D-gluconate reductase B [EC:1.1.1.346]	17.99974741021964	85.19060705485674	41.3694703105776	132.6326578588956	506.7688128589489	413.7244522335167	667.6323097046237	149.71919779009312	258.51301596950486	186.08181293733912	79.04363219963332	920.9116735397844	135.0123006114446	639.9518936556731	66.97432778997413
K06223	dam; DNA adenine methylase [EC:2.1.1.72]	74414.55026622335	64916.84211804414	73297.19214975997	42034.72514856585	162195.49588418816	76817.839493529	13746.361139224313	83310.816303225	31655.32813793544	12240.735504312794	10483.454527005635	4166.778832318889	5346.585828590956	81162.47744205706	2059.4906633710384
K06233	LRP2; low density lipoprotein-related protein 2	0.0	0.0	0.0	0.0	0.0	0.0	0.0	0.0	0.0	0.0	0.0	0.0	0.0	0.0	5.749585437061643e-06
K06238	COL6A; collagen, type VI, alpha	0.0	0.0309542107676464	0.0	0.0	0.0	0.0	0.0	0.0	0.0	0.0	0.0	0.0	0.0	0.0	0.0
K06257	SDC1, CD138; syndecan 1	177.1294668306082	70.88351794184663	27.967356177845275	36.68183564212646	12.70809719834278	14.714518154638656	15.644144701911808	164.37470919675025	16.300103776384073	9.006495678375334	1.0927099193031204	10.94230993798039	3.722703818124489	0.8201263960632249	0.708993555486531
K06261	GP1BA, CD42b; platelet glycoprotein Ib alpha chain	25.27728464766056	375.9816058379753	7259.996206017918	44.36596279843828	1.9938766772155008	8.103257593287548	53.441353683200646	58.85387207359688	83.5662445411864	25.2689473269762	3.857803726639855	6.689210459650312	8.763282933914532	154.28890215487868	5.54651793533396
K06268	PPP3R, CNB; serine/threonine-protein phosphatase 2B regulatory subunit	0.0349015039200163	0.0980305349016086	0.0066162774455153	0.1259721269196909	0.0607849756846759	0.1834820405392559	1.5595492677613008	0.137979655793298	0.0945816402798319	0.0708395307136242	0.0847514532330047	0.1769734673232709	0.159348756401424	0.4986307858861862	0.0186506616580351
K06270	PPP1R12A, MYPT1; protein phosphatase 1 regulatory subunit 12A	0.0002361553948723	0.0010474186717466	0.00025187102424	0.0049349388970943	0.002469542811397	0.0029954457428481	0.0031745619172493	0.0006830986883368	0.0006406898817338	0.000912500951372	0.0004407392128902	0.0004564548422578	0.0007136579550332	0.0032532755972172	0.0
K06274	VASP; vasodilator-stimulated phosphoprotein	0.0	2.1059170395405779e-13	7.378513631918456e-10	0.0	1.9505345184692962e-09	0.0	3.1213207509156633e-09	0.0	0.0	0.0	0.0	0.0	0.0	0.0	0.0
K06276	PDPK1; 3-phosphoinositide dependent protein kinase-1 [EC:2.7.11.1]	0.775312191170288	3.4387377256544056	0.8269075360372354	16.201697579956004	8.107655763391108	9.834226330819751	10.42227537252828	2.24265357615967	2.103422944608712	2.9957948343104253	1.4469730198846555	1.4985683647516026	2.342981464225838	10.680697060180114	0.0
K06281	hyaB, hybC; hydrogenase large subunit [EC:1.12.99.6]	8491.583099909636	8759.46633843057	23041.419504472025	20904.33040325349	104553.50213412156	42046.41786280272	1803.4948401863344	12267.55367612892	8392.078958042863	2471.135020350196	7089.5410327560585	1020.8546461912282	893.6081115120485	58374.79712444388	511.60011119923513
K06282	hyaA, hybO; hydrogenase small subunit [EC:1.12.99.6]	8572.90721664249	8236.77483667971	23104.29167874873	16294.9407711781	58931.82658813499	24455.38852914464	1456.9648215745144	12317.093277831396	8413.12876469671	2528.6129764213574	3998.043693285784	848.5357961971761	790.7561480018533	32881.25066319598	470.5984775196432
K06283	spoIIID; putative DeoR family transcriptional regulator, stage III sporulation protein D	29717.59469165864	27022.9653722808	19504.255842917195	19630.841901111893	73431.8829986353	38504.88543031025	10494.817721105535	31683.40637998083	10124.225163945455	5982.741655573797	4769.977805693059	2918.0122816745525	4750.97066281086	35263.83067048871	738.896592227028
K06284	abrB; transcriptional pleiotropic regulator of transition state genes	23093.70235638476	27248.30909049218	12718.850391950062	25988.3974817601	90239.49151014395	47800.32396167552	12214.956956721522	35687.99533278922	10536.448730068616	7883.986301095065	5509.427516541801	3858.647658810066	5806.430586929155	41935.3429617374	842.7278662342842
K06285	mtrB; transcription attenuation protein (tryptophan RNA-binding attenuator protein)	666.279069309333	2398.860573870812	1649.1723178911748	3127.393966793249	806.3020579605633	1064.331894664094	3566.141072027258	1526.5826561089232	2398.237776597395	2307.988661322639	240.3518545402516	440.35661614347134	382.7947801531357	391.4434554047383	56.45915928937756
K06286	ezrA; septation ring formation regulator	921.18916864524	5649.68740331682	16595.461707266255	660.2972485776742	1506.406080665235	1638.1656818850693	2947.185606864321	9169.732336291094	423.5039678426702	1015.9319041429274	277.10409452705136	366.8523345407433	147.76723067317704	370.520361438202	1.1038102628721744
K06287	maf; septum formation protein	52532.94618166416	45979.43802376494	97989.52093772896	37019.64704064725	86748.57044402912	49463.02475234587	17595.695005145077	68808.1126323371	30986.10670133588	12359.00792564995	5499.162173889654	6657.20730526598	5581.613952880324	38331.08169909009	1539.05071183959
K06288	gerAA; spore germination protein AA	0.0015190771250015	0.0067375540813258	0.0016201684131775	0.0317441521753352	0.0158854130604646	0.0192683004747886	0.0204204709911446	0.0043940541444391	0.0041212581405876	0.0058696915330698	0.0028350690728638	0.0029361603610397	0.0045906276041341	0.0209267992532147	0.0
K06289	gerAB; spore germination protein AB	4.141066169247417	2.951292671187992	0.0618323869117014	4.081435478101681	1.0610773228569408	1.591593393654377	2.3728355940556645	1.1777141126309438	3.136294841061134	1.4358323652820355	0.1081980653424257	0.1120561307096182	0.1751975040851885	0.7986539780210571	0.0
K06290	gerAC; spore germination protein AC	0.0016145052227334	0.0071608057772174	0.0017219470438541	0.0337383129762243	0.0168833312866669	0.0204787309595702	0.0217032805795472	0.0046700876791649	0.004380154689121	0.006238424290647	0.0030131675012511	0.0031206093223719	0.0048790098412491	0.0222414162739602	0.0
K06291	gerBA; spore germination protein BA	0.0006050018495132	0.0026833612417102	0.0006452634105028	0.0126427226512864	0.006326673033045	0.0076739733831564	0.0081328475784675	0.0017500170600258	0.0016413707746242	0.0023377181942465	0.0011291210988241	0.0011693826598137	0.0018283062427951	0.0083345026030682	0.0
K06292	gerBB; spore germination protein BB	8.089542681783695e-06	3.587950237329785e-05	8.62788420309075e-06	0.0001690471600769	8.459460343086038e-05	0.0001026094966021	0.0001087451512146	2.3399660203219755e-05	2.1946939416199662e-05	3.125787322064495e-05	1.5097595700227329e-05	1.5635937221534378e-05	2.444647301221145e-05	0.0001114415015312	0.0
K06293	gerBC; spore germination protein BC	0.0010399849232962	0.0046126391801638	0.0011091936644782	0.0217325632265975	0.0108754123219391	0.0131913921034805	0.0139801867909632	0.0030082409820772	0.0028214803979885	0.0040184863548565	0.0019409344290395	0.0020101431702215	0.0031428183718864	0.0143268273598481	0.0
K06294	gerD; spore germination protein D	1.926365046119765	5.77757046727514	1.1956747971171136	23.42699833127945	12.714639524149977	14.840260330835108	24.990187957490438	4.203979479606758	3.04146436323353	4.3317979636326776	2.092264366431673	2.166869144859036	3.387856277514005	15.443855248557258	0.0
K06295	gerKA; spore germination protein KA	20163.99749562905	25958.60788963215	19034.20657913448	21497.76711806869	13616.45515459285	14174.35800028217	12794.46735656392	35055.28884763016	12031.634042960171	10597.987631427712	979.0056990842096	2958.6808832674465	7843.019276001953	3260.454832016396	724.760386628002
K06296	gerKB; spore germination protein KB	4214.061713242743	6927.386724033697	4284.998137967198	8048.956446518206	2569.424350305076	2942.4598638531843	3396.0259186306203	13201.532619182615	3901.940259120983	4964.195163479498	425.2503273571151	648.0266442679128	5213.792014887047	754.9403401582466	198.21725277959808
K06297	gerKC; spore germination protein KC	4503.239644978217	8288.83961260041	4446.261467535436	11165.877441203003	3517.502019577628	4181.079332894849	6011.511039076919	14949.59459668984	5734.668816102149	7431.023477218205	594.3807347192528	975.27998041949	5048.58888447413	1118.8076555426865	256.07851622693966
K06298	gerM; germination protein M	20755.38252223735	17005.478257027942	8625.516624072985	8277.475322753708	5789.000803765892	6130.861199100227	9771.366188709851	17734.134643575973	8523.139862245662	5545.627732520657	738.1103886640817	2116.58362761589	2522.5080489515176	1008.7846181544916	375.54341492321066
K06299	gerPA; spore germination protein PA	0.0283046553110176	0.125539475759724	0.0301882687363497	0.5914823353439084	0.2959896727752698	0.3590223263795542	10.300490485427089	0.0818735177624462	0.0767905652696748	0.1093687692949746	0.052825265794359	0.0547088792196911	0.0855362310824928	0.3899247970207624	0.0
K06300	gerPB; spore germination protein PB	0.023320740317808	0.1034343461051327	0.0248726850091892	0.4873334719521095	0.2438714840260983	0.295805278311722	10.23349330018472	0.0674571382574022	0.0632691976579087	0.0901109955086978	0.0435237346038236	0.0450756792952048	0.0704749169675412	0.321266407764932	0.0
K06301	gerPC; spore germination protein PC	0.0314310215770224	0.1394058301722555	0.0335226878970619	0.6568140060474565	0.3286829565436888	0.3986778274835969	10.342517233504529	0.0909167864826963	0.0852724008606218	0.1214490022856633	0.0586600349218226	0.0607517012418621	0.094984061640366	0.4329936038403238	0.0
K06302	gerPD; spore germination protein PD	0.0295344443296321	0.1309939519579142	0.0314998975470527	0.6171812344372747	0.3088499194450337	0.3746212343884132	10.317022148346982	0.0854307825287251	0.0801269844157168	0.1141206558655898	0.0551204335349819	0.0570858867524025	0.0892526344982229	0.4068663646954971	0.0
K06303	gerPE; spore germination protein PE	0.0269811447423512	0.1196693169068034	0.0287766814096973	0.5638249371737052	0.2821493537242308	0.3422346341031693	10.28269895349687	0.0780451557894121	0.0731998794410872	0.1042547440417642	0.0503551845726235	0.0521507212399695	0.0815366025903735	0.3716921217180123	0.0
K06304	gerPF; spore germination protein PF	0.0362499306894887	0.1607791101880458	0.0386622849599716	0.7575147418215563	0.3790756327893343	0.4598019055251289	25.735107816769457	0.104855873056262	0.0983461073115011	0.1400691957903582	0.0676536139605966	0.0700659682310795	0.1095467305328222	0.4993788728673778	0.0
K06305	gerQ; spore germination protein Q	15.036138103835	89.48479484741482	28.858462569856066	166.31822347031712	763.2573098341661	454.853048855175	114.88169297134569	43.15740968013811	33.42471683427328	270.4094812461296	86.56819621422042	26.718882506576936	29.454583424209098	319.8020714815122	2.7780316865432826
K06306	yaaH; spore germination protein	33927.26263271347	17258.166721854064	12063.782725736455	10306.305673502042	7647.362562957499	8414.885068582174	5607.643316766656	29854.29958196333	9618.923432122392	5164.448402059688	506.629200326587	2004.5259405407555	4916.671103539753	1168.1457563178394	531.3970657611295
K06307	yfkQ; spore germination protein	9.734156230502537	796.0576847273686	370.5394996899805	5928.33904592376	57218.41512045218	22314.17735340033	490.6678983922615	22.767598726382488	12.761756459421212	4.881952033661535	3876.184216160711	254.26209970416764	213.5367473395009	32102.714718894447	59.0
K06308	yfkR; spore germination protein	1.5994856163570343	3.669080299502675	0.4706486330148975	135.82558866829007	5.18470047465231	6.389230181425507	7.498696948825952	3.817612166687562	13.342332153464229	19.156743811402208	0.8235695578271829	4.983482077834712	2.5610282618769142	6.079102259860948	0.0
K06309	yfkT; spore germination protein	0.2762170053677418	1.225103703569545	0.2945986480303604	5.772106305531207	2.8884782427270395	3.5035958135875704	3.713097414568359	0.798980155270154	0.7493770811273173	1.0672984215304662	0.5155066036007588	0.5338882462633774	0.8347235230542691	3.805164152971536	0.0
K06310	yndD; spore germination protein	5083.651865913784	7591.75967556719	3465.2373775613364	4011.060179470228	1683.7819414223345	1917.083546692652	5843.814955644462	5958.428247153728	4089.823147994842	2549.4888496202843	371.2949450246613	1660.3458757340245	839.2625151924553	538.3539124758055	150.66767542310504
K06311	yndE; spore germination protein	356.81214074724994	1531.1657834233797	709.733345641968	1579.1957138114865	731.1564623990218	749.6234296216054	2597.6049652114657	872.4075563205782	1630.366883784806	1046.2587336432648	166.18827422514337	313.4772672355152	137.07119128898535	245.6348090268059	41.80582457769429
K06312	yndF; spore germination protein	239.1064491563531	832.2132865746969	663.5601736789749	943.8393057758312	222.40883757946548	290.23911893736926	1282.0070794747355	390.3611355455306	777.8116673164736	540.0997285553162	80.86895337094013	154.0093450891753	67.97103973307546	111.32156375694171	20.902912288847144
K06313	ypeB; spore germination protein	109.59408084784047	126.32496494897003	404.56623059594415	67.53457085135553	35.382296211352795	40.78148448598042	51.62983793583742	43.26278277895745	26.79717188511146	16.694172884594323	4.851586258447037	5.024581374953267	7.855831808488262	36.77685149272169	0.0
K06314	rsfA; prespore-specific regulator	1.07477022170393	4.766922215171903	1.1462938490543997	22.459471550041386	11.239171886573764	13.632616298613442	24.36779450182969	3.108860287126363	2.9158529560870727	4.152896233182164	2.005854584891292	2.077378212241761	3.2479390062900704	14.80602946536282	8.254503229068068e-21
K06315	splA; transcriptional regulator of the spore photoproduct lyase operon	0.0304455656752344	0.1350350432492078	0.0324716520422138	0.6362209356933722	0.3183777694039917	0.3861780931990163	0.4092700630190342	0.0880662751306754	0.0825988577662063	0.1176412152630447	0.0568208685596622	0.0588469549266415	0.0920060291290805	0.4194179680215755	0.0
K06317	bofA; inhibitor of the pro-sigma K processing machinery	17915.11976520061	12264.397671150706	7986.56999806245	13522.505812666972	61288.09748404625	26889.57636573321	5802.31099843638	17239.71858247374	6215.568628193998	3849.736368803674	4340.696548480231	1074.4945485695998	3364.5150163931103	33142.56327098202	380.6974227175013
K06318	bofC; forespore regulator of the sigma-K checkpoint	0.1572498345312546	0.69744929141295	0.1677144699843149	3.2860495328054755	1.644405365669792	1.99459067054017	12.03385954772028	0.4548579369424369	0.4266189978126106	0.6076110337873364	0.293476963911272	0.3039415993643323	0.4752065706630784	2.1662729730286028	0.0
K06319	cgeA; spore maturation protein CgeA	1.4645754479770783e-05	6.495823105043653e-05	1.5620397677473894e-05	0.0003060523072046	0.0001531547382711	0.0001857698949919	0.0001968782226888	4.236403610529619e-05	3.973395022636682e-05	5.659097859514926e-05	2.73335203927273e-05	2.8308163590430404e-05	4.425924378141071e-05	0.0002017598440959	0.0
K06320	cgeB; spore maturation protein CgeB	14995.35627871806	5369.18330986898	5276.049372935493	1172.223487039859	3780.410698195002	3543.7608936334764	1377.2038001040514	6446.899162898948	2296.9366058841933	1286.200515117922	38.786580752594496	193.20947540922083	531.9377484323254	140.35276510635492	141.25747762608017
K06321	cgeC; spore maturation protein CgeC	8.08954270401062e-06	3.5879502471880794e-05	8.62788422679683e-06	0.0001690471605414	8.459460366329353e-05	0.000102609496884	0.0001087451515134	2.3399660267512916e-05	2.1946939476501303e-05	3.125787330652944e-05	1.509759574170966e-05	1.5635937264495872e-05	2.444647307938088e-05	0.0001114415018374	0.0
K06322	cgeD; spore maturation protein CgeD	0.0660804596419285	0.2930862845794907	0.0704779709193474	1.3808832561332298	0.6910217916923524	0.8381787408533014	0.8882986169633897	0.1911431044397153	0.1792763696793142	0.2553339182572825	0.123326633235471	0.1277241445128899	0.1996941281870759	0.91032409791926	0.0
K06323	cgeE; spore maturation protein CgeE	0.094397988090188	0.0685760274284372	0.0017766382270447	0.099990008278905	0.0277491905720381	0.0405753378510118	0.0585831320819371	0.0277572229342486	0.0721763861920439	0.0339585465540571	0.0031088694546783	0.0032197237618811	0.0050339732717268	0.0229478313615782	0.0
K06324	cotA; spore coat protein A, manganese oxidase [EC:1.16.3.3]	375.892619118025	1352.5172625608882	884.2528641998053	1271.3067102741984	419.4150669547403	484.163262432037	2180.404719781174	660.4403725363396	1429.534996533655	940.7025599092408	137.4897303036172	251.58440946453985	118.412514599073	180.5111890081808	35.561709715822495
K06325	cotB; spore coat protein B	25.072604998639605	0.5117916260744544	2.8907967765173006	4.504461497855624	0.4130298243155767	1.3894555065984122	0.1022235241455762	0.0893702959547137	0.0572987033351219	0.055556303721578	2.129838732122215	0.0305015523883895	1.366031138862559	0.1031209492642033	0.0
K06326	cotC; spore coat protein C	5.394155295886316e-06	2.3924666121919254e-05	5.753124632273285e-06	0.0001127216543201	5.640818598157929e-05	6.842062416594298e-05	7.251191524674612e-05	1.560303294911439e-05	1.4634350066163e-05	2.084293624545258e-05	1.00671668356381e-05	1.0426136172025068e-05	1.630105397200107e-05	7.430985771546301e-05	0.0
K06327	cotD; spore coat protein D	1.4005267103904997	2.945423644570364	0.4796405608995517	9.397654485065766	5.873202969570578	6.436727094531136	15.966827381192507	2.435714768777665	1.2200722777252309	1.7376848704930996	0.8393041792676836	0.8692316125940067	1.359026124086418	6.195245907774991	0.0
K06328	cotE; spore coat protein E	165.48081132124832	224.04268840431223	629.1915151446622	122.82760523941508	490.8979094603048	294.6194294560515	105.01893110927772	84.6872740958876	42.186472766909006	180.1836686617449	55.47794637909031	18.30142114917222	18.60979644363529	208.7955592337924	2.2561700930548403
K06329	cotF; spore coat protein F	9.645410898104796	9.54391601575368	12.043392250519489	208.68183273881732	2.728884042705997	22.001564068049245	11.197355858150988	8.488758008264384	18.95688218921585	28.326118170508124	0.4604037904628139	7.00678694793962	3.7840267655111184	8.182992354358593	0.0
K06330	cotH; spore coat protein H	296.0960254110815	103.41040347227394	70.00142197474997	98.07570278698536	106.65304113962009	118.05330436435032	120.96234254784412	193.2342329844528	262.2497622913267	132.9341113192464	35.09883281207194	47.96526172626205	66.40647890813554	34.748023356234924	1.816868297289312
K06331	cotI; spore coat protein I	1797.0490613891693	1036.3141759119292	508.4435804290931	1497.8580083904103	714.7569309842098	882.2842607670646	175.18943321167845	1244.8888671083157	524.6263097608434	1085.410428512182	74.68732151345142	136.59173232854215	361.5170540068016	133.8726112816413	30.507257689102477
K06332	cotJA; spore coat protein JA	0.4762190505833619	2.112171630429906	0.5079103956013873	9.951548714485224	4.9799553961235326	6.040464705470189	16.321661342809513	1.3775023390436631	1.2919828800122806	1.8401033647934777	0.8887724526930125	0.9204637977110376	1.4391266139435408	6.5603913771688935	0.0
K06333	cotJB; spore coat protein JB	32527.382045277227	27891.63029446333	20313.86352484183	26045.11093815996	140148.80146664337	68909.83956778818	11410.286683312552	36628.76581074401	10532.0819460037	6452.328179433513	8833.413630270441	3639.010099904817	4102.524445033831	67586.79970679877	853.8634985717529
K06334	cotJC; spore coat protein JC	43023.154958398365	38173.1771115367	23938.96241732045	31354.411825833427	149531.23701745976	77446.12806583247	15155.245498395603	50121.14724791994	13724.361260048225	8849.006220170464	9142.71402475844	5104.626603573104	5823.789632764812	68326.00693146829	1108.5423586069585
K06335	cotM; spore coat protein M	195.78175663559688	427.96928067963785	299.21849128161426	2443.5709768655024	532.0406126055707	581.7884173772936	725.8993420304458	1221.9803803647892	70.49592172030323	164.0415425120574	97.40163901051312	27.17429818066998	374.8786295701451	22.16284255897997	43.194896969539656
K06336	tasA, cotN; spore coat-associated protein N	0.0881250423984219	0.3908604963542861	0.0939895728491785	1.8415488656316528	0.9215481402687288	1.1177969626029278	1.1846369366457636	0.2549088531495007	0.2390833502768233	0.3405138598324904	0.1644686620163063	0.1703331924670628	0.2663125167191766	1.2140101651856292	0.0
K06337	cotS; spore coat-associated protein S	17.879166531249126	17.928817270962174	12.525229822458186	236.64949186660323	12.34365795964228	35.10197865702541	28.00441880701191	10.406953087511267	34.006614959823935	36.42122832300177	1.8232394001103525	8.418217778306841	5.9907704492638665	18.016060897085723	0.0
K06338	cotSA; spore coat protein SA	118.53759336846596	62.71719477202121	243.94224321672263	353.56697764257564	79.46039188097872	151.12369788515426	564.0913725334598	53.77495966241749	279.6550445299219	65.8992566487032	37.24018235119959	72.43014753788307	70.11579279112746	240.542419100468	5.714881462496019
K06339	cotT; spore coat protein T	0.0007362078006507	0.0032652982461135	0.0007852008331361	0.0153845331957743	0.0076987302482497	0.0093382178438159	0.0098966074791156	0.0021295409458657	0.0019973326842071	0.0028446960479744	0.0013739920985406	0.001422985131026	0.0022248086001839	0.0101419951622622	0.0
K06340	cotV; spore coat protein V	2.703233665831714e-05	0.0001198963681187	2.883128003664841e-05	0.0005648946945571	0.0002826846818633	0.0003428839633587	0.0003633871101531	7.81932325702482e-05	7.333876317314707e-05	0.0001044525488475	5.045072456552237e-05	5.224966794385364e-05	8.169130376957872e-05	0.000372397341309	0.0
K06341	cotW; spore coat protein W	0.0155768234982578	0.0690877961411479	0.0166134273198887	0.32550885494808	0.1628911866074837	0.1975797743691789	5.6172058072220405	0.0450572289735918	0.0422599416383487	0.0601886155054633	0.0290711839619892	0.0301077877836201	0.0470729199715623	0.2145862464688699	0.0
K06342	cotX; spore coat protein X	0.2787138215944773	1.2361778182947902	0.2972616219620241	5.824282270102632	2.914588146197361	3.5352659667978745	9.154472841188866	0.8062023992947831	0.7561509466741227	1.076946082484934	0.5201664370934362	0.5387142374609831	0.8422688631191393	3.839560281442635	0.0
K06343	cotY; spore coat protein Y	0.0016211529480746	0.0071902903953892	0.0017290371608995	0.0338772304817137	0.0169528484041453	0.0205630521353946	5.4296041634729	0.0046893167654345	0.0043981899762885	0.0062641110029984	0.0030255742185992	0.0031334584314241	0.0048990991645321	0.0223329953066611	0.0
K06344	cotZ; spore coat protein Z	0.0041052536882915	0.0182080081960299	0.0043784494179936	0.0857874795523401	0.0429297824864844	0.0520719193840519	0.0551856205806337	0.0118747802110454	0.0111375583922644	0.0158626395057129	0.0076616766695922	0.0079348723992943	0.0124060132255798	0.0565539552959238	0.0
K06345	coxA; spore cortex protein	9.487983977631488	15.546117939523045	18.269232100666564	340.63439207895703	0.56320398062528	51.29188307486928	17.448057845046	5.146585103593402	29.113366439925112	43.58597822008706	0.0587289001618583	10.43052119921308	8.866673098463275	24.053501926218622	0.0
K06346	jag; spoIIIJ-associated protein	35475.10525739254	40807.47277366756	41729.88584361211	31617.44736239073	88310.27183661812	50390.04730413901	18955.642100634526	51620.504849064666	16004.79987097772	10270.929878333973	5828.081975214849	4787.624226925636	6172.141985801742	38067.54988741693	995.931528754181
K06347	kapB; kinase-associated protein B	0.1463277443318366	0.6490066072407237	0.1560655383693683	3.0578106319249585	1.530190023047714	1.856052532935788	61.30484888011408	0.4232649026475794	0.3969873534373752	0.5654082388720393	17.25309295599899	0.282830750036521	20.44220018281148	2.015810310358665	0.0
K06348	kapD; sporulation inhibitor KapD	40.98324600482484	75.68956493772774	147.67652236004915	48.04299904920182	267.6132912863925	154.5723985039137	23.664577674850165	49.75528824624488	15.749067248905146	87.00359992085366	26.313384401997983	7.435129366543666	23.86032491362041	104.64555002017455	0.510343159492817
K06349	kbaA; KinB signaling pathway activation protein	0.6133520990392244	2.7203970556581214	6.364169351025198	12.817217801857211	6.413993920638834	7.779889741357469	72.09509732893004	1.7741708359816513	1.6640250120349978	2.3699834348555786	54.30470525435664	1.185522506342601	1.85354056786304	8.449535600846357	0.0
K06350	kipA; antagonist of KipI	16.651263620671415	19.90033385407331	51.32296118592601	29.864725154774824	20.767491313957528	24.84672762121503	44.46535214625368	19.47972517887653	6.112094488541913	6.205766716916253	8.743806466193856	2.71304645665528	4.2417764659148105	78.94881682552867	0.26399646588047
K06351	kipI; inhibitor of KinA	47.864071186162896	56.24056098388773	187.10593161826645	29.27504821984042	14.833766827094188	17.394408706858272	43.65397151258615	21.731019992996124	8.813089071570793	6.790538452812421	2.4531459119000134	2.5406188001944425	3.9722063380845167	78.05295726370049	0.1118669575628006
K06352	phrA; phosphatase RapA inhibitor	8.089542424360262e-06	3.5879501231549165e-05	8.627883928536346e-06	0.0001690471546976	8.459460073891176e-05	0.0001026094933369	0.0001087451477541	2.3399659458601544e-05	2.194693871780958e-05	3.1257872225964614e-05	1.5097595219795355e-05	1.5635936723971436e-05	2.4446472234281816e-05	0.000111441497985	0.0
K06353	phrC; phosphatase RapC regulator	1.0179605028171581e-13	4.51495439402248e-13	1.0857035665815798e-13	2.127231894817597e-12	1.0645096815919034e-12	1.2912029624386813e-12	1.3684119506367374e-12	2.9445335543947053e-13	2.761728117674785e-13	3.9333843200227424e-13	1.8998300293218622e-13	1.9675730930862842e-13	3.076260913445079e-13	1.4023419048018902e-12	0.0
K06354	phrE; phosphatase RapE regulator	1.577492465772334e-05	6.996643308031605e-05	1.682471168188556e-05	0.0003296485745506	0.0001649627856685	0.0002000925320179	0.0002120572985128	4.563025269071558e-05	4.27973903318143e-05	6.095407545431464e-05	2.9440902168692226e-05	3.0490689192854443e-05	4.767157861508076e-05	0.0002173152871	0.0
K06355	phrF; phosphatase RapF regulator	3.523202179478848e-13	1.562643846912082e-12	3.7576636435915234e-13	7.362435013281103e-12	3.684310756538827e-12	4.468905305091793e-12	4.736128713801601e-12	1.0191148878254088e-12	9.55845192067096e-13	1.361360108833339e-12	6.575388024802771e-13	6.809849488915445e-13	1.0647062557830912e-12	4.853561647725318e-12	0.0
K06356	phrG; phosphatase RapG regulator	8.74777987426533e-06	3.8798978027097145e-05	9.329925653182571e-06	0.0001828023416024	9.147797328893856e-05	0.0001109587185077	0.0001175936245891	2.5303664822896917e-05	2.3732737742897977e-05	3.380129199239281e-05	1.6326070460527277e-05	1.6908216239444517e-05	2.6435655639045435e-05	0.000120509373966	0.0
K06357	phrI; phosphatase RapI regulator	3.046744710373718e-17	1.351320938238539e-16	3.249498963232813e-17	6.366781918686969e-16	3.186065896030436e-16	3.8645564193717335e-16	4.0956420810793647e-16	8.812956894243445e-17	8.265822210910831e-17	1.177257647789969e-16	5.686170609200148e-17	5.888924862059242e-17	9.207215446797821e-17	4.19719406476617e-16	0.0
K06358	phrK; phosphatase RapK regulator	1.144332100536948e-05	5.075449618371168e-05	1.2204849200616883e-05	0.0002391310601726	0.0001196659984947	0.0001451495410812	0.0001538289273049	3.310073679751832e-05	3.104574420387292e-05	4.421682303678914e-05	2.1356786261358013e-05	2.2118314456605416e-05	3.458153929489553e-05	0.000157643135775	0.0
K06359	rapA, spo0L; response regulator aspartate phosphatase A (stage 0 sporulation protein L) [EC:3.1.-.-]	3.484181948578757e-05	0.0001545337226225	3.716046700950012e-05	0.0007280894443205	0.0003643506213085	0.000441941120626	0.0004683675057561	0.000100782796865	9.452589985422264e-05	0.0001346282749352	6.502564171411693e-05	6.734428923782946e-05	0.0001052914402285	0.0004799807396185	0.0
K06360	rapB; response regulator aspartate phosphatase B [EC:3.1.-.-]	0.0059504736090757	0.026392101553509	0.0063464647226921	0.1243470371931512	0.0622257617008545	0.0754770851195964	0.0799903255192444	0.0172122289204492	0.0161436423458355	0.0229925419757196	0.0111054293559755	0.011501420469592	0.0179822393201183	0.0819736961535477	0.0
K06361	rapC; response regulator aspartate phosphatase C [EC:3.1.-.-]	0.0241385473719678	0.1070615610534761	0.0257449153491873	0.50442318461386	0.2524235204206146	0.3061785186104569	0.3244868204944973	0.0698227116812541	0.0654879092189728	0.0932709898647996	0.0450500162182715	0.046656384195491	0.0729463172512349	0.3325325138556592	0.0
K06362	rapD; response regulator aspartate phosphatase D [EC:3.1.-.-]	2.9434995992802904e-05	0.0001305528693185	3.139383113908569e-05	0.0006151030627066	0.0003078099604576	0.0003733598103275	0.0003956852959621	8.514312012540781e-05	7.985718095348305e-05	0.0001137363889636	5.493483209351986e-05	5.689366723980265e-05	8.895210316066284e-05	0.00040549636488	0.0
K06363	rapE; response regulator aspartate phosphatase E [EC:3.1.-.-]	1.847081891466393e-05	8.19235174539326e-05	1.9700011854914888e-05	0.0003859846723908	0.0001931545036096	0.0002342878337153	0.0002482973481871	5.342834611054191e-05	5.011135482362536e-05	7.137097097171779e-05	3.4472277011859426e-05	3.570146995211038e-05	5.581852941175327e-05	0.0002544539135689	1.7122364031867385e-06
K06364	rapF; response regulator aspartate phosphatase F [EC:3.1.-.-]	1.1066526925231392e-05	4.908330355585124e-05	1.180298029161637e-05	0.0002312571949015	0.0001157257577372	0.0001403702040523	0.0001487638042401	3.2010829272625666e-05	3.0023501393065437e-05	4.2760896286595e-05	2.0653571641207254e-05	2.1390025007592223e-05	3.3442873405660644e-05	0.0001524524223181	0.0
K06365	rapG; response regulator aspartate phosphatase G [EC:3.1.-.-]	0.0202611964261567	0.089864368587255	0.0216095351069229	0.4233981882951919	0.2118769804583771	0.2569973665540594	0.2723648240479042	0.0586071586902376	0.0549686512521774	0.078288963183731	0.0378136767525599	0.0391620154333261	0.0612290225926519	0.2791181456568294	0.0
K06366	rapH; response regulator aspartate phosphatase H [EC:3.1.-.-]	3.860409051211792e-05	0.0001712205017803	4.117310901322144e-05	0.0008067096157516	0.000403693738465	0.0004896625742703	0.0005189425194204	0.0001116654718284	0.0001047329458554	0.0001491656345102	7.204720635684041e-05	7.461622485794392e-05	0.0001166609651483	0.0005318097673936	0.0
K06367	rapI; response regulator aspartate phosphatase I [EC:3.1.-.-]	0.0035662800822647	0.0158175016448827	0.0038036082873827	0.0745245489962678	0.0372935852062331	0.045235462420818	0.0479403696939446	0.0103157552159805	0.0096753223248224	0.0137800534672701	0.0066557847524619	0.0068931129575799	0.0107772433145563	0.049129057461264	0.0
K06368	rapJ; response regulator aspartate phosphatase J [EC:3.1.-.-]	0.0005530298613286	0.0024528501798658	0.0005898327992186	0.0115566640999246	0.0057831874612477	0.0070147495240574	0.0074342046592844	0.0015996838568469	0.0015003707056593	0.002136899200936	0.0010321252492176	0.0010689281871075	0.0016712476973959	0.007618536740882	0.0
K06369	rapK; response regulator aspartate phosphatase K [EC:3.1.-.-]	2.8280491629145644e-05	0.0001254323027197	3.016249701385409e-05	0.0005909773869236	0.0002957369864163	0.0003587158290495	0.0003801656607314	8.180362234717773e-05	7.672500917052424e-05	0.0001092754011857	5.278016886936808e-05	5.466217425407653e-05	8.546320880917098e-05	0.0003895919182541	0.0
K06370	safA; morphogenetic protein associated with SpoVID	0.3618245145805939	1.4935385755985224	0.3513606344831747	6.884250648722499	3.4848855135730497	4.203603252334524	14.348520878161406	0.9915812836067812	0.8937637984846063	1.2729408402892228	0.61483217432404	0.6367555119631017	0.9955544217166724	4.538326635371814	0.0
K06371	sda; developmental checkpoint coupling sporulation initiation to replication initiation	0.3130637089135256	1.3885296769927613	0.3338974197859647	6.542091808746342	3.2737944956728464	3.970967314178704	14.128415939541387	0.905562242354218	0.8493422339445453	1.2096735388070403	0.5842739808065266	0.6051076916789656	0.946073691939508	4.312764165870525	0.0
K06372	sinI; antagonist of SinR	0.007360139287186	0.0326443836704216	0.0078499405944735	0.1538048185432854	0.0769670287539813	0.0933575873059485	0.0989400132034939	0.0212898015553279	0.0199680670941284	0.028439469296975	0.0137363027338392	0.0142261040411267	0.0222422272220014	0.1013932438344679	0.0
K06373	spmA; spore maturation protein A	45437.11902115122	29095.92180372317	14961.264583479737	20731.57866401692	83349.13835687013	47192.15393307232	11423.271045509086	43249.65971098848	11917.130447639767	6976.733719325284	4865.9952240111015	2839.3379383993165	4456.9655649822525	34727.174509966026	852.8203286725516
K06374	spmB; spore maturation protein B	33391.2100675728	27172.42277411262	13069.74378737385	20273.759906178297	81534.086877896	45201.37993094793	10613.773354060768	38084.64928726487	9911.188419588483	6244.1965776384695	4870.590397432716	2927.5310840523034	4241.716937934337	34656.3573691143	768.5037354176758
K06375	spo0B; stage 0 sporulation protein B (sporulation initiation phosphotransferase) [EC:2.7.-.-]	0.2121548397675055	0.9409691470057782	0.2262732842440121	4.433399336657914	2.2185623145896574	2.691017547787018	12.77193008294372	0.6136751305122671	0.5755763457081283	0.8197631615853869	0.3959467330420291	0.4100651775185356	0.6411286482813625	2.9226440641768368	0.0
K06376	spo0E; stage 0 sporulation regulatory protein	0.3252307317390964	0.6075428225953369	0.087648778770408	1.71731293403846	1.1585674041234009	1.2296240838267585	1.1047180834615928	0.5278154167026007	0.2229541324730493	0.3175418619744946	0.1533731554974104	0.1588420486574581	0.2483463447500252	1.1321097135330978	0.0
K06377	spo0M; sporulation-control protein	88.83592794437217	256.4217269297494	347.55217070803167	276.4084084182446	1438.7681967484675	1457.4924391874265	191.20495564271363	78.24208675196141	40.88718284827464	83.28547673603595	133.4374530199051	22.7422175040442	32.155817481493806	368.5748700584895	2.317858202350916
K06378	spoIIAA; stage II sporulation protein AA (anti-sigma F factor antagonist)	33891.981829626005	28876.7762604153	24028.094128684395	23125.517012323173	82184.1807558502	46046.89941424003	13124.561063408408	39586.97779772649	11318.197156204184	6759.747969245705	4972.016275034525	4407.531890372527	5263.122809434439	36120.53237717614	810.6159575179809
K06379	spoIIAB; stage II sporulation protein AB (anti-sigma F factor) [EC:2.7.11.1]	33735.54229740921	29880.98217621801	20977.650131423718	22015.8121666238	82243.060530285	46041.11979936839	11777.264520671451	38904.05830658053	10791.592364382726	6582.100591889417	4909.483886037346	3483.038443836105	5000.028149948461	35708.131962835134	803.7106628646277
K06380	spoIIB; stage II sporulation protein B	0.0469897451957077	0.2084133480210917	0.0501168108296467	0.981944627841968	0.4913848676636931	0.5960280190933356	10.551668210163664	0.1359216600823976	0.1274832375030473	0.1815676801242847	0.0876974388946631	0.0908245045286021	0.1420022840554781	0.6473305064542392	0.0
K06381	spoIID; stage II sporulation protein D	48716.51028980117	33476.52577434367	27683.96066814392	29751.35114459733	86975.52271495177	51162.46087409368	19188.938647720053	56761.632350319735	16343.527987776164	10537.088158590388	5469.5071887357935	5180.387028187678	8011.3384174231105	37204.75654870563	1112.2906383728305
K06382	spoIIE; stage II sporulation protein E [EC:3.1.3.16]	28781.18251479831	23894.932819387475	10966.378387244791	16091.344868234262	72029.1356073186	36710.21163771322	8168.407716102191	29248.91232746324	8510.808365701472	5326.361118577937	4704.310947259615	2360.621724475783	3430.0480535844786	34535.078388688715	679.4448729683443
K06383	spoIIGA; stage II sporulation protein GA (sporulation sigma-E factor processing peptidase) [EC:3.4.23.-]	23717.583234169604	23564.98067659323	17442.204696281686	19791.5486409486	79595.17022278848	43688.50576884408	9520.984161229684	31719.66650472451	8861.04988767597	5388.74258162406	4771.105327041694	2764.190042970077	4178.427657613029	35225.7304496844	736.9627631250378
K06384	spoIIM; stage II sporulation protein M	9191.28511337192	13475.877887958206	5162.16122267105	11826.619132873082	61776.85839958981	27015.46194562448	5567.302471814342	10991.431705297564	4809.715322711278	3584.3117577480416	4480.782959749315	1396.1985148775173	1759.4958719067286	33359.101533890665	298.4574229119434
K06385	spoIIP; stage II sporulation protein P	28648.584475824893	25601.73528182936	20453.07310117117	23307.364218230046	82642.90397401647	46551.12463704787	16430.708963948564	37460.14993921446	12763.72792554611	8479.094878198404	5206.712637017899	3697.857029762406	4968.219701562574	35949.72594518639	830.4657931136106
K06386	spoIIQ; stage II sporulation protein Q	13.63488401380389	65.25266019227021	49.84748228932418	104.94445640056944	518.8778303956096	301.20707290037234	126.5322596211526	50.037834814736605	31.88078012009137	188.85727462950425	57.19871133906646	24.772974038766584	21.96148806831013	205.93486648930383	2.3361729921586663
K06387	spoIIR; stage II sporulation protein R	22162.501037604685	24376.33548174581	17484.78611861616	18937.99773598809	78792.53588578152	42631.8708665826	9389.097114786917	30166.024970783023	8393.924069213943	5268.2081911261885	4770.394928232719	2694.68197519074	4052.113102603189	34816.0125894891	680.863468982203
K06388	spoIISA; stage II sporulation protein SA	0.0026172445211231	0.0116082496503289	0.0027914164678645	0.0546925544405885	0.027369255723759	0.0331976915582506	0.0351827862724713	0.0075705926616746	0.0071005876601419	0.010112994101992	0.004884590042096	0.0050587619888375	0.0079092725100607	0.0360551480821387	0.0
K06389	spoIISB; stage II sporulation protein SB	2.0399964789834607e-05	9.047984711673162e-05	2.1757538204250225e-05	0.000426298030562	0.0002133281199301	0.0002587575342794	0.0002742302430568	5.900855746947186e-05	5.53451299964449e-05	7.882516208761409e-05	3.807266155963785e-05	3.943023497405346e-05	6.164837844390899e-05	0.0002810298179752	0.0
K06390	spoIIIAA; stage III sporulation protein AA	33737.40318451857	30002.489006218617	20935.52292788562	21459.50148702857	81484.13217325904	45585.56239945946	11700.721842190318	39051.17881856114	10738.527190591096	6280.925966517527	4842.115950552221	3672.4262936811056	5032.984782381851	35441.23742531483	814.0206127202416
K06391	spoIIIAB; stage III sporulation protein AB	7659.505600129859	7821.220046603134	3896.155259927884	11787.242965372396	68937.26589526095	33373.55783029569	5432.5560935526055	12454.1315765559	4321.680638158887	3485.614853295894	4443.701110132243	1694.58150587183	1151.7427544588652	33773.17281610948	326.0928369403726
K06392	spoIIIAC; stage III sporulation protein AC	33561.29577336808	29395.52483804703	20534.763077713065	20670.350432077103	81152.98307570076	45154.43902345374	11056.214187899688	38364.4236125109	10323.027042291254	6095.467754535656	4799.48738990205	2966.2663205639114	4762.295109847575	35305.252787771075	795.0515336944777
K06393	spoIIIAD; stage III sporulation protein AD	28943.209701094085	26111.72379582353	19350.534085042946	20048.12418786569	81218.98137373419	45203.220401430575	11005.462215917489	33466.28162744615	9393.827603422527	5782.395433223905	4761.503452567449	3284.865077161997	4698.745062179559	35013.523530681305	692.3881661585593
K06394	spoIIIAE; stage III sporulation protein AE	27011.00886971269	21822.76804726008	18735.485725370487	19650.93578844714	80759.85803993113	44587.657256582286	10108.887338155972	34436.084775274634	9061.458437952037	5727.298710403773	4778.236268173493	2958.6594061614537	4190.224429740117	35173.47169792115	714.1278918294038
K06395	spoIIIAF; stage III sporulation protein AF	8117.868764900473	7281.510005006651	3954.0096251236414	10163.574506054018	60952.16144371294	26397.71461220363	2886.734997845004	10014.316393570953	3304.917888839217	2535.9764293950625	4332.322722837262	1202.9263672208076	1898.7000043396977	32961.86573973459	250.1950394900755
K06396	spoIIIAG; stage III sporulation protein AG	28012.568178065336	27572.68415840614	19533.922360997407	18952.03132596396	73488.46903967988	38437.53790543093	10463.928340173636	30677.13925022139	9616.41288587617	5700.03823116159	4767.090945002931	3081.3646523787384	4650.871073546186	35229.115950450265	713.8859547633571
K06397	spoIIIAH; stage III sporulation protein AH	33890.792895849685	29892.982124839175	20926.53288956661	21442.417537998303	81450.64988623129	45525.07018879432	11662.929940713271	39087.74150492168	10691.2953274208	6234.882498578258	4834.397845585493	3460.787453512886	4975.315815581978	35363.97220081136	801.5407791583164
K06398	spoIVA; stage IV sporulation protein A	34898.885986945614	30643.37145793603	21176.48151278079	21610.497755737124	82153.33651138525	45781.62123704869	11197.228042254992	41343.34362159106	10851.568519323631	6917.670880657617	4944.4798888884125	3313.3419025463195	5686.289923968011	35585.866805114216	811.0945091334089
K06399	spoIVB; stage IV sporulation protein B [EC:3.4.21.116]	32924.90741519123	28791.500856583843	20945.46963697448	22119.4789252628	82830.45851975527	46648.39780503261	12652.762199611609	39337.923521477634	10985.869205202504	6723.197887666586	4938.05696726604	4003.246026492759	5187.124642525838	35903.867942340235	831.911646425267
K06400	spoIVCA; site-specific DNA recombinase	30799.74026110373	26422.914522019248	11904.889783403056	18273.13629195598	71751.6888749913	36648.49776024179	10058.07406234344	28860.965849278844	10821.898203406765	7900.040587658446	5017.43906573495	2905.098580497911	4517.712143796292	36429.17798426713	756.6465917217674
K06401	spoIVFA; stage IV sporulation protein FA	1.131907631716762	2.2539180425534653	0.3483479647621577	6.825223053010743	4.406776823151155	4.763191877101759	14.310549433869834	1.9059467879911465	0.8861004040426047	1.2620262700448164	0.6095604219041435	0.6312957823795539	0.9870182444458686	4.499413684128483	0.0
K06402	spoIVFB; stage IV sporulation protein FB [EC:3.4.24.-]	10391.129982169608	13926.178990021144	5491.867768235095	12766.031450826438	60250.90535990356	25586.89368796045	6649.515200683502	10421.239450902624	5501.916731192349	3644.262719071393	4348.391565763568	1605.5339529267326	1541.2803782771368	33342.73928976403	379.7993611823836
K06403	spoVAA; stage V sporulation protein AA	13632.80052177868	8749.36417194039	4561.623174110184	2539.9924162371854	4708.698544065759	4859.216393551434	4308.59432529365	8312.236715946126	3809.609483376201	2184.219998150128	383.2639286842299	1473.3838830566233	1014.5416078852452	703.0814168358671	213.0054001046832
K06404	spoVAB; stage V sporulation protein AB	13432.081087601491	8719.223669053445	4532.475130608062	2526.005958133813	4685.4160326251895	4848.026624580696	4205.810814862732	8119.261815422071	3765.063972773549	2164.4096151131725	370.7083111667873	1200.449475226079	948.220606886496	661.3967967959995	206.3700955029675
K06405	spoVAC; stage V sporulation protein AC	33383.24933691979	29824.006907083367	20566.88159416557	21587.93011453057	81593.6548987523	45440.307207104095	12070.758484316437	38584.53090226309	10875.303731397553	6988.654366216047	4943.461618912446	3567.1662899383327	5031.487707539185	35787.557239112546	802.4446668125884
K06406	spoVAD; stage V sporulation protein AD	33836.367908626926	29872.768661154587	21009.98365834437	21647.06391089513	82286.89323765594	46038.06405731809	12099.636747103816	39015.86434186064	10925.888507680424	7037.47104340236	4936.969319533334	3902.737683601813	5117.703884941313	35840.459190811634	811.3530115983094
K06407	spoVAE; stage V sporulation protein AE	33806.9741120376	30026.024732042904	21343.582795490034	22209.06060803808	82262.12984276837	46107.047066026986	12181.337842114732	38966.405095072376	10956.549963597288	7097.565596570687	4934.343247770219	3528.824053671636	5039.111459602955	35891.514159993654	805.8928694300223
K06408	spoVAF; stage V sporulation protein AF	19463.18786031988	8360.816599607122	5647.296293992069	10741.688778261265	82546.84570462351	39185.06668994677	3598.92483425028	16281.420890909749	3324.8360265843485	2090.0620846648144	5110.502364109413	1122.668796327788	1104.316455465756	39640.69180377431	326.1767254671177
K06409	spoVB; stage V sporulation protein B	52531.90964411464	46904.12877456086	37993.08461121132	52116.9864211746	264259.43254891253	129043.79139321072	28055.36238908769	66175.1191307469	21328.62200015697	14513.445280548796	16971.99639042178	7075.2923276926485	8614.441894295214	128241.33885226848	1684.795834904083
K06410	spoVFA; dipicolinate synthase subunit A	27074.713877775783	24310.002955378543	17567.136051369293	12300.637641975936	12242.0791042472	11860.988642476352	9212.155071531504	32555.115534644312	9776.68324556814	5776.061993415184	747.0234869469516	2460.1115804988885	3785.879336067043	2884.483827150911	708.0243088030116
K06411	spoVFB; dipicolinate synthase subunit B	22518.18216123137	20393.494008493908	16248.079657524388	10924.282585101428	11503.554172120135	10936.907234469383	8229.73086059687	27664.9287675045	8414.259798582058	5818.950811237435	693.4923583443593	2144.54173243266	3457.6391569993702	2761.343851983165	559.6465819974321
K06412	spoVG; stage V sporulation protein G	29610.912327353755	31871.43394058956	21058.522724335555	19593.333283850603	69455.51733965032	35140.97502510244	13275.689282418442	28806.193076032025	12057.217468602134	8232.071355510725	5170.411070200908	2837.273615936108	4433.544144556218	35805.77376321153	799.8994525637229
K06413	spoVK; stage V sporulation protein K	4328.429514067582	4170.373283826631	9490.901582841803	4291.441153803579	985.7320627420404	969.3223482161086	1600.8069860659452	6169.546538743087	4073.837709240133	1598.6184375951216	102.53614055844926	383.7833392182939	131.18736254205373	342.3188333180384	219.51434999996692
K06414	spoVM; stage V sporulation protein M	0.0911736049062116	0.4043817682031492	0.0972410105803029	1.90525467132812	0.9534278084434672	1.15646558412944	1.225617793529476	0.2637270681706246	0.2473541041743945	0.352293460252705	0.1701582251992934	0.1762256308733847	0.275525225521683	1.2560071478018522	0.0
K06415	spoVR; stage V sporulation protein R	213.5725427268808	1243.0974692377476	886.5876765332905	7244.424662339498	57506.46030791372	22746.943428908733	756.5176738254356	626.8322665501682	426.9064524324082	987.1028217289318	3909.296964193117	353.3443772546366	443.014769024893	32365.84487191152	111.54188870700042
K06416	spoVS; stage V sporulation protein S	7059.07089414833	8006.950304601778	11124.540135506832	13301.299134732322	75237.60225977546	38236.6260815189	4503.093043156077	16731.236388142504	3483.158815586796	3356.3570072300763	4373.376772009822	844.6223108934479	961.5859508480584	34586.512589644415	361.7872417226936
K06417	spoVID; stage VI sporulation protein D	0.1109935176256427	0.4922889136907102	0.11837989550685	2.319431354731802	1.1606901621374657	1.4078656133818734	11.412050580958738	0.3210577778455423	0.3011255521781578	0.4288773097233709	0.20714832968636	0.2145347075675673	0.335420695569827	1.529046171212434	0.0
K06418	SASP-A, sspA; small acid-soluble spore protein A (major alpha-type SASP)	174.33673077544887	786.1588593150108	338.32083682462087	929.6765743796734	356.2486422464473	417.6888375257004	1410.7518019833751	384.33593693055707	768.1987960740871	552.0017676159657	103.4395504832864	168.2395730558386	95.19986352772608	256.7401773923921	21.39714993568713
K06419	SASP-B, sspB; small acid-soluble spore protein B (major beta-type SASP)	2.1576484366204745	5.711919416413062	1.10466108784226	21.62023342213676	12.203969013092047	13.993870610127626	24.723611360110294	4.333793988020172	2.8071261545916144	3.99896398831629	1.9309153891321145	2.0005335499491586	3.128171372325455	14.251775308981038	0.0002253642526478
K06420	sspC; small acid-soluble spore protein C (minor alpha/beta-type SASP)	0.1140597337470419	0.5058884845110141	0.1216501616612835	2.383506067962752	1.1927544390720777	1.4467581571345165	6.941080269393855	0.3299270573799645	0.3094442003515412	0.4407251234453528	0.2128708399877948	0.2204612679020364	0.3446867533199377	1.571286349925827	0.0
K06421	sspD; small acid-soluble spore protein D (minor alpha/beta-type SASP)	2959.650277693698	2413.570919587849	1473.7881139730637	2334.191680368236	862.6121212709315	1193.6029405745517	1902.3822342949195	3264.3495345758474	1206.9884732983094	601.7429898587477	92.07809818232109	699.3308046439527	488.5239590906466	354.21876126832115	98.45530019273478
K06422	sspE; small acid-soluble spore protein E (minor gamma-type SASP)	0.1246655217658544	0.5529282754312802	0.1329617418714846	2.605135202696916	1.3036621215970166	1.5812842499543187	6.188027467680423	0.3606051618896822	0.3382177165150781	0.4817057314151439	0.232664529926648	0.2409607500322783	0.3767372808681732	1.71739163525926	0.0
K06423	sspF; small acid-soluble spore protein F (minor alpha/beta-type SASP)	1737.2609850029194	3928.214650530183	2432.064430780693	4461.585398134282	1189.6174214221514	1498.0161106532232	3889.57324816267	5131.012488502594	2840.3562878796	2633.2547441787	312.72230462776963	521.3816422850412	1897.534510224488	459.7961106494883	81.87233445439146
K06424	sspG; small acid-soluble spore protein G (minor)	8.089542573145707e-06	3.58795018914564e-05	8.62788408722314e-06	0.0001690471578067	8.459460229480267e-05	0.0001026094952241	0.0001087451497542	2.339965988897555e-05	2.1946939121464675e-05	3.1257872800869375e-05	1.5097595497475144e-05	1.563593701155258e-05	2.444647268390913e-05	0.0001114415000346	0.0
K06425	sspH; small acid-soluble spore protein H (minor)	910.9172424853653	1035.26966164052	854.2874610496374	1418.9653451554425	258.2757531581495	345.5803875826447	246.03932844370573	2019.622987679788	440.03286313736487	342.4760133734277	43.90448667274782	76.29573974807037	765.5882564306353	174.113192887272	21.52330495030628
K06426	sspI; small acid-soluble spore protein I (minor)	1.9420550285012943	41.833953124220585	13.468474970922909	78.00125050241718	360.2677796263903	213.109963849949	35.470565236857254	10.001155785458208	17.67811876914292	129.0697043804094	40.6892478596114	11.348309812799132	14.744459997238987	148.8326356542733	0.675699200539541
K06427	sspJ; small acid-soluble spore protein J (minor)	1.508658499886464e-05	6.691344412962171e-05	1.609056451156389e-05	0.0003152643418349	0.0001577646259261	0.0001913614839643	0.0002028041672502	4.363917423853502e-05	4.092992397617487e-05	5.829434119791493e-05	2.8156246869538825e-05	2.9160226382238075e-05	4.559142679989635e-05	0.0002078327232315	0.0
K06428	sspK; small acid-soluble spore protein K (minor)	0.0429808223484014	0.1906325954529403	0.0458411028611887	0.8981701737147949	0.4494624436413235	0.5451779807833546	10.497777534462076	0.1243255246643675	0.1166070248028929	0.1660772615627226	0.0802155454523642	0.0830758259651515	0.1298873811431787	0.5921036043658279	0.0
K06429	sspL; small acid-soluble spore protein L (minor)	0.0021002192150868	0.009315090268557	0.0022399842490082	0.0438882774732207	0.0219625779363558	0.0266396315454875	9.946755842236	0.0060750549095916	0.0056978973580374	0.0081152159699444	0.0039196604602423	0.0040594254941637	0.0063468300225382	0.02893260992382	0.0
K06430	sspM; small acid-soluble spore protein M (minor)	8.359320976951597e-06	3.707604850235624e-05	8.9156156587214e-06	0.000174684716666	8.741575028572191e-05	0.0001060314224328	0.0001123716950943	2.418001586551792e-05	2.2678848268499563e-05	3.230029256123745e-05	1.560108567356207e-05	1.6157380355331874e-05	2.5261738852510885e-05	0.0001151579660431	0.0
K06431	sspN; small acid-soluble spore protein N (minor)	0.029549708476626	0.1310616529417447	0.031516177489925	0.6175002092918278	0.3090095408862518	0.3748148481068543	10.317227339423695	0.0854749353154771	0.0801683960656078	0.1141796363037093	0.0551489211676069	0.0571153901809059	0.0892987625146288	0.4070766435119287	0.0
K06432	sspO, cotK; small acid-soluble spore protein O (minor)	0.0154926182554641	0.0687143211095531	0.0165236184008069	0.3237492181283187	0.1620106289046388	0.1965116969865378	10.128262343271269	0.0448136584596294	0.0420314927093008	0.0598632476933001	0.0289140308618021	0.0299450310071449	0.0468184530286932	0.2134262354444067	0.0
K06433	sspP, cotL; small acid-soluble spore protein P (minor)	6.819496925970109	7.619323738857169	27.09183767276166	1.6524839424449391	0.8613419636866215	0.952981092458129	10.972412801826124	2.181666156716902	0.9298607584173452	0.5041485967921293	0.1258233000002535	0.1303098360079035	0.2037368047759598	0.9936689705558328	0.0
K06434	tlp; small acid-soluble spore protein (thioredoxin-like protein)	1324.8081972074758	1943.965180753412	1310.8755906345043	1950.959676025548	547.2420034556166	653.192941842339	363.4622287741628	4187.502555292932	670.3079919452402	882.3970980701156	89.00616868420994	103.61024833238896	1720.3756131759324	192.376560882537	51.55539349778071
K06435	usd; required for translation of spoIIID	1.914586600686604e-06	8.491754995978656e-06	2.041998186709717e-06	4.0009113036308845e-05	2.002136592762377e-05	2.4285027599896763e-05	2.5737179170094967e-05	5.538097473246269e-06	5.194275842929549e-06	7.397934294724777e-06	3.5732124258803463e-06	3.70062401190346e-06	5.785851129585305e-06	2.637533591023108e-05	0.0
K06436	yabG; spore coat assemly protein	474.4638014175363	2412.493149564412	1609.3334013159997	9126.246579526422	60523.04605578216	25744.15051224475	2052.142820497368	1355.9925592343257	1508.9822951209812	2627.882556983217	4224.786490757816	516.5468962233024	670.6220676460161	32879.368629202145	85.84908238190198
K06437	yknT; sigma-E controlled sporulation protein	2.7032338156392297e-05	0.0001198963747632	2.8831281634417216e-05	0.0005648947258624	0.0002826846975291	0.0003428839823606	0.0003633871302912	7.819323690355259e-05	7.3338767237427e-05	0.0001044525546361	5.0450727361395255e-05	5.224967083942017e-05	8.169130829673871e-05	0.0003723973619464	0.0
K06438	yqfD; similar to stage IV sporulation protein	32889.348092584354	27532.72290923849	19117.574282867718	17094.09994660385	79692.9275821267	43305.33304154649	7873.237338469528	36548.684738743934	8898.830777066945	4845.459454564158	4690.690232260604	2087.185687916572	3731.871319349976	34715.02783077016	679.6138343448092
K06439	yraD; similar to spore coat protein	507.1347836718138	668.4291960789012	315.92455738186896	987.2878835683904	180.03501040000612	226.28120211697652	164.32489569436615	1680.434980274665	236.3436414798332	195.1094896465061	34.03740393812015	52.84103966553451	720.1129443985556	139.23673131342846	10.977960433833406
K06440	yraG; similar to spore coat protein	4.688355056404138	4.409897292555927	13.296539227664004	270.74748921519256	7.410267318620609	20.795779942451684	11.628417777748542	9.284398026954662	26.47422396601401	38.011954739740965	0.6023420956114214	9.283271140397014	3.548645480561768	120.05898697977273	0.0
K06441	E1.12.7.2G; ferredoxin hydrogenase gamma subunit [EC:1.12.7.2]	187.0	172.0	960.0	104.0	0.0	0.0	23.0	675.0	137.0	0.0	0.0	38.0	0.0	0.0	0.0
K06442	tlyA; 23S rRNA (cytidine1920-2'-O)/16S rRNA (cytidine1409-2'-O)-methyltransferase [EC:2.1.1.226 2.1.1.227]	36048.70472995717	41929.10770951226	43762.87844202816	30602.6776853456	88887.50834836872	51504.06239008375	18685.405845130223	51668.63297526006	15392.487996807196	10307.644472981265	5811.026440179309	5122.208084597867	6033.335161670251	38206.83797502534	959.5088791051928
K06443	lcyB, crtL1, crtY; lycopene beta-cyclase [EC:5.5.1.19]	0.1286121821802377	2.0911314396131164	2.782285729872541	0.468669982078109	7.516256606139207	9.678049091980627	28.90464380754525	0.508181773055353	0.3485345097434322	0.261517411135887	0.312164387053231	3.888962430201124	0.5868023601039142	9.558245189115	51.37485350137613
K06444	lcyE, crtL2; lycopene epsilon-cyclase [EC:5.5.1.18]	0.0007632798598133	0.0021438827710291	0.0001446949487527	0.0027549525543656	0.0013293394985408	0.0040126679498402	0.0341066261556202	0.0030175516955476	0.0020684570297931	0.0015492279987777	0.0018534753542688	0.0038703284431168	0.0034848841106173	0.0109048262568298	0.0004078814038614
K06445	fadE; acyl-CoA dehydrogenase [EC:1.3.99.-]	15.11391500113321	77.87574993868562	33.439681358513	133.97987097483954	241.75900876680845	388.2060343255948	619.1467319782802	109.77217707672833	102.44853664747326	126.05719064211831	44.81794324847847	359.41478803771275	104.37878437971264	456.48534519472526	19.026606126983737
K06446	DCAA; acyl-CoA dehydrogenase [EC:1.3.99.-]	5.146437954325804	9.636657223947294	932.8378990445048	2241.8876406767504	1698.1725717466609	720.7254470513482	218.34243046991904	8.94189140127343	18.054847100539344	209.797018395316	88.46977183617916	318.43701261491594	71.6043742285665	124.05525030468624	0.0002253642526478
K06447	astD; succinylglutamic semialdehyde dehydrogenase [EC:1.2.1.71]	14.000005560892754	66.86175202964337	41.30866294552349	122.52588703334044	380.1435018701851	329.5355654942863	511.71773828627295	116.71743617821646	177.57650969101925	147.3009190310219	55.31411398970765	491.3094874342395	106.30447741930917	419.4714652318905	66.61312183877038
K06493	ITGB3, CD61; integrin beta 3	0.0008707309068931	0.0026759814953261	0.0002967847057188	0.0055904531948024	0.0027704529969059	0.0056291159577405	0.0345166075653929	0.0032921525514326	0.0023600757034446	0.0020270288042849	0.0020348292432359	0.0039709104994201	0.0037569073424246	0.0123676355788921	0.0003901309045859
K06518	cidA; holin-like protein	35443.11329409917	26706.849011255617	62786.82962095348	24586.617322835904	67787.2419122895	32999.053360933096	10044.74174570257	40966.21558264332	20009.933751176148	8409.592724864491	4881.21391334676	4147.427168938979	3823.8055469734863	35215.16607496388	1049.469703076432
K06568	MUC1, CD227; mucin-1	0.0	1.904432335677416e-18	2.8553307276362827e-21	0.0	7.548161355707272e-21	0.0	1.2078859639622254e-20	0.0	0.0	0.0	0.0	0.0	0.0	0.0	0.0
K06580	SLC42A, RHAG, RHBG, RHCG, CD241; ammonium transporter Rh	1755.3344365713351	1039.2429276426333	585.2060402565194	749.249779660619	98.0063876706935	174.75996916485528	99.8379160137087	1501.3078919493576	310.872245611954	95.35262797398217	12.588563935284435	24.583472133697867	138.0333992089686	24.78343098146724	19.48964879712831
K06591	ITGB8; integrin beta 8	69.70962697451228	18.020462317930413	35.48578308203574	15.549347395508462	30.586555227091463	20.907768421817952	65.43162364945759	35.69797494894225	108.84162013169082	55.50802398428803	7.57777870723272	151.96291626734853	49.6378014987749	0.0791006819298782	0.0013366708504131
K06595	hemAT; heam-based aerotactic trancducer	20.448252060721806	27.56781354334213	66.00599413798871	32.74698361599883	19.130788869763432	21.00510179178437	30.83047166605666	12.341573776874355	6.877085591497206	6.224943331600941	2.725962048192252	2.823162859843806	4.413958286248263	20.276273981868307	0.0
K06596	chpA; chemosensory pili system protein ChpA (sensor histidine kinase/response regulator)	5.478518248532952	15.385605535030209	7.35003390521121	30.17331349258636	98.86604359497224	119.94392086884356	674.6859422447418	182.03526460736413	179.26061153086843	117.6235865875502	33.86547915844054	846.9224685054887	72.30777029050091	544.7537098111835	54.90186735839701
K06597	chpB; chemosensory pili system protein ChpB (putative protein-glutamate methylesterase)	0.0	0.0	0.0	0.0	0.0	0.0	0.0	0.0	0.0	2.8	0.0	0.0	0.0	0.0	0.0
K06598	chpC; chemosensory pili system protein ChpC	0.0	0.0	5.19	10.38	27.87	83.88	93.57	5.46	6.56	21.93	0.0	103.01	3.28	35.79	0.0
K06599	chpD; AraC family transcriptional regulator, chemosensory pili system protein ChpD	0.0	0.0	1.3313802764544262	2.6627605529088525	7.1494351261627855	21.517567936222974	17.12467491586048	1.4006428341890491	1.682823624959737	4.907380479493867	0.0	26.424948415716848	0.8414118124798685	9.181136819711735	0.0
K06600	chpE; chemosensory pili system protein ChpE	0.0837855441796388	0.3580241632855931	5.127681461369541	11.697724452701204	35.03818430521831	89.68769359451156	93.1029877285154	5.559357087701107	11.464827413993545	26.818245641319045	0.1610652095061605	177.1930788519011	3.4548672237824958	35.95304693370063	0.0044646874348168
K06601	flbT; flagellar protein FlbT	2.553737846830594	0.0	13.447134574932214	12.0	40.88022461989844	4.2	0.0	8.271017098091647	0.0	0.0	1.8	27.80630375134836	8.0	66.20116804480996	0.0
K06602	flaF; flagellar protein FlaF	11.083118041185536	0.0	58.36001529861321	12.0	40.88022461989844	4.2	0.0	8.0	0.0	0.0	1.8	27.80630375134836	8.0	66.20116804480996	0.0
K06603	flaG; flagellar protein FlaG	11594.44087262614	6813.620819584478	5551.907021642042	4178.7830778977805	3714.9721774881546	4220.971335451694	4961.54663220042	6756.492398051007	4462.262575724395	3431.178464513948	297.180006029792	805.2905318348371	868.1120547546195	933.1093958094868	207.3543192846935
K06605	iolH; myo-inositol catabolism protein IolH	1569.875852537086	2631.7944498485285	1257.9014432786894	2417.1762950880598	1391.5240568387408	1889.450626415585	2127.3436688935262	2855.9469682910526	1159.5694435139628	709.0336741774632	139.5008101438087	2072.8464090273706	906.7634551135357	418.8675193529071	101.29815488719512
K06606	iolI; 2-keto-myo-inositol isomerase [EC:5.3.99.11]	867.3567030293011	2837.5636067583764	1593.4669117826588	3603.9817203066114	2087.4139676689438	2558.006974911484	3931.467877872145	2282.05242235268	2061.3572948143046	1189.4926221650433	176.5910917846054	1419.5029719707095	754.7863551467835	596.8768208284072	114.50958826943656
K06607	iolS; myo-inositol catabolism protein IolS [EC:1.1.1.-]	0.0012659640066416	0.0056149229156165	0.0013502111657288	0.0264548477584957	0.013238538606236	0.0160577593255597	0.0170179517866365	0.0036619038615891	0.0034345619338174	0.0048916661890673	0.0023626814883311	0.0024469286474183	0.0038257236706947	0.0174399141378405	0.0
K06608	iolR; DeoR family transcriptional regulator, myo-inositol catabolism operon repressor	2448.873797052964	4239.930484461503	2742.267312972209	6569.542086219426	3490.626472180846	4328.530933632742	6461.373202573894	3964.278519545964	3070.511506798195	1745.7026198954848	290.1824463398072	2686.133184732711	1418.5086459955842	1426.191477008113	184.0046629897616
K06609	iolT; MFS transporter, SP family, major inositol transporter	11.622007634661744	13.107763045046896	45.84210909938925	2.973899497167945	1.647133554691302	1.7009293008784352	2.0855761919049582	40.86065799220607	1.6527530860780275	0.9005924642361153	0.223148064402897	0.2311049517677886	0.3613279387307017	32.58779289601721	0.0
K06610	iolF; MFS transporter, SP family, inositol transporter	1121.1946254137852	657.5932872633884	7295.293576951198	366.8591404745935	120.13943406108802	84.10082952450293	409.856052865519	2234.2671730952625	1286.7995980424726	253.18220465275147	23.52358278735834	94.32284588936652	48.94398711967444	26.944923258257184	0.0019454574705997
K06626	CCNE; G1/S-specific cyclin-E1	33.86932324908775	3.7809613835934632	19.09930905633839	8.805833138953359	2.398005494869145	4.349923557025111	30.194136168225445	26.727927350918726	7.517520212984604	5.0307775557384975	6.354432904700712	147.4084014607896	42.89080119404733	0.0050017396823856	0.0
K06639	CDC14; cell division cycle 14 [EC:3.1.3.16 3.1.3.48]	5.949252495365306	5.527715973434351	3.5862005204850407	4.498685984480036	1.636563756996417	1.14309119557519	0.901512169958008	6.806457885827577	1.999183219080283	3.1671371046618377	0.0019435989524639	0.2268048071319773	0.0031471328469377	0.6712618594624048	0.0
K06640	ATR; serine/threonine-protein kinase ATR [EC:2.7.11.1]	5.773830308815871e-06	2.56086365345068e-05	6.158066193894526e-06	0.000120655722439	6.03785534565798e-05	7.323650356501471e-05	7.761576577545645e-05	1.6701273806438803e-05	1.56644088512379e-05	2.230999487732346e-05	1.0775758169929085e-05	1.115999405500774e-05	1.7448425995625385e-05	7.954025888882707e-05	8.93993829095549e-05
K06665	SSN6, CYC8; general transcriptional corepressor CYC8	0.0014981896917845	0.006644912168283	0.0015978909665794	0.0313076675178542	0.0156669873472706	0.0190033597862953	0.0201396878649505	0.0043336355448935	0.0040645905081381	0.0057889828001925	0.0027960866440256	0.0028957879188205	0.004527506103634	0.0206390540725039	0.0
K06669	SMC3, CSPG6; structural maintenance of chromosome 3 (chondroitin sulfate proteoglycan 6)	2.5259478119004446	6.026985771777163	12.409182954602826	16.441877209447558	32.88491524049986	64.48364014295481	11.168264659142542	10.636608364174526	4.343794444913356	15.06862525104764	1.5949688849040489	9.040478657665744	17.772178768472337	1.1968070744804036	2.171897222456678
K06670	SCC1, MCD1, RAD21; cohesin complex subunit SCC1	0.0	0.0	0.0	0.0	0.0	0.0	0.0	0.0	0.0	0.0	0.0	9.260031609580356e-05	0.0	0.0002208284834451	0.0
K06687	NET1, ESC5; nucleolar protein involved in exit from mitosis	0.0	0.0	0.0	0.0	0.0	0.0	0.0	0.0	0.0	0.0	0.0	0.0	0.0	0.0	9.952663834987846e-05
K06689	UBE2D, UBC4, UBC5; ubiquitin-conjugating enzyme E2 D [EC:2.3.2.23]	33.86932324908775	3.780961383593464	19.099309056339884	8.805833138953359	2.3980054948730896	4.349923557025111	30.19413616823176	26.727927350918726	7.517520212984604	5.0307775557384975	6.354432904700712	147.4084014607896	42.89080119404733	0.0050017396823856	0.0
K06694	PSMD10; 26S proteasome non-ATPase regulatory subunit 10	0.1901845547555282	0.5379445500171659	0.03680417460367	0.701246855702606	0.3386908217124285	1.0061858112481803	8.471513762416542	0.7509675894844499	0.5153949269087901	0.3875878743485788	0.4613446754986425	0.9616734991298282	0.8669982089145027	5.966691221839315	0.1011838795991207
K06714	rocR; arginine utilization regulatory protein	10156.815995339068	5486.68578197494	3008.5225108455697	3032.1966376190826	3586.481610101878	3843.652762611333	1096.068973256063	11173.16083931169	3349.993462633449	1185.4013352812844	355.6874014332722	445.17497886771713	816.4558805742097	647.7549258899501	265.9712720114453
K06718	ectA; L-2,4-diaminobutyric acid acetyltransferase [EC:2.3.1.178]	11.256233195056613	13.996089167646224	542.4376758195241	1397.7337441826778	949.871921272337	404.3197110800916	115.63068086604906	11.624231367953612	19.17299871995229	131.2559425922998	50.10528215426926	145.9515058515893	41.13332006430781	69.28308073313072	0.1250233365991385
K06720	ectC; L-ectoine synthase [EC:4.2.1.108]	8.123025518209484	21.795297135784207	554.366124123246	1306.0609643321377	1121.7188738203083	483.07526527682455	244.938693820538	11.752269119119902	20.93711590445072	130.7264503442235	65.43716292525521	193.34571014746325	46.85820370956839	123.07150484188377	0.129355672201338
K06726	rbsD; D-ribose pyranase [EC:5.4.99.62]	10940.855867879784	11235.515723520744	19192.55135692783	6455.435858095425	26113.075153770093	18855.378350177423	6873.76579608793	20059.219422654347	4421.094522490973	3409.290026159876	1513.561939996303	2467.943313227136	1253.0722948364703	8269.396401624943	281.4609503302257
K06758	CHL1; L1 cell adhesion molecule like protein	33.869323410272074	3.780962098522665	19.09930933087356	8.805836507221917	2.3980074517094967	4.349925601521695	30.19413876910532	26.72792781715749	7.517520650277878	5.0307781785523416	6.354433205520653	147.40840177233602	42.89080168114386	0.0050039601568703	1.5376810770445232e-74
K06759	CNTN1; contactin 1	4.234277488372205	4.459807621684165	2.3872403744667983	1.1094954579961605	0.4206798556462121	0.0143145880071271	0.4445413941946134	6.156782549780979	5.838357359175036	1.5617354829247003	0.0009584010253835	0.1118388952832283	0.0015518712560014	0.182390385513828	0.0
K06769	ICAM5, TLCN; intercellular adhesion molecule 5	0.0	0.0	0.0	0.0	0.0	0.0	0.0	0.0	0.0	0.0	0.0	0.0	0.0	0.0	3.5204972697803204e-06
K06790	GPA33; cell surface A33 antigen	0.0025907419331096	0.0072769375390326	0.0009174311613064	0.0093509228817712	0.005639023923135	0.0136198892026822	0.1175688775345774	0.010242242884402	0.0070208040930497	0.0052584250570457	0.0062911083799113	0.0131367571979969	0.0118284732412712	0.037013410341721	0.0014324532535035
K06792	AGC1, CSPG1; aggrecan 1	54.57781618680013	70.04192982367796	4.150091182747726	53.335385035617634	85.39082028106588	101.21183330819936	6.41275608848705	65.56525500559171	0.3654653662765965	8.7366126022514	7.202029875043073	0.9782372015387136	63.05345762193888	0.1546209548873852	0.095152982278638
K06794	NCAN, CSPG3; neurocan core protein	0.0111056472631154	0.0311932845107971	0.0021052973440104	0.040084290056963	0.0193417596100699	0.0583839259768065	0.4962480727735849	0.0439050818623238	0.0300958473572347	0.0225411157694825	0.0269678850171953	0.0563129000838166	0.0507047227668445	0.158664154853401	0.0059346345095196
K06811	CDH17; cadherin 17, LI cadherin	0.0	6.770056480491815e-16	0.0	0.0	0.0	0.0	0.0	0.0	0.0	0.0	0.0	0.0	0.0	0.0	0.0
K06816	GLG1, ESL1; golgi apparatus protein 1	0.0	0.0023659145157765	0.0	0.0	0.0	0.0	0.0	0.0	0.0	0.0	0.0	0.0	0.0	0.0	0.0
K06818	PODXL2; podocalyxin-like 2	0.0	8.238104630239021e-37	0.0	0.0	0.0	0.0	0.0	0.0	0.0	0.0	0.0	0.0	0.0	0.0	0.0
K06824	NPNT; nephronectin	0.0	2.155169380586105e-21	0.0	0.0	0.0	0.0	0.0	0.0	0.0	0.0	0.0	0.0	0.0	0.0	0.0
K06857	tupC, vupC; tungstate transport system ATP-binding protein [EC:3.6.3.55]	1073.887691343894	2197.3299314205856	2737.6423910191825	3240.034213161552	2529.2675826897	2583.1938155912303	2972.5800261596405	1606.6135470884851	2688.9163497401173	1222.6301783277074	320.8030266346776	1025.091673607196	268.3579828374708	1020.0710673134874	97.37024211157488
K06858	ABC.VB12.S1, btuF; vitamin B12 transport system substrate-binding protein	10.000005523981311	58.52974283280189	27.05866290499173	95.01187222927275	194.4594874324575	259.49369016187586	230.2984967175526	76.08275824129998	82.07650958621149	93.53493944523674	32.48411391940882	176.62094744215733	77.6344773032549	162.7089158158418	15.855231528012355
K06859	pgi1; glucose-6-phosphate isomerase, archaeal [EC:5.3.1.9]	8300.564836770413	6759.694827019762	30411.16712070883	6914.669860344254	1794.7171436142512	1624.819891228358	2643.2224772411378	11699.365275449429	6979.045610564508	3192.8658439373025	214.0948083396323	1137.0628186922313	414.53825630245234	539.7999834377625	402.0674051645776
K06860	K06860; putative heme uptake system protein	1.5141738841245376	5.352110263315324	0.3195935239238774	6.106881600047574	2.960615115514789	8.23589959823253	93.3782217943284	6.2177788551618205	4.103461881494276	3.1414014242164545	15.056014094264096	7.7201297648562255	6.8559201537299375	21.99230718256997	0.795077427973629
K06861	lptB; lipopolysaccharide export system ATP-binding protein [EC:3.6.3.-]	17916.504324545986	11615.790721340069	73431.30325578059	15454.77074385234	2972.015939037717	3129.813020532649	3405.7575042220587	28827.87325913397	17962.10847683069	4263.900984914326	277.37277994350734	2463.7107314219847	989.4242008860948	2024.513697822591	668.2266719584932
K06862	ehbQ; energy-converting hydrogenase B subunit Q	0.0	0.0	0.0	0.0	0.0	0.0	0.0	7.763458143708062	0.0	0.0	0.0	0.0	0.0	0.0	0.0
K06864	larE; pyridinium-3,5-biscarboxylic acid mononucleotide sulfurtransferase	15703.629178742756	18495.574524921944	13355.872957350495	18868.69763589771	66508.4252090555	32153.533399941407	10814.048028021743	17656.379173519417	10068.016327332927	5697.804753737566	4784.426419616065	3002.1886533077395	3816.452709526905	34545.14635306853	588.8270190877543
K06865	K06865; ATPase	0.0	0.0	0.0	0.0	0.0	0.0	0.0	0.0	0.0	0.0	0.0	0.0	0.0	0.0	0.2261996672968622
K06866	grcA; autonomous glycyl radical cofactor	16.67000552398131	68.03175186496267	21.868662904991734	74.64588627553002	182.1035014787148	158.6305168531582	262.38375330778166	102.12275824129998	151.5165095862115	103.90493944523676	39.98411391940882	335.6698162722114	99.18447730325492	209.96296698677432	15.50002200353846
K06867	K06867; uncharacterized protein	1136.496498805462	1083.834791215357	1452.957785299659	987.0967639560274	1897.7584120853653	1521.162710539606	1711.3726930281027	2241.9005107968424	1004.9643873762378	872.242440296076	333.8211887163674	2164.9872179979147	555.818846905113	1527.9984739786362	222.21605838686185
K06871	K06871; uncharacterized protein	91938.38918269312	70949.35414742073	117053.92655226908	50252.57665381326	158735.12378709775	87065.59192651298	27515.50554675475	97373.74455585002	42532.51104026451	23429.468919073508	10605.286993801416	9029.608589380108	10707.699974120616	72006.49524515857	2180.3507519650548
K06872	K06872; uncharacterized protein	29825.7151472274	23538.185076059686	55676.92292554172	25111.4017609896	88289.1002166624	44465.84725749098	9697.810933375613	39534.07228642739	15821.269348430838	6621.638095229981	5350.94783697664	3348.161580021289	2265.3312334213497	41296.67605122301	1028.7077035221982
K06873	K06873; uncharacterized protein	3.8723151715159374	11.89592356420638	1.2837392810766932	24.811978661079195	12.206809671703803	25.01237562555134	159.32141695291415	23.343924752325567	10.49572173814068	9.00931064896099	9.05091602270913	17.66849142959009	16.712176090532978	55.432832732378365	1.7505114704788802
K06876	K06876; deoxyribodipyrimidine photolyase-related protein	57.007676269151816	31.580480263245565	94.21813478467264	63.19426031578015	103.61175281318572	77.82725454628553	786.0024337646494	161.01967252269634	197.47957895482932	88.86903585406394	48.65330137401708	918.2525189552772	137.3117751555963	487.30464480037193	6.386389639626684
K06877	K06877; DEAD/DEAH box helicase domain-containing protein	916.0772050470728	603.0321464987655	2434.080986453941	3236.172650303737	1353.1649192645182	1045.2644335736077	550.4004940929327	1237.984831667067	1446.3054197057943	495.34443717781176	126.33319524661712	544.0336942790273	383.2611040597264	364.9281005667704	11.385077764189504
K06878	K06878; tRNA-binding protein	1060.591248994917	6069.631152574837	16709.703268038902	1023.7549626034112	5077.907324616281	4219.74636496777	2934.76942029396	9378.538706476142	715.1393175472847	2042.025554027413	629.0372401638926	542.0624857407497	243.70938945481367	1838.9903871592608	38.61840054109469
K06879	queF; 7-cyano-7-deazaguanine reductase [EC:1.7.1.13]	20.81975293355817	86.78235891658404	42.337050518625176	133.05637873477596	426.03430378313215	339.4277597277803	741.2940368656593	151.67476986569028	259.8423189077208	198.188881540234	63.17774611728205	918.7591336459332	131.81817458876708	646.4423781907399	66.69681371265386
K06880	ereA_B; erythromycin esterase [EC:3.1.1.-]	346.8247472920491	2694.8587596787147	698.1029782033579	329.79812177541896	1572.808518400194	1601.5866901067193	229.75336891086232	463.29473226366434	176.68760693003884	186.1997327828611	126.86391385554327	35.269997132516494	61.37454386022577	221.94273979326684	10.993685360987616
K06881	nrnA; bifunctional oligoribonuclease and PAP phosphatase NrnA [EC:3.1.3.7 3.1.13.3]	54555.42418239731	54970.04125578765	116830.11794542088	48995.44852486488	148551.4915373519	76483.74636978177	22156.500047445123	81119.08892608133	32137.943586413727	14472.822929582322	9905.99321493112	6369.872749011793	7062.658706525935	70522.25248299248	1616.233825431623
K06882	K06882; uncharacterized protein	21.6853720548055	56.73627653307102	106.51693800706842	141.215726331591	282.3074823863995	553.5399642435633	108.918595999428	91.3101116955892	37.2959101569114	129.35582244865537	13.698155287542994	77.60586744577222	152.55777394567826	10.331494831402996	18.64215735649384
K06883	K06883; uncharacterized protein	66.47190062305883	119.3475812668525	195.9087775049245	276.2453764427658	39.37881226226469	119.30509275533572	1015.7518192751372	230.4674464243965	91.48301000918	61.75614206703288	57.67866339423287	141.936875515591	103.70880908550232	297.8567649257968	16.074540505777186
K06884	K06884; uncharacterized protein	31.600371295752304	66.49250218163198	128.13556943392211	111.79323902843652	205.2637458232932	252.3227623029659	248.83355910071543	124.6309774467346	103.6601479014294	106.08153811602476	43.22908186777323	122.51348842259073	95.22857802406315	155.9092944851409	40.01550138353044
K06885	K06885; uncharacterized protein	6158.397948804765	7960.802274142397	41535.17940345436	2707.096729664612	6954.779021390681	5581.525363032143	4447.067016171743	16745.20899168068	4474.663251461419	2909.4254318198537	819.2084937751397	1269.1289736134493	656.6981795615753	2440.773137210206	30.669776019992717
K06886	glbN; hemoglobin	19.624136635244295	81.01977013657329	587.3582188081325	1444.57305165062	1584.4439420228646	826.8253763347082	1700.8327030921391	265.05448636154625	533.233473817206	427.2840816967845	211.7655361421192	2420.390715205295	278.1396812804797	1356.4408965802277	90.30067813487328
K06887	K06887; uncharacterized protein	2241.0417115325035	695.5003652997995	741.8762142997668	414.8172737055978	997.3490404572073	1000.1801138762723	310.4653792555661	1193.1446599988922	578.3171339112953	350.8285106925135	90.60365534300684	81.68764657238768	244.12199008364485	218.5846935360944	63.98581294772979
K06888	K06888; uncharacterized protein	7411.425442316958	6108.669280638724	4397.084231480786	6353.354539947786	2994.654220865643	3188.088674831533	4827.094651846281	9933.252232071189	3694.127593461336	3186.276518035236	442.3255878883774	1398.1875629524236	2467.776902582372	1143.5069402784893	250.4787476284832
K06889	K06889; uncharacterized protein	80135.97085169211	86707.74868144031	245939.20611024383	77755.82024136829	211231.79708754816	106750.74929789297	48876.66387735259	131032.51968805424	57942.24893170761	24509.86652496396	15931.000116642412	17704.20481323667	12450.618932692212	111838.09490539537	2656.6546329344847
K06890	K06890; uncharacterized protein	24484.05475029087	22650.884565748624	77659.05796896732	18039.52541298617	15381.886010042144	15092.68751164564	7244.686059313959	47091.32015331263	16719.637913548882	6030.768087160185	931.0629221701428	2243.068007440385	2677.416901140855	2080.185056350976	768.3613670446266
K06891	clpS; ATP-dependent Clp protease adaptor protein ClpS	3997.639439919944	1876.3638265401275	14221.528445107426	8441.51679738136	59107.34024638219	23713.915705809795	1901.9287345747057	3176.947301309498	1842.9473064859344	716.9334663776053	4043.841896052782	1274.8508458980912	523.115358621196	32854.945228769124	152.44656080922172
K06893	K06893; uncharacterized protein	804.062856815613	4326.703235893917	16174.78753034242	1972.5011079619417	1673.4086590226616	695.3530601949117	1949.8785763948665	7200.676509908712	838.8274713788248	515.1672417009216	118.03768653030758	1607.723082072462	156.53650879291342	700.6278746980879	21.75055643800309
K06894	K06894; uncharacterized protein	870.9742807108559	790.8458898271454	8406.734822246923	4551.451785425476	1033.920142858751	1111.9456937940213	997.0191451252242	2357.8581581224244	3228.5589099923945	795.2413737436061	134.76712063253953	1099.3066997034591	338.57511155642123	1143.8970743663451	47.65134152274388
K06895	lysE, argO; L-lysine exporter family protein LysE/ArgO	4949.261451078828	7547.723844209417	16612.007177897714	5251.2754156621	2784.2913637272977	2101.805484233989	3611.641874882259	12731.473633890004	1770.7140675048436	1125.2062524324965	392.6065329432877	2176.592673739253	951.18614998952	1339.7743625022483	194.6160632244231
K06896	mapP; maltose 6'-phosphate phosphatase [EC:3.1.3.90]	1386.8775687004966	6485.230363849001	14865.03427902924	6810.696594933735	62821.85250477956	25885.63811142419	2594.3106011501186	7939.828152289986	458.8584599931494	1720.450702699037	4441.348279016695	885.8138147624022	292.51351782535386	34131.02137596913	106.75373760259822
K06897	K06897; 7,8-dihydropterin-6-yl-methyl-4-(beta-D-ribofuranosyl)aminobenzene 5'-phosphate synthase [EC:2.5.1.105]	24281.85155827501	14508.95343580819	20541.650506814443	10298.68051745032	21517.09143608688	20518.17921184985	6204.496883528629	29851.326833279752	6276.387152881922	3224.637430009206	530.5460197561281	2783.141062687899	2761.6267842284524	2841.20240251332	440.1043385230015
K06898	larB; pyridinium-3,5-biscarboxylic acid mononucleotide synthase [EC:2.5.1.143]	15317.88401307672	15346.108796258091	12827.65677782699	17626.062745778487	65830.02742710698	31383.06317714913	9429.028423897333	15548.254918582928	8998.996962282094	5110.536119093349	4663.056176040596	2722.589254557516	3031.933906991585	34116.43096873865	458.8969590914761
K06899	ndpA; nucleoid-associated protein	16.885928443347666	68.63823115397867	28.05821727692362	87.72247377493188	189.9973000504886	259.1387561117604	252.7520096761045	83.94488059122277	85.47077293563738	97.5066152803426	33.00844035658896	151.30120676003978	82.05614438604077	117.44842649886871	15.616338217638134
K06900	K06900; uncharacterized protein	0.1809812092499664	0.6057982901448491	0.0934700526891151	1.6989899510165778	0.8555362677328462	1.4261307875405052	6.150377431270133	0.6519020544120778	0.4893127645989354	0.48314260081853	0.4032075026787174	0.7265924297931946	0.7365648150270087	2.53640957252941	0.1549020040485919
K06901	pbuG; putative MFS transporter, AGZA family, xanthine/uracil permease	30269.71119629413	51598.9542465307	106168.10503091112	35078.63180654403	158306.05583096785	79874.82048968613	27629.438717885223	65435.862352128126	20291.183042470064	13690.589110799112	11589.683769717498	6564.975381455068	6016.154456753221	78555.88245794622	1146.3710145881907
K06902	UMF1; MFS transporter, UMF1 family	6218.424313176478	3942.547492009901	3818.646350557131	9211.464219549289	55716.53918348383	25867.0649569335	2778.4101556096243	12026.363569706791	1746.4317976780012	1897.1368642937905	3480.7512442194525	1088.683358179552	2073.8547994734618	26289.094147583717	154.50983389593662
K06903	K06903; uncharacterized protein	4932.213002205548	2929.8143759772506	3913.9311448706303	2588.478409262684	1497.1700380835032	1624.2514905857122	1616.976964973258	6039.722316954821	1748.8466963215717	1188.0711852143688	167.50723225460374	701.7086375320639	759.1322043668447	513.4714877335734	150.21047877282086
K06904	K06904; uncharacterized protein	3557.15731053207	4439.9398129052415	2827.708634760423	16545.452420801128	123932.38532689709	53425.06954474031	4116.747109284689	9291.324318010917	2159.1169371398023	1831.877980579302	8058.715881459862	1688.429497386221	1386.2530498788906	64635.504916351936	225.43347425571625
K06905	K06905; uncharacterized protein	5534.173545828366	3763.4174495955153	2357.7945543479623	3468.6653972823237	1765.6486266480367	2076.9575373344305	2625.394909030668	6353.321380895907	1970.7124625865613	870.7191378305481	157.74177133327953	980.4812532920836	874.3744709446896	442.31937787020615	133.94450100190122
K06906	K06906; uncharacterized protein	1395.1899328904074	763.8404595804934	352.84762492661446	516.271168945889	726.3851966013178	696.5769122509683	807.9999956364504	1764.0221943731844	506.6930000888661	248.9220443002783	79.9872191474542	319.35273030042055	282.38836209280925	161.47703467225068	35.041969319743984
K06907	K06907; uncharacterized protein	9065.26732381286	7350.968307906202	8795.539368207856	6765.485332291983	3464.414570831196	4020.202325083955	4681.551039346599	11617.539072438374	3716.278653079929	2114.108695629641	314.0489082836456	1733.528193284028	1726.2739574753873	1028.2849150489546	280.2399988311307
K06908	K06908; uncharacterized protein	3438.781145625368	2622.908506512661	1557.890281033544	1784.744826919751	1386.936098110541	1516.816247100739	1436.6128377007458	3985.836127669203	1239.5109726224662	698.5987327266093	144.47972831305856	506.46453252267287	647.4408954512587	289.65986265666027	140.84559360906098
K06909	xtmB; phage terminase large subunit	7420.637886904779	10231.755659193186	18266.195271617195	6298.365390812356	3164.155432254065	3731.107579127128	6625.182079135398	10479.099142592826	5627.413706291754	2470.501611791736	415.4634522393406	1770.5705322606038	1664.7496695530886	772.1208914671117	216.57615898261736
K06910	K06910; uncharacterized protein	30424.389248342857	8125.535523682783	10228.456212527071	7416.797910015306	22222.985002134417	20652.290452939415	6331.9851486490825	27231.023006514275	6553.648299505474	4083.6134303316976	483.5174507865528	3402.267190251054	1550.401753008066	2326.81548264766	453.7662566539469
K06911	K06911; uncharacterized protein	8516.671021322716	8840.52107325277	28335.41296385129	14269.765348662686	6477.103654279552	5655.1765171360175	9488.225283966967	12775.448963583143	10546.87215604428	4638.656193618783	843.961236392399	5260.207642272828	1760.5752731326284	4331.992386501992	569.2803365692412
K06912	tfdA; alpha-ketoglutarate-dependent 2,4-dichlorophenoxyacetate dioxygenase [EC:1.14.11.-]	0.0	0.0014752074859368	0.0	0.0	0.0	0.0	0.0	0.0	0.0	0.0080271700468403	0.0	0.0	0.0	0.0	0.0
K06915	K06915; uncharacterized protein	9648.33443125303	12647.320426391218	31281.653061445788	7508.065776202543	3392.801931102108	3680.495792064197	6863.585633649079	17176.484923899738	8842.691752224637	3475.9357255823325	582.2641903381472	2228.7406384414485	914.420661782046	2108.5256319344417	349.5934843530503
K06916	zapE; cell division protein ZapE	69.57635227789672	95.88051563162564	655.3799996283099	1470.966481688759	1556.221147747077	1134.338816639672	930.9236841450156	202.64378115890264	293.4767902118525	397.3967397737367	119.97836987078983	1277.082366058697	245.60783616744973	792.1107678999281	74.62608269567679
K06917	selU; tRNA 2-selenouridine synthase [EC:2.9.1.-]	279.42827348720374	618.0418466330711	901.5296344717228	743.2612215501258	3084.625096444432	3001.5385825970134	1030.6118557140487	501.0527683349105	452.1377501203916	388.8386043417124	273.42880517272306	1019.855962753244	219.5742820925996	1056.3705010408755	75.57217889883056
K06918	K06918; uncharacterized protein	12.308616179879309	24.261620593887628	23.67310611556555	19.652802145364685	48.35010237356988	33.18736572314336	64.21259506902896	26.933528369929	16.00197241980771	13.398902579000026	7.793366954348746	23.27385951694796	24.558781706754445	53.35799377185516	2.7957475181438425
K06919	K06919; putative DNA primase/helicase	21911.01167398052	30053.63080094327	44591.01082740573	10314.355436618098	12998.549982348568	12127.880087542972	9083.116675062502	42825.46480250787	7710.30273773697	3485.513169899079	607.9387871078991	2314.0044118808305	2625.5286703015518	3292.4466045818376	645.5867285215753
K06920	queC; 7-cyano-7-deazaguanine synthase [EC:6.3.4.20]	20465.115579171223	21969.423550748343	77698.12312211822	19639.264532939716	49727.20579794845	21939.46630551489	4462.146875198556	30792.579989911785	18809.024491919045	5404.858056092041	3417.404516884741	2498.196970469786	1249.6744810594175	28875.767791819228	829.0184650223684
K06921	K06921; uncharacterized protein	36783.34255271019	24608.1191719458	125430.34906925392	17053.79227087177	13911.199488984808	11744.824657332882	3650.153457809297	50320.6837189418	23632.92517695294	6449.702789007612	290.52343992058974	2598.20730757318	1168.5692559907843	1432.658551211605	871.8901136323076
K06922	K06922; uncharacterized protein	292.9211618333171	745.1996596844017	628.0403440902302	758.3901595486275	223.12763954391997	279.998832901395	1381.7614491607685	419.1269939811712	986.5465749450518	514.7066250557821	87.16820218452322	160.16511339691024	73.9378543874964	131.7750311890899	22.315375749652347
K06923	K06923; uncharacterized protein	31169.67537269072	30761.148829586306	14912.389746967236	18407.85506062736	62090.3548446839	33515.85817510562	13061.5482741782	33172.183934359586	11093.009676401129	6605.702586142158	4049.6903962536585	4299.524762312732	4775.89298107926	28840.81897546511	774.7865169563465
K06925	tsaE; tRNA threonylcarbamoyladenosine biosynthesis protein TsaE	53346.216785161545	53086.71368240104	113246.0792377545	41204.01832863703	91232.65095822986	53536.62712036944	20815.099604082872	78358.74379468849	31472.265226400228	14269.506514645462	5978.122906775094	6385.470403226349	6359.815653519231	38951.892621243416	1550.498995303376
K06926	K06926; uncharacterized protein	41552.62160892787	37367.01802244724	95819.22078852428	22417.618516310824	32522.44701496861	18112.25982233428	7284.762391925524	56052.94439297395	23634.266901348936	8943.610045868185	2208.108817347736	2982.793099180619	2993.6723502600344	15499.431098432397	1348.4942399749646
K06928	NTPCR; nucleoside-triphosphatase [EC:3.6.1.15]	4900.91290904036	3278.461773750478	1832.8819559357491	1750.3277897186572	1799.1259805388372	1663.153094868257	602.7495392703584	6240.649547057192	1081.5006369686312	514.4155479612359	177.57111493378102	585.7241759807689	1041.4567271534993	382.6770973025113	66.16952039726749
K06929	K06929; uncharacterized protein	410.5960245311584	1277.8820934112646	810.0118931561715	2330.042643914957	1766.3672463433973	1867.8442861617727	2684.606494351377	1477.5484449139446	1723.9342401336362	2126.3908099673954	289.4178079350173	1067.3692882087637	654.9765364424985	1140.313600498544	121.72505460178952
K06931	K06931; uncharacterized protein	0.032269038803922	0.1431226831841225	0.034416473352965	0.6743260506556156	0.3374463363497496	0.4093074179534923	0.4337824327431595	0.0933408194750762	0.0875459426456138	0.1246870884501804	0.0602240349869989	0.0623714695360419	0.0975165367538608	0.4445381251746487	0.0023108928423266
K06933	K06933; uncharacterized protein	0.0231460111089516	0.0164624169200132	0.0003361434955972	0.0226335675398997	0.0058389893919702	0.0087853643775995	0.0131469007973042	0.0065592309585496	0.0175123627592713	0.0079937741119255	0.0005882043006523	0.000609178156645	0.0009524377819541	0.0043417754570599	0.2802306078897916
K06934	K06934; uncharacterized protein	9923.294468598477	12133.970570592232	5268.915842996415	9241.34399873699	10952.779958657427	10430.47986041065	12187.68178228606	15484.829040190403	7664.077396465213	5694.344402738478	839.4214380191274	2251.926170868062	1608.1805481151068	1819.642872361147	403.9418633333871
K06936	K06936; uncharacterized protein	26.694228328168897	195.6455735748077	12.656203073029715	432.4199926900871	182.0298433316592	252.09686653592297	24.112459869881825	494.4964128095939	164.7057895280547	493.0859299010379	14.364854939210575	12.534516318185489	224.74681858766183	1.1450166367440893	0.4132056283412298
K06937	K06937; 7,8-dihydro-6-hydroxymethylpterin dimethyltransferase [EC:2.1.1.-]	2128.341453657952	1834.0642746340595	929.6553583172422	1323.5754564015292	1860.7407075328813	1974.5681282454016	667.192833547562	3369.483419286092	506.4226001778235	306.08047934667417	208.24171865231384	432.2087058364963	1015.1771418015704	321.3914883787468	30.85701279460847
K06938	K06938; uncharacterized protein	25.892725422650397	98.94157411742898	98.27356863612876	227.50893486040616	884.1050267253812	612.483370847214	1349.2812426934324	231.7505110494956	463.86120520255565	332.08904914955866	110.637271484466	1860.3887993649416	198.5783360330933	1125.813678763279	118.70017293100156
K06939	K06939; uncharacterized protein	0.0	0.0	0.0	0.0	0.0	0.0	0.0	0.0	0.0	0.0	0.0	0.0	0.0	0.0	0.0021266358787638
K06940	K06940; uncharacterized protein	14795.297719234297	11609.696847274074	17713.285719361662	9399.019727093417	13220.141449438162	12805.095971506194	6593.297211242293	18038.74390223439	6778.892110605329	3881.263530579723	663.6116175804968	4161.749473027239	2244.252101538952	3622.0639875290935	447.6873977850028
K06941	rlmN; 23S rRNA (adenine2503-C2)-methyltransferase [EC:2.1.1.192]	65432.36187198689	58292.96414811567	102625.5759977771	42415.61228261255	99112.86440647364	59916.617621269455	20547.0374286466	85762.64260143225	34106.464195356755	14593.46283521081	6001.298311253266	7426.426409991049	7638.446039257257	39581.01081655997	1813.2771603184572
K06942	ychF; ribosome-binding ATPase	54079.76441946802	53790.17259016803	114116.76552649184	42164.87016962492	92017.58995308728	54261.95162973426	22142.668551674757	79538.11082713146	31909.81288535832	14568.652142034876	6082.506461015089	7140.370733249921	6643.602531062186	39512.70544817413	1581.059673771119
K06944	K06944; uncharacterized protein	0.1107230880183665	0.4910894788007836	0.1180914693957028	2.3137801876746398	1.1578622043302815	1.4044354261685208	1.488415281697335	0.320275538209991	0.3003918763152904	0.4278323737224276	0.2066436241626199	0.2140120055399562	0.3346034614743982	1.525320734228062	0.977653356827882
K06945	K06945; uncharacterized protein	13.9502325330159	38.64911669613386	592.7399147790734	1338.5454406520844	1241.1744039370292	714.2533301000109	797.0136612519107	170.08778966852714	335.6332156553281	314.62388431399984	90.99311732093672	1452.7388097740957	220.7375453598788	746.8480487122721	11.52171916490089
K06946	K06946; uncharacterized protein	434.4472772206401	362.6261899217119	267.27136341504865	557.7750913792363	989.4294294557036	897.18310158084	500.3810986628328	476.1042725067364	403.5112153439228	536.5174617722994	162.3810147062644	128.5634537339876	393.16010191051873	397.4322394790747	89.7526756834455
K06947	GRC3, NOL9; polynucleotide 5'-hydroxyl-kinase GRC3/NOL9 [EC:2.7.1.-]	0.0140726382368155	0.0624162918570638	0.0150091417914937	0.2940758980209733	0.1471615019165562	0.1785003654897978	0.1891740031853162	0.040706250755786	0.0381790851422253	0.0543764659128283	0.0262639077253937	0.0272004112800719	0.0425272953490457	0.1938645974572601	1.9976503915012904
K06948	yqeH; 30S ribosome assembly GTPase	943.1886962355336	6052.11399850919	16731.663325042813	1281.8326967343778	5519.495291142881	3925.027174953523	3107.362434920983	9320.825703961942	588.571206608291	2329.326380656606	679.4650605931425	472.5178998875863	207.7602442827581	1903.3242499295984	10.545658150744195
K06949	rsgA, engC; ribosome biogenesis GTPase / thiamine phosphate phosphatase [EC:3.6.1.- 3.1.3.100]	58134.8028278713	58666.028555797806	125983.44280472922	46137.10843501431	137126.71867065204	71446.85729077413	24222.382961928637	82427.30800817785	34731.315160281454	16067.780604336396	9221.160856320435	7214.843793696218	6638.0476981387565	65458.179397777625	1703.8059931090795
K06950	K06950; uncharacterized protein	76905.54464292605	61576.48960814095	186789.5121446643	35235.750316278696	112598.63352964996	66570.94470088574	16063.643037790698	121965.82719776372	36843.551624476	13691.636932596266	5900.889064608811	5811.143978720554	6785.197009428031	43942.73246937952	1755.8893467886382
K06951	K06951; uncharacterized protein	103.3641351497725	121.97851752227646	404.9494912093106	65.45535896364808	33.266802161490794	38.98623445431495	41.94866153953724	129.7841045554726	19.13494221943156	15.05625023919622	11.095806510701124	24.92151196424455	8.941772465636976	41.7272121171796	9.636423454073136e-05
K06952	K06952; uncharacterized protein	6073.74107683084	3728.4183974608	2156.1325151682936	1107.3061978613423	1901.1055800611607	1759.0749994213334	949.1363071716625	4882.219971007275	1308.1654954379696	1096.630631807726	76.307016661933	402.08064356145246	986.005341973042	321.4491348422701	109.4110911314499
K06953	K06953; uncharacterized protein	4.650702263547906	18.062784675655564	0.8816335411400658	32.776063349933054	38.53973188130408	54.6393859981463	257.2833746417828	29.905490245770164	12.603211871544056	12.239523482814114	13.093317797794366	98.22188233212532	29.233572736234738	167.31308643277754	2.485479736491388
K06954	K06954; uncharacterized protein	6.16318057026144e-16	0.0652635876007629	6.573326870837363e-16	0.0060229092370906	0.0060229092370841	2.110243165959763	0.0228918782514439	4.000000000000002	1.6720716597641101e-15	2.800000000000002	0.9000000000000012	9.156819697529166	5.963300511134498	29.833955583580227	0.0002379948039948
K06955	K06955; uncharacterized protein	23.13288844460232	27.40164101251007	79.847561812818	64.22555421894316	134.21134428340045	149.69172764235452	850.0055144265282	131.1780793900935	201.62843309601163	117.32131999912248	40.49664214834786	925.9917354612304	97.30747664877089	487.663226707617	5.84313584058262
K06956	K06956; uncharacterized protein	1797.2681389640625	2753.0235829497883	1831.4000252546712	6786.881671461451	63074.9280190857	28068.222683446227	1500.5719669204482	1999.7765241207187	973.303129885614	1346.6121473223338	4440.147230436767	783.096064629076	492.214399238948	33660.514615558626	220.70793220161835
K06957	tmcA; tRNA(Met) cytidine acetyltransferase [EC:2.3.1.193]	16.67000552398131	68.03175186496267	21.868662904991734	74.64588627553002	156.60350147871478	158.6305168531582	133.38375330778163	76.62275824129998	75.51650958621148	74.40493944523675	32.48411391940882	28.16981627221141	77.18447730325491	71.96296698677435	15.613121837186892
K06958	rapZ; RNase adapter protein RapZ	36021.28173069711	41953.98943237073	41768.06137736415	26257.60771304849	88949.023887356	51209.94381942464	19360.903642782847	50941.30449800634	14076.85596031921	10451.721397574736	5879.128780464136	5498.56032517781	5701.867104460116	38253.85565004218	979.328520418946
K06959	tex; protein Tex	51487.77283864896	45914.95634241661	94677.25658982772	29023.93077304028	87189.7508184437	47988.63900260477	10681.632419202302	70927.00684410633	22698.55655653766	10185.032052142076	5321.881077183154	5249.4223878547655	4318.793291336652	37740.90329458087	1390.2205818318648
K06960	K06960; uncharacterized protein	36083.251813572366	42017.92142452906	41710.74101823719	30703.519174309247	88583.23744555363	50560.79365174133	18000.790396272998	51194.433313463465	15612.955787329942	10151.242329134617	5780.630466585971	4254.436383636634	5929.124589140912	37892.92369025543	973.1412927083028
K06962	K06962; uncharacterized protein	1168.8661720874154	6718.852927118398	15892.987841679133	6832.509990550269	61999.31154766216	26115.96316845854	2295.5646792272355	8197.516348597539	658.3219901844981	1786.712651321497	4356.106704000429	561.6500075613875	320.579362802696	33429.078122571394	70.54904562414823
K06966	ppnN; pyrimidine/purine-5'-nucleotide nucleosidase [EC:3.2.2.10 3.2.2.-]	29856.5053838018	28195.053795093096	90060.3666689542	23921.53946727332	8209.047403862005	7972.313827041942	9482.149157237372	42719.54117036306	27031.80404498866	8598.671271468154	1005.2181054220912	5296.768013936998	1686.979564920399	3994.172421068352	1168.9893139362407
K06967	trmK; tRNA (adenine22-N1)-methyltransferase [EC:2.1.1.217]	35578.79438291532	39524.65502121341	32175.048500638022	23693.86056456336	87896.21963616124	50567.0241114456	16323.307999676466	49157.78428510147	12618.751167968205	9413.944223404236	5635.595096353269	4195.586006572263	5286.121833752856	36794.21748083635	841.446900439634
K06968	rlmM; 23S rRNA (cytidine2498-2'-O)-methyltransferase [EC:2.1.1.186]	17.465693798931962	70.29889390982127	27.225511780215232	88.21341868590675	211.5183986674682	246.82915035695504	390.9381742671924	110.70906689119929	160.23284763038205	127.48343382056896	41.90602689477977	442.65719241924455	106.06914574896872	257.1114804381953	15.915466078202744
K06969	rlmI; 23S rRNA (cytosine1962-C5)-methyltransferase [EC:2.1.1.191]	77801.2296033832	61793.32072845745	112666.35222838292	55161.3184119364	97661.21555807404	61147.57794720472	22888.203830749862	100403.93493440808	42088.55912521553	16878.22138361103	5947.228088004974	8862.50401057989	10279.523019776609	39986.33940549346	2133.83679586598
K06970	rlmF; 23S rRNA (adenine1618-N6)-methyltransferase [EC:2.1.1.181]	594.1869723465671	119.32192809645034	850.5773769200946	126.76104378632634	208.21379698151247	243.50904789871328	192.8859398854829	664.0739243417161	308.2049871502412	98.41782553009344	32.55978922149315	129.8254939133778	77.89412060621255	174.75611929629127	15.608311607646424
K06971	K06971; uncharacterized protein	16880.38710847366	7281.445246827636	4094.4892246015993	14888.358841725243	40795.45419871673	35593.9268031483	8693.199222457159	34560.70979497924	5189.876424322705	5434.640991311859	954.983494716899	1442.747059328677	2203.162181638414	1780.003695692266	470.02731594545605
K06972	PITRM1, PreP, CYM1; presequence protease [EC:3.4.24.-]	15569.64365775396	13913.111004069257	13463.837954790626	2878.8941761874776	7359.806710643548	6143.468819335019	3806.4315718240746	10778.70298188518	4187.454592718589	3177.514271776032	579.6238277538213	2301.865546733329	1441.2130356594455	2457.258322817507	338.6191378074342
K06973	K06973; uncharacterized protein	38673.28999163975	35757.82521965956	50710.09942570737	31451.642865801496	86991.8915976781	49991.90451554064	15640.847619299677	46312.68160551624	20705.33488144164	11088.428843989725	5466.616609269868	4445.613730877949	4027.5826319498647	37516.20726210161	1141.2761755167403
K06974	amzA, AMZ2, AMZ1; archaemetzincin [EC:3.4.-.-]	4.780814622051312	11.407164300409196	23.48663065704436	31.11923635419796	62.24066977393916	122.0469909259882	30.014599288304765	34.49963924908555	8.221419262737136	28.52010781656621	3.0187680563871795	17.110746450613792	33.637073466730506	2.265174575061996	6.295287467347717
K06975	K06975; uncharacterized protein	20663.68656541757	23543.985118263343	64805.93405617226	16019.726284236873	8244.18952101238	6591.619394882189	8892.96852803649	38844.79135875151	15848.14355490162	6713.618858324904	983.6702696692988	3099.1133514169355	3381.883317462178	3633.013407805948	644.7181482123356
K06976	K06976; uncharacterized protein	1613.4448163428583	2527.8879421696283	1818.0289236994693	5515.12440130541	5224.093080870638	4763.314405652902	1347.883836609867	5569.149066129988	646.3624714362672	827.3369215629715	497.7866900246079	364.5633235701607	2247.255443953712	687.1563197145801	77.7734846149814
K06977	K06977; uncharacterized protein	14.422915279892774	6.5890032512613885	36.36253092923382	10.121697402179937	0.5837942699533067	0.6379341726796929	0.1674138540858424	9.285142243685232	13.838820453761112	8.806988406030978	0.012704226540514	0.3817141569409423	0.3383104273011871	0.982711430455937	0.6669362968758688
K06978	K06978; uncharacterized protein	12525.332714963011	6983.422753389962	19063.00140261948	7123.662864785124	5488.507501775011	5025.873158880646	3738.166613979544	12796.390203238365	7002.240006377448	2833.0595144350423	461.4782080237411	1925.61169601472	1467.8962722662643	1401.4443178680112	463.01394747197696
K06979	mph; macrolide phosphotransferase	5.593039984557915	7.995933881577339	20.5008178635818	5.765839396605566	1.4765215269969605	2.1739277735804503	56.88127438394567	1.969002339089453	4.520802174866726	0.7328553113895863	29.222312330475575	5.853861323702989	0.4925251564431873	2.0422302196183315	0.0189910850568789
K06980	ygfZ; tRNA-modifying protein YgfZ	217.6105624843665	267.69412691919865	1560.411650438583	1503.8582210861834	1385.5386559112785	745.9851783184336	951.633638428453	865.6038038674617	403.4839119977918	309.6732860465104	131.89905616665422	1090.8874732531312	189.18776272097895	753.3225514862402	70.22273457669787
K06981	ipk; isopentenyl phosphate kinase [EC:2.7.4.26]	0.0014681725524486	0.0055936780170783	0.0002812919122891	0.0052991647449036	0.0025648435758594	0.0077183864742434	0.0656168285504596	0.0058042754804001	0.0039786872377378	0.002979947650979	0.0035651689308859	0.0074445957352195	0.0067031916719563	0.0209754867676107	0.0007845618800292
K06982	pok; pantoate kinase [EC:2.7.1.169]	0.0	0.0	0.0	0.0	0.0	0.0	0.0	0.0	0.0	0.0	0.0	0.0	0.0	0.0	0.0267040289430171
K06983	K06983; uncharacterized protein	0.0	0.0	0.0	0.0	0.0	0.0	0.0	0.0	0.0	2.8	0.0	0.0	0.0	0.0	0.0
K06984	K06984; beta-ribofuranosylaminobenzene 5'-phosphate synthase [EC:2.4.2.54]	0.0113210356871061	0.027012324121402	0.0556166688856456	0.0736907856030201	0.1473867738878818	0.2890089762953805	0.0500550019970811	0.0476721737136736	0.0194684354508967	0.0675360129845244	0.0071484848502223	0.0405184861816097	0.0796530589933803	0.0053639649785875	0.0097342177254483
K06985	K06985; aspartyl protease family protein	1.3328931311666603	3.743799319203842	1.4186875026874397	16.810892478286842	162.99941933102954	50.66215564858449	650.2925063527222	123.26946162174268	318.49809654623874	153.36871304499496	36.836669403402944	1440.9854373115695	112.12224993832903	703.9617931024296	0.7141726192879182
K06986	K06986; uncharacterized protein	3.7431180411855673	1.3986329074582848	535.5000152986133	1251.96	926.41	386.5050481695568	40.19000000005976	0.0	0.0	106.51000000003448	49.57112916006339	93.78	38.18	5.360000000048269	31.09326064976861
K06987	K06987; uncharacterized protein	25580.495480256024	22181.352213681617	10619.826753876008	5170.084649443813	19763.85298991029	17722.891085038656	4588.37199745056	27967.943715471683	5572.498592501272	3077.134765488096	260.07147777143604	1595.0099173872682	1135.603803549418	1483.3854894094277	488.1372029797553
K06988	fno; 8-hydroxy-5-deazaflavin:NADPH oxidoreductase [EC:1.5.1.40]	19.91619841330889	80.91890081961252	64.21872523221933	97.87395242950464	348.90724730388564	257.5228203001146	514.5014122458493	186.1078124444741	226.9849456025744	166.9028518419944	73.90456593931273	732.165253566424	122.97428450374557	455.7059229856415	15.822880989036037
K06989	nadX, ASPDH; aspartate dehydrogenase [EC:1.4.1.21]	4879.828256764742	2584.615015291596	5541.6234362428695	1303.248303469164	1030.820436959429	664.6535322111674	1539.7538111286376	5753.045105963054	1553.4872507222826	549.1691776890312	175.12700966901198	1515.3625509425358	312.1828365224717	863.8946324017002	91.03766567111126
K06990	MEMO1; MEMO1 family protein	751.657260625612	387.2340898601952	4654.1462758367015	518.3158910206873	392.85235154705657	724.7474495673302	845.6980974012413	1600.4806193342472	918.981749032751	263.65499532800976	65.16884256483367	195.15427027379388	278.95594972641027	341.8577771081205	38.550521249341855
K06991	K06991; uncharacterized protein	7.273886512176732	28.332651539789783	16.994223141150968	71.227311023227	254.895330736046	147.92973532142787	599.7947677343974	75.94166695791618	187.30250571915283	103.1988273865046	38.185321957016576	829.0830513991878	72.27167626075224	465.6079118171328	2.181488232535278
K06992	K06992; uncharacterized protein	0.1648883141747451	8.81241029693363	5.426113156308336	13.600277741822527	29.63441140279855	86.17269162037894	122.00478651200773	10.61288785587588	6.991781096369531	22.600047935227423	0.2883877040763044	110.300649498486	3.84116932767784	131.19878817988834	51.013469791720375
K06993	K06993; ribonuclease H-related protein	0.014644563583892	0.0104158297598169	0.0002126791856883	0.014320338714438	0.0036943493638651	0.0055585313006975	0.0083180909121208	0.0041500487657137	0.0110801342281006	0.0050576893230675	0.0003721589538981	0.0003854291872112	0.000602610773488	0.0027470567800472	0.0
K06994	K06994; putative drug exporter of the RND superfamily	1187.6117071176286	1511.2719934314005	3567.6740388093394	3545.080336295824	2909.667086701761	2278.497206287362	1347.3754782739006	2520.4127149106635	565.2297981776317	1013.7026973132276	336.91734290203794	275.897158290753	1033.7483426332278	138.11198876656812	11.851858940086975
K06995	K06995; uncharacterized protein	98.17037086856313	193.1455736899506	325.47034254015625	397.7068617598559	277.0682872867427	373.009451284948	600.1878955752491	349.4552561059702	101.89163966982824	156.41335950052823	38.64367310558967	422.2554214141254	59.02623259754458	432.8483880703503	16.09886493619433
K06996	K06996; uncharacterized protein	682.9762084050064	234.557931271623	5374.971560725963	1240.2626731543437	1187.026932846005	505.7363718781173	1311.800786456224	1622.392992280106	951.001199122503	332.14897648078136	132.82937898864276	1734.68468772149	175.36665602614917	1067.4114011939212	32.23453024137274
K06997	yggS, PROSC; PLP dependent protein	53369.671525159465	47633.574110550704	98192.87720025404	39135.53202744601	89819.36875376051	51838.42128097525	18559.384017702443	70938.04048632775	31426.54490949157	13375.469758982425	5796.909350885476	6695.407873787012	6172.678874328363	39107.95289215844	1510.5985047927416
K06998	phzF; trans-2,3-dihydro-3-hydroxyanthranilate isomerase [EC:5.3.3.17]	35.8477374137402	45.21906381048935	60.71703198178834	44.69528096316788	41.02665872693166	36.15864012130203	126.58774611385672	57.20481784544228	15.550024220338582	15.769327613673603	5.9361292861200186	72.8510222202531	23.698514812635683	135.1177390593961	2.192004385683928
K06999	K06999; phospholipase/carboxylesterase	231.72354422734983	369.1823640647731	1485.9721902147887	1381.404342160362	1843.7122819738972	1137.4015774015334	1421.5044391116078	982.4207618185684	534.4376454328712	552.7120658123301	303.80512508910385	1580.4497186511549	286.2640633212842	1267.2661697244948	72.51440931766916
K07000	K07000; uncharacterized protein	6595.280806525789	3899.7064655559416	43359.41130721903	1357.838839755755	899.2528772912943	842.0964679479437	1849.8333214342333	14697.142778816333	8386.79414761655	1226.8735977285337	138.3107225865566	1246.0043995177875	394.9032345439011	1680.9363309391772	134.39420374780295
K07001	K07001; NTE family protein	40322.68951060821	39311.59825656992	127918.41731916062	58257.61038945814	277929.0471765484	115863.22929235504	16758.64165823687	57158.09037519405	33432.546890210564	12367.606693371556	19393.59293689765	10155.41515650686	4298.594573239071	153041.16707851816	1816.7831033153304
K07002	K07002; uncharacterized protein	24.27557148002589	74.8526372665841	164.2015617863203	140.95826117122715	591.1466215920464	391.9813484445723	1206.2848807023834	1173.564678531615	496.411590631346	386.52556789295016	79.05225425852251	1759.161384931777	168.78215393640835	1184.432514040156	55.37932604445079
K07003	K07003; uncharacterized protein	24792.458078685435	26776.004749459626	35094.32284567297	27237.411846619976	137656.56559541018	65569.76779199042	12137.445006631748	35036.60619104764	11187.017088715133	5493.655396946544	8868.939320562497	4033.7314043321503	4088.183370738062	67127.57924291688	775.5323108006288
K07004	K07004; uncharacterized protein	161.21968723861232	601.9698420326948	1103.2663863610169	2466.1598941224806	3968.153578451251	2375.3106911801606	1021.2880716621926	501.31680747821184	581.2967913160294	1021.3799093520698	356.8421959072841	429.4770422814096	327.61859462881307	1296.7033240270066	65.06148274369724
K07005	K07005; uncharacterized protein	50075.872109723015	43501.95178315831	85290.68562261722	28323.53332232004	28994.43016337984	26689.241895700263	12907.392782251958	62184.73602802017	26395.01210697408	11443.387455295548	1360.7925869246883	4652.42770170665	4657.292168606608	4789.007065096784	1220.789921494537
K07006	K07006; uncharacterized protein	1262.1450595543142	2415.1788789781867	3307.87478878547	2371.8278504995574	2885.476330248303	2486.0685949614854	2671.902088099084	3420.3371906248312	1216.204869314353	1102.5882620393584	360.2085734806335	2556.857050065347	1024.7852033691934	1619.0592426130986	145.4734169495584
K07007	K07007; uncharacterized protein	65324.840122452406	63556.08426134066	77367.8102794463	38963.112294669976	214284.9421215143	105924.81321249084	20010.845117472894	71612.26289114074	24717.050628016696	12198.322784376538	13825.824560117086	8131.389400565606	7591.121819843399	104725.61519226409	1637.8738990475124
K07008	egtC; gamma-glutamyl hercynylcysteine S-oxide hydrolase [EC:3.5.1.118]	3557.26261752588	8588.950889732361	1883.4597196950008	723.5991098264439	1803.1151911553147	1276.0425816176323	2212.7591004078517	3593.6771489895877	1444.3745609172993	488.9854478631887	143.09416125211533	1145.6447751634323	287.1377937470711	1564.50382622156	142.10117842814742
K07009	K07009; uncharacterized protein	11172.057430639505	19887.93182071966	28189.06397890891	12235.732356673036	70022.96926700026	33688.40414218587	6462.00757059816	24451.918862714112	3370.046766996075	3783.1722797563993	4598.421803734668	1781.1779186065216	2148.49548184739	34805.90435874692	308.3498463015494
K07010	K07010; putative glutamine amidotransferase	29585.034473193533	30023.919560623675	42706.70193105336	21187.131169618373	112994.6290451317	56059.302962928086	14866.065050413734	40800.704155158775	8707.567902816947	7078.634743261438	7634.529353478179	4435.504789716408	2982.220173827856	55446.645138182605	597.4374333669973
K07011	K07011; uncharacterized protein	40002.95292309427	24456.34952952614	114980.682754701	26500.137799158787	109614.16784428174	46393.03744248294	8470.188679618448	44087.69828472335	23650.443808464024	6684.470824514907	7465.538379791937	3167.5843893415267	2706.2873721374226	59241.70744929875	896.2644741498494
K07012	cas3; CRISPR-associated endonuclease/helicase Cas3 [EC:3.1.-.- 3.6.4.-]	29938.15632129156	32442.80622204591	27384.571613373828	16374.568320442848	25471.08957768776	23775.42150597557	12642.340574462814	34866.8523994765	12554.42049194897	7792.650575034788	969.7341712662978	3282.864433610132	3117.7680508487024	3906.811272512056	733.8002882278012
K07013	K07013; uncharacterized protein	3133.397000075067	1541.6325391801688	1207.8769605915038	1230.9681975309704	1272.1451153702217	1484.210562189797	1928.6828878183576	2206.1494650239047	1545.4589333647937	1344.419737901501	146.44932082465394	423.2752659263285	373.6397781238673	251.9078631946931	64.16330297978972
K07014	K07014; uncharacterized protein	1164.003122868642	555.9435501534895	11125.656048973731	514.4040080034334	201.00786857864236	160.50243441162766	206.7350429583836	2080.04876031536	822.4786964516012	139.7779105715059	32.77719115926221	310.893006484421	78.39214850826961	142.33316425684606	15.868056364566062
K07015	K07015; uncharacterized protein	31263.043459306893	32451.13709637008	44315.1312715642	15778.657014798584	25632.274633020308	23584.71349114791	14610.83642687836	47671.03639397021	10581.259418910427	8161.380482145118	1384.7601534298403	3461.8320194923035	4963.99063419535	4731.415508914228	748.2728671167475
K07016	csm1, cas10; CRISPR-associated protein Csm1	434.115678017824	1701.7239470981772	948.4487772282612	686.7270089996098	326.8509318723483	430.9725081244795	855.9564484380304	749.5673215390179	210.86950534338283	277.81097703952463	64.786669271871	136.06366631494456	202.11260850711173	225.4516376228919	50.49966251259778
K07017	K07017; uncharacterized protein	7508.312880391279	5751.107576012078	24495.77997921988	3950.5538170070686	1665.365089335406	1712.3686554780868	3119.3847051147045	10201.189101037276	4793.0409274544	1287.7309308954111	192.57085258558052	2646.7726141740523	1762.2772606020444	1267.4876952133634	143.62483835104348
K07018	K07018; uncharacterized protein	11.516975415254503	19.75489461578285	59.27875274532492	67.56825496064056	316.9706812633772	195.45479417249527	750.9690242601096	129.71219563444598	260.40013452299274	153.6638303858227	39.960291015635406	1225.612068345706	84.48481697087605	779.2980124793112	51.000237994804
K07019	K07019; uncharacterized protein	209.49943835037996	285.87195657731405	1010.8006859666492	296.4111181762722	634.3257257434013	493.8023148304628	1106.5454543454723	969.8733285768352	427.4361032249286	275.1673809031598	107.9198442442008	1021.7622905691304	168.34886321806363	835.6903942837523	73.23270283665373
K07020	K07020; uncharacterized protein	3.743469821070788	1.8815607436625368	543.9828508085769	1262.3412697005967	962.9851561152808	464.3618493555839	155.37110188788395	18.40117145026829	6.560953309021809	125.640714007111	49.57085422841832	197.3760134450509	47.42490662207359	67.14688141282411	0.0101285061774952
K07022	K07022; uncharacterized protein	0.1361240979704655	0.1415096779991272	0.0109267299726725	0.5154696192028646	0.1071343062883486	0.2855783483033231	0.2139173627458246	0.0296343532753112	0.1768387669615607	0.0395863379899865	0.0191202556234899	0.0198020348752667	0.0309600828083636	0.1411343924325422	2.968624875438474
K07023	K07023; putative hydrolases of HD superfamily	20815.27944352092	25206.148689751237	39774.946916418485	7104.379281758113	15787.087183889274	14605.675880603492	6562.121272179552	30551.315500113466	5969.653948748725	4832.975921879577	922.6991692483258	1932.27737228813	2323.910581003477	2605.32115895696	456.5918446014813
K07024	SPP; sucrose-6-phosphatase [EC:3.1.3.24]	160955.20079115214	175329.44984953068	277432.3100028478	142704.27889173187	588275.4685942295	295246.2652234477	81634.04203010061	211614.02594184745	79888.50225337231	47417.47699577413	40791.15809361469	27382.19837021673	22884.14045950059	291983.3263763747	4749.916230092169
K07025	K07025; putative hydrolase of the HAD superfamily	93770.20556274592	67616.48205154389	203535.82054554927	74172.66133811901	218089.6787064584	115127.34958150156	26977.221430152946	126094.5386554393	53383.691398904266	22348.371720797277	13683.112168842325	11883.587668547156	9817.626670382157	99447.04021304131	2704.3304294562013
K07026	E3.1.3.70; mannosyl-3-phosphoglycerate phosphatase [EC:3.1.3.70]	10.640034229410672	55.3319272969112	22.087634133597664	77.0267565774031	157.98900866185932	162.42268291784205	118.33511899843518	73.17073029304098	77.25094664683944	75.80080248766645	34.00765952684415	29.877041943357497	77.3352218298912	80.81622610009929	18.524107683138844
K07027	K07027; glycosyltransferase 2 family protein	45961.180083224375	42928.670034631214	115043.85588836476	31461.582467420398	81825.03933286815	44699.60015130437	11973.31510985163	73712.38224735846	27912.79329660125	10382.267778174792	4963.818224889222	4519.874420070048	3829.980754028572	36626.51079634066	1631.3044334906203
K07028	K07028; uncharacterized protein	61.0178531747181	36.323825222956216	106.98359813497316	127.90863626975748	218.53216742672973	413.705363204689	231.9894967058132	66.18041662279363	41.72175042408459	111.78291184963456	12.628726436242262	164.84643881534404	100.3766770842134	85.09292604255054	12.388639300791535
K07029	dagK; diacylglycerol kinase (ATP) [EC:2.7.1.107]	1959.616183567024	8927.018554614671	18487.57903038199	2704.3561781359845	2876.0225702163902	2767.300222506016	3412.319775118077	11165.731620930372	1037.5701481866076	1538.8594773967347	345.9013379259381	692.4352888795846	633.770849657643	521.6729155884886	57.41042550802917
K07030	K07030; uncharacterized protein	36857.94777395056	42262.11986964344	40661.508334821134	24992.524762956844	89169.48930034212	50938.88892417951	17475.16543418252	50734.17340290256	12921.171947317616	9027.514515069515	5736.972080887574	4678.227145927405	5468.230607132513	37153.05253569927	916.7920983110628
K07031	hddA; D-glycero-alpha-D-manno-heptose-7-phosphate kinase [EC:2.7.1.168]	8725.626616095224	6074.0407780135565	12467.451941060732	2648.0109030177664	3217.4097568418592	2642.318963976353	1712.5122438079206	6996.359935281205	3057.1775161757228	1070.463012586832	210.6195640324601	923.3716029945168	443.3061791651862	981.4695235416364	148.2758772648792
K07032	K07032; uncharacterized protein	1222.9930094958045	2532.7322271474336	8420.900958981329	3452.334672580236	1177.7682209248674	985.2347653373696	845.1911147203268	2395.2585165725945	3513.852888810205	767.1099898771646	148.17507238645095	945.4207760265464	276.933516163592	1110.9781335757546	102.20131504176706
K07033	K07033; uncharacterized protein	21012.978897966776	12985.51650475412	8647.870629342477	7975.093338677506	12353.85189457407	12571.251851485076	5510.605230282056	20794.892574078414	5826.247432219778	2849.9703844416945	409.4609764566396	1871.869626247393	2655.587473470739	793.4051783990985	370.0194176063766
K07034	K07034; uncharacterized protein	4258.101541645614	5187.181429210135	3090.705472187281	8976.666328363772	60973.22567215408	26314.45129776517	4090.4289273192026	3972.4297727742687	3091.671519145308	1985.8403020729295	4353.215149115846	768.6851981725051	787.8457378154975	32802.521300174565	182.2178413207161
K07035	K07035; uncharacterized protein	13936.710157219984	22558.55434559864	22346.19531329326	13569.245361954634	72339.88129225578	33696.997052340485	10482.85071316227	22991.256804242577	6462.622810003553	6801.191727461589	5593.293442647858	2989.1417354816263	1852.5933792527896	36811.38335233166	497.9085706813616
K07037	K07037; uncharacterized protein	24979.14012237036	16297.302843452157	74456.35709438266	23009.40021818584	61828.764031628045	27325.460572363943	8319.546797522908	31216.34222879116	22190.271543450195	7537.069235568709	4366.551255789448	2083.9542443233045	1268.2693124024704	33922.35463561309	738.8439892145301
K07038	K07038; inner membrane protein	2287.4730038570383	11555.430068184894	19575.33491482972	11516.201591237806	74609.19633774133	33496.3764091638	6540.139644161316	10802.1847294971	2895.0434175753862	2126.6635653391804	5413.023373857069	2335.776763680361	1236.831041484316	40520.047396959664	259.931991292307
K07039	K07039; uncharacterized protein	14.8576397132689	64.1285376309482	33.2254102092848	95.77283241484548	281.86422698154473	338.56637093038853	584.6389510743743	148.18878403349967	248.8196711935037	200.18774231862375	47.129146190228106	930.9512511560492	126.46379459001156	576.7281248842688	66.88384212238306
K07040	K07040; uncharacterized protein	32764.10851391037	37517.51744895842	42636.59898828189	26118.67993315572	77923.47218556314	42395.88527806769	17870.316155771456	44596.08092773816	15348.865822948848	9260.721508163111	5471.488849773667	4851.580814943871	5334.011319253685	37270.41576852817	910.1862588227738
K07042	ybeY, yqfG; probable rRNA maturation factor	34535.422456021144	41659.688213861045	44037.53889175573	29077.939728663376	89534.97551737941	51972.65677335394	19788.227643485843	50309.619677630006	16113.04163328651	10780.420346201983	5887.593137829329	5517.927938523353	5865.012379202473	38783.72836991871	986.0324655523146
K07043	K07043; uncharacterized protein	39524.09604911292	35812.01870976886	54820.77556348904	29980.15796226948	31783.71272827569	28469.43070714465	15585.216485126171	53161.04018771608	19377.03058253848	11528.372188758438	1855.0027905897427	7024.989268312375	5875.891360440734	7009.228263021871	1356.0160596434532
K07044	K07044; uncharacterized protein	14.009646570851414	48.43815297199317	49.26512468934764	122.91481795656776	634.789154803695	350.95576152873133	941.2211139312848	127.0710625209323	217.252152787022	130.1456454909539	68.6784248042791	850.0381157308302	70.66904306107362	1150.4288378565634	0.0051549334241361
K07045	K07045; uncharacterized protein	39042.84810997096	42763.70044096252	68283.53533043462	18957.14429132976	31933.31513844576	27741.876324943813	14330.468219715334	58569.53887204747	15818.602545402726	9967.935436619722	1370.4136688643755	5850.487187150308	5313.417030634863	6192.117418290844	1181.3763308152395
K07046	K07046; L-fuconolactonase [EC:3.1.1.-]	22.139350044917485	33.69687633478428	27.00011390346013	45.38923230283588	180.99618090974	85.15484174237481	175.36879179361551	65.02302720565648	45.37623267061263	25.86854340328471	29.06354303813175	71.69775398701125	15.90479682112295	102.58258372860604	0.2150886974566122
K07047	nfdA; N-substituted formamide deformylase [EC:3.5.1.91]	29931.66451670753	18096.065519426964	12839.765236239307	21838.70223947637	85158.14311762765	46708.36819829517	10648.675968862284	35706.62185063755	9179.341524433696	5820.70114558852	5344.4218509851735	5360.0233945507225	3721.542924531924	35406.25419899419	920.0047272413722
K07048	PTER, php; phosphotriesterase-related protein	5261.247465241089	4784.4398722506885	2467.0492442099185	4176.715324224182	2989.825288620769	2608.583290786792	3699.4382279318647	8678.512779636696	3454.1418008261826	2612.4345363492494	451.6682443716637	1449.07339595499	1680.270782896285	1121.9112433509058	307.64996374116043
K07050	AARSD1, ALAX; misacylated tRNA(Ala) deacylase [EC:3.1.1.-]	9.575264578172243	19.2399165895617	44.89534442419952	60.72075563394188	260.41129024052003	178.64680376139418	518.3980530033268	98.74219108431645	179.13952241560492	96.53379914823566	32.28130699002509	825.3567570927021	62.195000748572944	438.7069133885251	0.026942023747011
K07051	K07051; uncharacterized protein	22.839734028189625	418.3410086274991	2959.8235082465067	2990.8202808851124	166.21810666526554	358.6413789187357	49.59762662380329	363.3126587462039	2188.3936854924304	286.7097212681428	1.629324708011942	7.788654454903867	90.09620735004574	410.58653680460407	13.301299864808785
K07052	K07052; uncharacterized protein	93772.52454930516	94587.9900347834	212982.29820391003	52465.10779387442	169371.8890720608	93284.5868338906	26785.1521165725	125172.10216151056	42205.72068304419	23161.656364127823	11285.848282667004	8522.281321765937	10491.722101899584	78270.28009885341	1806.8589766808573
K07053	E3.1.3.97; 3',5'-nucleoside bisphosphate phosphatase [EC:3.1.3.97]	61386.08993399737	59902.09990467302	53902.66429943697	82401.02188917217	410201.5959273289	190650.6125025443	43715.46698324933	83304.06377093574	30772.715843465838	21400.15794781049	27298.87742118303	13123.211321806371	13030.99403998147	207606.39569183183	2262.458626423607
K07054	K07054; uncharacterized protein	4243.4266393547605	3184.6312861347333	14019.891848214858	6518.755857689333	3342.649333498357	1731.1617130173104	1107.3435549057735	6876.926348854258	3907.3819115233578	1435.8215639876792	243.38141882500088	1460.264765473235	283.8579403706125	884.8295946757576	233.47444207701668
K07056	rsmI; 16S rRNA (cytidine1402-2'-O)-methyltransferase [EC:2.1.1.198]	64427.593827226	60019.02693261707	148106.42371356877	50357.46986473636	92905.98202012596	54952.574978513134	22609.45184697637	95063.7475892886	40125.26041512604	17066.492719174334	6096.207562890844	8569.48426872829	6571.64024946965	40068.537083426185	2121.394503367399
K07057	bpsA; N4-bis(aminopropyl)spermidine synthase [EC:2.5.1.128]	291.8404763056556	1386.881619609308	586.5009724062187	1669.937197544915	600.2267908817753	733.9774567477596	2237.085265507775	947.1154168856076	1316.9281809762542	937.468044859872	157.65890010882313	275.8588462024324	264.299882319083	218.9676430859846	39.53181587378919
K07058	K07058; membrane protein	40963.55351039868	35798.737055824204	90783.92543779669	30005.371897363217	76090.36740376888	38534.0022693393	12606.177337233552	54343.268770138864	21960.801131071144	9204.459023721512	5467.40059844057	7261.209472948156	4125.222674464787	37304.22389076612	1156.4021670041616
K07059	K07059; uncharacterized protein	10.471138583924423	0.063989559074294	0.004318783702206	0.082228469581757	0.0396774718847246	0.1197681404466681	1.0179978115885084	0.0900663996610669	1.4366628362678662	0.0462405957485019	0.0553216212553455	0.1155196608202911	0.1040151078579613	0.3254818935931605	0.0121742436388766
K07061	cmr1; CRISPR-associated protein Cmr1	623.4747556929166	2789.1513944402614	1211.779644828806	2592.49306052584	812.5537341326847	1043.0492297494186	4342.944205761374	1575.4098303997444	2617.1764745895343	1810.1875968035083	279.84363246399283	518.2331939728226	254.62598229820185	371.9579949007286	82.06527988192484
K07062	fitB; toxin FitB [EC:3.1.-.-]	320.361699744305	914.2698929628508	679.9808227537599	1176.0195453904714	795.1915965937128	877.9518402367936	2873.03733869178	788.0019913442924	1049.6317823125894	754.1846540575783	187.271865805713	1269.3863094991204	303.53208991218594	1040.0316137552895	46.258621057497
K07063	K07063; uncharacterized protein	396.24818186117005	69.12921824121256	383.7370310342366	65.1250433706805	119.93829826067372	19.539033169850637	222.01981408553317	495.6431922870032	49.81186890751131	29.28664020169341	5.163676685161102	53.96686965373891	9.237647238817123	85.22481326593956	1.6903802041052294
K07064	K07064; uncharacterized protein	0.2036646779677275	1.9916753488066423	0.0394326218929782	0.7350993447389402	0.3568834574015239	4.0456452534236265	14.975173531221326	13.978949152118512	0.5519229014714205	0.4133778946385426	0.4945597034888113	4.914647469612214	0.9298657510985218	12.167154076641724	0.1175752513850178
K07065	K07065; uncharacterized protein	10.702198802322858	32.2046477367692	427.0929034359001	1295.6159405941648	775.7609777534378	453.2008967137548	299.3497323922505	44.8763103789691	49.50737530713205	158.13662043691676	54.427204017439486	121.4579960699307	86.49236472175839	95.73402423783044	6.597362644311306
K07066	K07066; uncharacterized protein	1456.612817312726	2711.3085133551067	423.97050475620415	112.52231986787837	315.2724730625006	270.3331304238316	240.9583812447504	902.4023420545502	264.5449466481856	181.5821443748148	12.654940067795795	24.971491970992098	42.4666662616702	88.49489742789076	17.17225453920822
K07067	disA; diadenylate cyclase [EC:2.7.7.85]	263.4169004531178	1504.4079493471318	1211.2994402381896	7270.996997322335	60133.90204149867	25204.706081100037	696.1844547207829	528.8471109408733	178.1128354041659	347.8277128622732	4124.517225500927	332.23582758989284	450.8888189963966	32725.97312283809	63.44682880695019
K07068	K07068; uncharacterized protein	1555.8390720252703	1674.3041336617343	938.8587265465144	1751.480027635243	1076.4193371987649	949.6674560796188	1225.749294871869	4122.127366408224	705.3768329508283	494.2691732084479	131.38715538169464	1404.5673012015598	1764.4678222908412	596.16789161698	76.15795105862313
K07069	K07069; uncharacterized protein	3173.6604729092587	4823.293407018906	2920.386978184434	4574.728510196799	2890.634268890872	3271.506172672968	5215.828539058503	4199.080724493492	3130.252015922518	1950.197241399392	364.2634158198085	1102.11933531434	1018.8392190970357	836.3508500865869	115.20274689133498
K07070	K07070; uncharacterized protein	10.000005523981311	53.53175186496268	27.05866290499173	85.02588627553001	184.4735014787148	242.5105168531582	238.34375330778164	84.08275824129998	82.07650958621149	93.53493944523674	32.48411391940882	129.6798162722114	77.6344773032549	241.74296698677435	15.613121837186892
K07071	K07071; uncharacterized protein	3617.312303019169	1622.4757861783849	25845.133466150328	4899.497506191292	1594.4961204714573	1236.9099615446437	1594.1088924621836	6680.294723728641	6224.277813375212	1107.7312440408018	217.7191549601239	1160.3122204527665	389.9729155292949	1269.49213329905	79.10627991967513
K07074	K07074; uncharacterized protein	9659.071627384274	10808.351377117626	4159.529351291455	1604.5490867157164	1129.161191120788	1190.49091390496	2301.40192015258	6746.111144659575	2499.531750096882	923.4990350751226	138.90316654544753	1343.5016442846768	681.9546059655111	1621.181693381187	139.32503954720502
K07075	K07075; uncharacterized protein	23655.9304363549	14229.481018059812	26257.725763549133	10354.4264536349	3959.599035417843	4374.745587491023	4834.134264573906	28090.65796348952	11286.42039431527	4952.424585477741	396.3203734258345	1287.191170701935	1405.9556393884604	1345.5467068688406	850.8082248097858
K07076	K07076; uncharacterized protein	555.5154860812238	488.67969169870105	907.5737275253651	524.7758092177323	498.35349252673547	820.2296599339346	400.4837480889259	863.792561740677	187.44037805434849	255.7850567890028	38.61962453526218	117.14608612999632	211.5977770939712	472.2227545429864	52.68730496802696
K07077	K07077; uncharacterized protein	0.0741026639117548	2.173726901992892	3.3723115451530403	1.5485232455266238	9.48080039870478	5.139934102577276	14.927637425126733	8.214347982809103	0.2010406198996286	0.2863315968505393	1.938298554573275	23.978535308195816	0.2239371055586363	24.75217279104069	1.6491500885552977
K07078	K07078; uncharacterized protein	6176.423682701785	11740.228450903269	37670.64346230473	5404.562635009018	5236.755044960972	4050.538955851879	5216.906153141832	17562.280778837783	5363.556694434859	4013.656933861642	648.8183019927937	1164.500812965428	1591.454517125126	2036.28324248106	117.27536898499172
K07079	K07079; uncharacterized protein	78998.7239552824	57962.32873666565	86544.55595993217	54200.93791565725	106271.28852147004	67811.78017150897	29594.015530063407	108440.32723286658	38561.17470071586	21720.176231916128	6557.485145199749	8770.252829017129	13860.40236764017	36968.86283416368	2346.3256728358497
K07080	K07080; uncharacterized protein	17961.353573447064	12729.848771337902	7265.9103068687855	8825.364903857397	10909.408207448558	9934.769458187668	3429.4838982015717	22183.11728322157	3472.5211875610003	1998.2376929726324	524.0519434922672	2017.7567983154336	1506.8053220657462	1158.1600462277063	418.00975006091625
K07082	K07082; UPF0755 protein	53195.28615527891	52844.45506817673	113120.92568870372	36014.94943420423	89465.82974928596	51921.40501974044	19259.28438292176	77997.44835471356	30011.86441883541	13721.888672345254	5772.650990653107	6288.778946004326	5652.14547065486	38566.62381310701	1498.2322072363954
K07084	yuiF; putative amino acid transporter	2002.449810724969	923.601499453664	540.9165239900053	390.6357707870822	542.7569810859429	553.9047467532523	336.4101974693466	1391.0319465316977	348.9536072918253	295.17239597610023	120.59402955006388	229.42814039868824	130.78036643086327	330.87711428845427	24.059960054283398
K07085	K07085; putative transport protein	26535.7600915034	17440.851668535084	128761.60421892116	17161.804050913706	5267.061947755253	4899.663633404069	2696.0574803822683	40651.855335901215	24054.7935145513	5510.388826215163	357.35976432721463	2896.5050416537497	659.9632840287301	2730.5463225511467	836.1898260915066
K07086	K07086; uncharacterized protein	8.495162149476194	13.813161800126489	28.746559264842684	49.49277841817219	27.681819024709952	35.04736392220672	126.8000749021952	12.448054886611054	11.055374194361754	19.999622286674168	7.829241805476137	18.08085625828877	13.714917564679244	58.87297233273676	32.106854419788604
K07088	K07088; uncharacterized protein	60300.31254280982	76745.10669260478	91758.10804753983	60496.55770090138	155811.20886780389	83783.06155137127	41107.66083635038	95153.42537584229	37196.15988844282	21182.72198249781	11557.08453055396	14496.350955014394	12015.573116167072	76685.84831225825	2383.701525480447
K07089	K07089; uncharacterized protein	40603.01227708932	27648.45978681766	47779.158954866885	34372.17676399918	96354.1481354525	52873.56007261234	13682.807102501612	52240.70290690079	17848.229574969773	8770.052922484898	5851.068500152733	5323.4292178376	6908.842265465688	42539.47000105279	1253.8577466045726
K07090	K07090; uncharacterized protein	72808.97251984866	55554.256912711615	66799.75693547435	49359.46009701651	96883.55282116817	71389.17020059608	35261.231201206625	106653.03489206108	28829.042592745544	20223.43697886125	6168.351978449147	14592.77179710992	13716.13462692597	31034.983706466453	2016.6916793804132
K07091	lptF; lipopolysaccharide export system permease protein	17808.593712779057	11152.631863139732	74674.44106212034	12947.226781867645	2514.621799471627	2564.659625886448	1516.7482372057111	27875.68053089441	18160.27948712434	4116.496152268826	142.3130140989434	2040.786628738333	558.3046458225949	1609.8183186380093	625.0566851586761
K07092	K07092; uncharacterized protein	0.0954344672888618	0.4232799467509739	0.1017854241137891	1.9942939055097848	0.9979848344352372	1.2105112776096487	1.2828952123320845	0.2760519591871735	0.2589138291491292	0.3687573694508619	0.1781103159562181	0.1844612727811453	0.2884014858176777	1.314704767731588	0.3730021193594272
K07093	K07093; uncharacterized protein	20.32134407944333	45.98186719816809	596.7249843633685	1357.6489918334491	1391.7636459211135	676.7380843564015	1660.4234075919123	245.6481022808441	587.2959925192165	396.7022153534164	147.50389177168483	2589.034884669373	248.82053474485247	1382.831706690003	107.95145694495318
K07094	pcrB; putative glycerol-1-phosphate prenyltransferase [EC:2.5.1.-]	3.924136322443669	13.17206941685384	9.036393419221335	57.681189172755	35.46968623697452	39.69168536628664	101.62134602411328	5.177504866488231	3.4118623813694877	8.792222048157305	58.9807251976458	6.028277321853485	29.42509021178814	42.96514285495636	4.490395829313957
K07095	K07095; uncharacterized protein	65858.5883726	66049.08190985436	129122.82127944771	48593.564254087934	142167.5371760538	76648.11578536994	26606.69545178453	91777.85516170856	38575.70467434013	17311.546495693394	9577.560384843478	8427.61729432888	8035.6336510331	65748.26140821121	1909.4806508748009
K07096	K07096; uncharacterized protein	185.00086673313277	339.99623456235	143.89334641761107	263.7719478081415	66.394822717384	61.9191513414157	67.37065015016078	1102.6213664178465	103.42674835925337	71.38437515968316	15.53967858860867	26.313493472323508	37.53525363297023	39.77873315700947	6.766789220896828
K07097	K07097; uncharacterized protein	44.18915663413107	35.360521560331854	31.961018700565884	63.04179388311163	261.9186317348108	241.68909291540172	40.91518332040501	24.86413428232848	22.037616035303103	93.3228051235708	22.36173549571224	23.370338524898465	37.20977359239095	76.77453720853161	4.774706640270728
K07098	K07098; uncharacterized protein	83727.80556231373	77552.62551765336	171555.40252805408	72997.06304806702	224939.4251115864	116216.69674559588	35023.728246115184	107218.90152999728	54834.00235668064	23573.281246997867	14952.92068735644	10335.296928496186	10007.860086713486	110627.3798027414	2358.5177773419214
K07099	K07099; uncharacterized protein	22015.60648970842	25321.448866069142	18825.614375080317	23686.96704070184	79768.19320430211	44007.360282760295	14829.497547009978	33377.86003895503	10898.06691187068	6599.063874145551	4941.379674034024	3790.221723328989	4856.326289318975	35546.02028491573	741.766955708506
K07100	K07100; putative phosphoribosyl transferase	8.88864217688867	30.64515787971581	35.85158857911853	67.66640309970457	228.12053329739328	185.23240952025475	190.93194429904077	33.96445794440565	28.471926913814837	47.900331900953866	19.44218538596878	61.50655563262147	39.65619803253311	67.15565912626322	34.205583673606455
K07101	K07101; uncharacterized protein	391.8477935459399	626.2425186669608	1291.7625762070074	2608.076720501205	788.0875616725772	701.8220307664288	1329.7213770441292	1978.8102493496224	391.6648436453068	266.1463898215214	133.70392271837707	979.4967252520808	436.6664295794988	453.5467787879164	96.92779710400254
K07102	amgK; N-acetylmuramate 1-kinase [EC:2.7.1.221]	220.4573600856241	604.6100246160663	3976.996552994173	3143.6339192338137	444.81789240149095	543.5360260829121	636.985529391721	1118.6241959855577	2507.121820514892	407.51011547402845	32.20410512759534	960.1847911761917	150.10572744067304	1037.2330960221234	65.59067383553486
K07104	catE; catechol 2,3-dioxygenase [EC:1.13.11.2]	149.51678542423068	522.4925453206263	281.8312819861049	459.9442857640796	2990.886890204859	1708.07204689701	229.2975159522456	514.5524303008037	140.5052998005961	963.0456629100604	372.470788028602	227.28977448188243	114.65325957802648	1235.9013510355055	8.295639343321076
K07105	K07105; uncharacterized protein	14898.572937318548	13278.525961489986	7452.015256949879	13468.68936650012	65150.99027712103	30139.5784859243	8577.611725633276	13373.13752800734	6073.40519951814	3477.728714646363	4681.133421281649	2479.441439585409	2266.983208477136	33816.33204965161	410.0091006660692
K07106	murQ; N-acetylmuramic acid 6-phosphate etherase [EC:4.2.1.126]	14333.549741127736	12589.109217198347	51780.79267524456	16612.566281386367	63024.469046818216	27926.921084713034	7218.141448982938	21648.63305584693	12496.778666385717	4992.993161940446	4637.54863619467	2709.4892735959165	1506.9835441811592	34088.55395549452	621.2617252259906
K07107	ybgC; acyl-CoA thioester hydrolase [EC:3.1.2.-]	63918.365090057385	59636.80690468648	177948.06178201502	53771.72389571696	30314.561747451677	27486.596033308066	18486.903557145124	96669.80070721472	46566.15359031694	15482.682893850188	1550.0320395169142	9098.779511821069	6275.083419137262	8428.901618566808	2198.684422881677
K07108	K07108; uncharacterized protein	0.0	0.0	0.0	0.0	0.0	0.0	0.0	0.0	0.0	0.0	0.0	0.0	0.0	0.0	0.3360591975990905
K07109	K07109; uncharacterized protein	960.8782517875376	461.71365524650406	2567.8074920701	408.9191697371065	277.8501087521511	302.047807414051	297.1598388877365	1623.8957733011111	380.4392132321533	142.32186444802093	47.50218316461348	375.3815561627519	143.05501419472583	233.34947544869945	21.684976971022166
K07110	ramB; XRE family transcriptional regulator, fatty acid utilization regulator	27.612918922835885	179.63757304222506	188.63068600634347	1206.8264626530813	11538.11681386291	4523.762765319923	407.2101149116596	78.22012167170533	163.09385651767636	77.32995178609639	820.0316705279643	798.6588485335932	97.4300395485816	6823.88121049141	12.515436439146082
K07112	K07112; uncharacterized protein	5452.562252677073	5803.924270845523	6244.168172868838	12345.300370791503	81423.0963247107	36899.07708351906	6006.649364664575	6086.183618139057	2784.584222706433	2937.269695935832	5741.929835261841	4990.195921206032	1631.4694208691858	43751.384267875714	558.848003835048
K07113	fxsA; UPF0716 protein FxsA	257.20643425782066	918.6427863310072	1270.727196856138	2306.7814593081976	1499.9731142568426	1160.7095355920887	1815.5201546761425	552.1906896266896	950.89526594226	820.7113857985207	191.9428725611737	736.0368477433768	283.0456912298064	553.6716373540058	46.49554855857828
K07114	yfbK; Ca-activated chloride channel homolog	55872.60757406954	37510.64327033443	194125.07966357804	36530.47226599442	54495.107866517545	26569.743380740914	8115.03903886922	71648.81403533921	45061.8922382999	11428.35572095355	3525.638503927657	4631.987310797707	1650.2172929194785	30069.785457960308	1473.5404662114788
K07115	rlmJ; 23S rRNA (adenine2030-N6)-methyltransferase [EC:2.1.1.266]	493.6982066559896	142.5710413862286	535.4713599757833	138.5196973222656	466.02007903919457	342.8405168531582	737.9715980725504	597.1896557150742	485.4376882604596	197.88493944520465	64.61411391940881	974.5490428424732	139.13447730325493	710.8231437878667	66.6131595455773
K07116	pvdQ, quiP; acyl-homoserine-lactone acylase [EC:3.5.1.97]	0.2858357981356536	1.5970549222169863	11.76735909278381	21.791684580797774	110.7621033841762	190.31277472286712	495.5877702018885	63.05187121461748	165.8946032577943	100.14287615091106	15.694096143636928	823.2692658932617	51.865031985793685	356.7966755641538	103.30346888981072
K07117	K07117; uncharacterized protein	4.943982602028494	20.84440153103871	15.713798867445163	56.05767415227272	246.1826189789236	102.11382604432906	472.1240898274482	80.090226784484	178.71046574403087	100.51707850646496	31.31456517492956	788.1221505869212	52.36424580540884	381.6010848644517	54.69416696306327
K07118	K07118; uncharacterized protein	4547.442061828597	9341.023318951782	35049.70018284506	2101.354767441002	2966.11643510413	2729.866273272792	6257.71796551043	17623.590185820707	4706.636669745588	2485.281430378256	458.154442272456	2106.1659673006734	426.2349039703672	1604.9856794233265	84.42851026290565
K07119	K07119; uncharacterized protein	21.051854573878625	90.62504394631944	91.71812717310208	194.5429031823632	716.8503059587305	505.0507308985933	1208.32486893265	216.4712632743889	439.0298624476569	290.9233854310727	191.26658852272487	1695.3728336859522	212.07867664590768	977.6222700391468	97.03544994539423
K07120	K07120; uncharacterized protein	920.7788889433878	1006.5370318897532	869.9692141636734	2940.6239789580004	1175.61086777931	1106.939583491186	1449.1316703624252	2242.790946862544	481.5620455886639	526.735949690222	276.4734218125184	965.2099737717308	578.484026544053	674.2927293703962	79.7456839659699
K07121	K07121; uncharacterized protein	16.665119909414994	68.00540922642287	27.04783023269444	84.98913256594989	184.395956607517	242.4322279797422	246.2121139836377	173.73117543444712	82.04071315948548	107.42818573565808	38.04174990968756	150.36932901456203	80.42793687431066	123.30833616352558	96.69383354820468
K07122	mlaB; phospholipid transport system transporter-binding protein	207.6700055239813	253.36175186496263	1002.3086629049918	226.52588627553	461.7335014787148	321.65051685315825	840.5037533077816	851.5827582413001	472.4365095862115	227.38493944523677	70.31411391940881	1216.5398162722115	153.13447730325493	727.3329669867744	66.6131218371869
K07123	K07123; uncharacterized protein	0.9625985118452322	2.5943998898285505	0.491293336510876	9.74401735046558	23.508112093075862	11.3205685396737	67.95384060572043	15.105457844121718	2.712752881767816	3.331409048054104	3.9085468216971377	24.4632760612045	4.0470628257736685	77.48974491704958	21.368472944102948
K07124	K07124; uncharacterized protein	41457.93532380952	46637.20563790888	59378.84731795368	34934.63914040271	99421.00949461384	53882.68313269799	18543.530859308998	56744.15186241046	20418.46207771713	11185.245360884355	6271.475501839119	5074.353025760202	4300.949910864306	44239.10617921977	1269.821248803879
K07125	K07125; uncharacterized protein	1.7090817281921191	3.7153950612872153	0.0	0.0	0.0	0.0	34.61	1.537404852946434	0.0	0.0	0.0	0.3843512132366085	0.7251426223064014	0.0	0.0
K07126	K07126; uncharacterized protein	72256.70878130397	56989.16060380885	54718.28510028095	26891.485518787827	40340.88317938593	32541.82901581028	11430.137506365149	80918.02105640603	23905.273055193345	8655.815261523661	2073.6706963879515	5135.954622773294	5043.308133783638	12854.78750153406	1903.6557890146423
K07127	uraH, pucM, hiuH; 5-hydroxyisourate hydrolase [EC:3.5.2.17]	4639.458911526257	3474.0608737763214	12838.03313389294	3519.3442792441183	905.8348913948864	808.7133097948101	955.483709987462	6967.654268593382	4290.660597322547	1318.695292539098	67.95921830410163	1401.8522436227686	178.58365574091175	764.8485627334933	295.5724847526277
K07128	K07128; uncharacterized protein	3.017910700798996e-13	1.6272206834460369e-12	6.691489310197976e-13	2.2703267302457418e-12	4.790052375258021e-12	4.836010406234655e-12	2.5721178003256415e-12	2.1456272728624737e-12	3.194905258893699	2.2703267302457418e-12	9.841146366463324e-13	7.938483884030658e-13	2.257152094699107e-12	2.139193148525745e-12	0.1815800902570472
K07129	K07129; uncharacterized protein	328.40231452750663	1320.366061970105	697.0344437540798	1307.9113538845668	428.9844294336449	502.5212679019973	2187.4713891695	682.3507294123349	1343.242516887011	891.4477801954937	138.35586899873624	254.2226763036529	112.31067038783684	187.07189577868067	35.562404674200934
K07130	kynB; arylformamidase [EC:3.5.1.9]	9629.138800416273	14019.26949110288	4473.646358800116	6586.386714369286	9222.834912781704	8401.551802912656	8496.095459224029	12597.217556160278	6297.884060229655	3796.61503046176	618.4377259648431	2180.545859324284	876.3236665891726	1827.0019415299869	329.9418579954346
K07131	K07131; uncharacterized protein	14.204553081895384	39.745605144527744	1106.6592097402672	2591.454475551044	2111.941652058289	1096.2877355865292	581.8041381757848	120.09598292661144	184.3117931794514	362.6922895708728	126.16141371449112	932.7923841152926	216.1051813597409	479.6933331577089	12.994603208912087
K07132	MuB; ATP-dependent target DNA activator [EC:3.6.1.3]	8614.308988906829	4848.117015500035	32581.8574880432	2530.9875058474054	498.9115399845565	530.0604038837791	824.8768529173958	9453.505348001092	4499.780448646762	1021.200252615842	62.46265516557984	876.7330765772231	852.810933915697	708.584702747038	115.20931822159916
K07133	K07133; uncharacterized protein	97109.1410862304	81533.49218602576	236559.43159013367	48875.94803005344	38940.49586139606	33597.51608423625	19999.114856027707	144102.26588866848	59088.97129908348	18939.92913720473	2136.3060251312504	8577.21882775969	8033.485041659637	6847.63517633584	2879.4974262181386
K07136	K07136; uncharacterized protein	11.281048952052164	57.12992106905055	22.11151230269098	85.26963835455366	179.28459973924646	180.3901984906986	167.51624601296498	75.68724031496055	78.98808918981808	77.00507685974758	35.59487732281762	44.21451623339668	80.2033020094106	116.61399620352346	16.297686703894307
K07137	K07137; uncharacterized protein	81163.73673090775	65468.76641535278	104676.70460049616	48266.16692791048	116805.57064325048	71392.41648095698	23374.187574127707	101101.32440105776	37333.65567180785	16668.070974667913	6734.428106554558	7952.552847633742	8890.218290586234	45451.31108520349	2121.6220233635368
K07138	K07138; uncharacterized protein	51367.147789874565	34371.02361310758	88669.28481059066	33283.13276582309	31964.138166384488	24060.548907311884	12011.374633608984	64428.99717831481	30906.57981708596	10958.60608067146	1814.9836466070576	4908.72435373123	4142.150744603268	9812.29422823517	1585.634267303114
K07139	K07139; uncharacterized protein	43073.60440577024	39489.21618459864	87026.39070381143	24264.31982048929	76983.1916241082	40392.97388266669	8092.843146734816	51466.18517677948	22796.8214765301	9299.561469131608	4773.165295121162	3523.699712801431	2798.924458426198	35890.46964236906	1197.9750060378692
K07140	K07140; uncharacterized protein	27.0391572990993	107.96170009732204	563.1742148824169	1423.814412437333	1418.0180934475509	773.7006386171811	1059.91607042513	191.38986134664023	281.3242215832623	318.45219362257154	133.6565083061607	1070.0530825728465	221.11148006790367	727.8069983798573	73.27732350638564
K07141	mocA; molybdenum cofactor cytidylyltransferase [EC:2.7.7.76]	11870.393438716064	12792.08620809171	6736.379296288204	15390.90563855338	64587.70920606636	29673.83824578487	5793.9118295499775	14007.364980413966	4181.584862140752	2340.702831451607	4531.81889412524	3344.843947814087	2496.004751749211	33851.0298817484	464.6080913373974
K07145	isdG, isdI; heme oxygenase (staphylobilin-producing) [EC:1.14.99.48]	10.91825599129978	61.826536164584326	24.26178488223704	67.50428511242349	384.0436351121196	220.04797963192053	127.71382473382998	58.92373338323624	21.00612549373221	127.92875388151192	54.2304612991035	10.643948638487336	53.230307031598215	148.19413758490586	0.7192922698991927
K07146	K07146; UPF0176 protein	80.08239639215256	300.0059873659878	90.8342570670454	290.6676016272652	1784.8267580968072	1498.603097690955	1594.489766237043	460.7176021460221	538.4863826746097	461.4235580280032	317.4290157875753	1964.1643283341289	295.96100113657815	1586.2746124669732	73.96408084250217
K07147	msrP; methionine sulfoxide reductase catalytic subunit [EC:1.8.-.-]	28.82018456123764	93.61111337224048	76.75288050275805	144.7635375249753	518.6455076140617	391.3071115434698	879.6873331468314	205.32562279803665	339.4628053403927	228.58186621410775	83.19613437518885	1249.7824702737955	171.39598894344837	708.3048669643549	69.22243190191062
K07148	K07148; uncharacterized protein	9323.570893340606	6791.663122530297	34237.410139892454	12072.104880645917	1380.84696627815	1552.6007640607097	878.2462763544743	14900.00753619922	12096.052918504663	2651.971572329851	194.03663698776413	1167.8419899328353	357.0769197450083	1443.3386596078424	372.043904432572
K07149	K07149; uncharacterized protein	15692.004576865093	9492.101888535692	15491.350284632674	14744.21243836072	75737.80322449692	38714.83005848446	4497.567823350209	22964.21071255025	6531.334647396939	2749.05341538031	4287.294040068859	1713.6309596590422	1319.978243535352	34124.441286599926	521.2058619336678
K07150	K07150; uncharacterized protein	18054.015117612205	21260.752307356408	24137.010351315854	23717.462863303143	84965.11102656074	46429.276415383385	15191.676573919056	36404.07604009987	9005.975493015623	7760.346491980311	5538.682903199337	4452.866437339855	4849.156885875167	36287.86879985217	568.5151115481126
K07151	STT3; dolichyl-diphosphooligosaccharide---protein glycosyltransferase [EC:2.4.99.18]	60.7003508465205	55.30345193850677	106.31220153920226	140.86118078589902	281.7323065859739	552.4455374651717	95.68098138528202	203.8061648927699	42.35424304580869	129.0962290159387	20.51444947753638	101.05177040105772	152.25816703135516	10.25330961524018	18.607121522904343
K07152	SCO1_2; protein SCO1/2	58.37489647329115	58.60945183204111	103.44147319566696	217.5355953878314	652.5003253966593	439.24124732670055	1280.3595736083537	216.04326670051728	375.2312873427409	241.27752190866173	193.42143717110687	1829.0032473605145	134.44033660311544	1147.700793645091	112.93499751576302
K07153	hflD; high frequency lysogenization protein	16.67000552398131	68.03175186496267	27.05866290499173	85.02588627553001	184.4735014787148	242.5105168531582	272.95375330778165	90.08275824129998	82.07650958621149	96.33493944523676	32.48411391940882	131.1798162722114	80.46447730325491	241.74296698677435	15.613121837186892
K07154	hipA; serine/threonine-protein kinase HipA [EC:2.7.11.1]	35420.72360965284	22984.29909774165	129440.9478495793	21001.89717975875	18500.09323686341	15845.479448462347	4152.461452929304	57147.93912465847	24210.57447004372	6387.879151928638	410.83900932715216	3950.262469724362	1403.5633598023742	2345.629586158011	994.424856496344
K07155	qodI; quercetin 2,3-dioxygenase [EC:1.13.11.24]	0.0097383478650642	0.1240749697955496	1.008058000809916	0.0738501357509705	2.6912363404942985	0.0678224478562256	4.613469235531118	0.0361247963975022	0.0263973330276507	0.0238722311621326	0.0223895612860735	0.0423553775954574	0.0410063169286502	0.1379863122269235	0.009786186294352
K07156	copC, pcoC; copper resistance protein C	14.264215588079647	79.75105170007322	559.0423987950012	1401.7721412551682	1321.3368681593747	763.5458400444886	550.9888489543222	107.55608324982478	110.71778634578249	246.63135585971008	132.07608277482578	518.859833320251	129.81345394522913	523.8408541169947	69.2799341193375
K07157	K07157; uncharacterized protein	11.50032839928738	20.913955641121827	62.52666320019314	67.02839189295509	299.8584465018889	195.1611573581852	575.2181820768931	88.73557221661957	184.354937360286	119.11588020786012	32.43546382328708	917.544664721952	62.451653574101016	478.77274643663367	52.71978884233875
K07159	K07159; uncharacterized protein	0.1408123329208047	0.6245441345650489	0.1501830882904602	2.942555088766662	1.47251382806021	1.7860938701656304	1.892895437815216	0.4073111265225407	0.3820240353791214	0.5440967707919016	0.2627994876436409	0.2721702430132964	0.4255326947327468	1.9398300289773367	0.0
K07160	K07160; UPF0271 protein	5290.425806339906	3327.024886359883	2220.35388413885	1939.1488656949075	3175.2843484193195	3150.3161121383528	1794.753381105977	5185.582763408826	1203.0809400121952	767.4753687448665	380.3912751051065	889.3898656841005	499.6557263385833	1185.6516822211088	123.79849382705154
K07161	K07161; uncharacterized protein	182.3278791930474	230.1411072447899	2103.1442671238624	3677.907492662648	2737.4887106940314	1197.508381506591	531.9882977737062	132.34572409296015	208.1233649190549	408.8259014815502	171.44847235736867	972.0176387514445	181.4412197418181	441.47951847732753	0.6230303216152008
K07162	K07162; uncharacterized protein	14.992213392461146	3.624705576434197	0.1447207000362972	7.80301319158993	1.786893524304563	3.7800490823766646	3.782073022000355	1.2095682114095645	5.461418220141137	1.504629695114423	0.253241068977164	0.2622709956646656	0.4100554208270794	1.8692754486582448	0.0
K07164	K07164; uncharacterized protein	18070.82208284751	13260.505119139823	73849.83188138009	18260.599428319158	3704.523983281681	3594.5063807953275	4874.127860130533	28946.68795721726	19471.278531285378	5393.006733478913	401.64806206936	1563.7470655540674	934.7022007434076	1041.343522470294	641.1649614686407
K07165	fecR; transmembrane sensor	873.5543082597197	352.9254793536081	5896.584167322773	405.68620366986414	1046.8374121877014	1259.497871850432	2977.0041374987422	1858.49645008496	1961.084946885222	785.7753296606006	121.51349197843297	5208.149876230067	333.28397684055284	2626.9819440524743	46.27646194396585
K07166	K07166; ACT domain-containing protein	34529.91444677675	37969.80817753545	36473.06369524896	21722.433348897845	81442.93645114343	44862.75314396591	13629.27062510932	47130.32707451082	11226.90259719864	7014.719534952097	4958.122761379095	3662.449054870053	5007.827653630797	35773.120939996465	762.2395970628133
K07167	chrR; putative transcriptional regulator	7.539711744934545	0.5609457181826164	38.68785935175295	0.7208317824326638	0.3478209302272381	1.049912306478849	8.923979502138861	0.7895406996528892	0.5412106155180278	3.205354632327798	0.484960781337413	10.444835928582805	10.948517451409735	66.74797424794788	0.2200597677833515
K07168	K07168; CBS domain-containing membrane protein	4.172016782796159	18.80876633074579	20.57779000320805	64.55143402065326	290.1667097075763	191.58396788338015	584.0088993039249	83.14578656318095	184.3641052749039	116.15353536409988	32.5076938333527	908.9714609219452	60.75368166796444	602.70424080416	51.10009099393243
K07169	K07169; FHA domain-containing protein	0.1502636383857677	0.4228966783039918	0.2343736640082252	0.9621510271305578	1.3693772394542725	4.114007985291631	21.410856182544705	0.8096277201390938	0.666873948762974	3.3379669961107856	0.3645956409444039	4.91800377801095	0.8150893699223127	6.9409388262836265	0.0800220365645167
K07171	mazF, ndoA, chpA; mRNA interferase MazF [EC:3.1.-.-]	81255.8427266202	68778.83562563658	55684.38480648234	51916.87984154424	209604.4600348013	110076.6156859875	29595.92778321928	101168.90667963136	24178.836653057668	14256.849340184932	13194.880503500086	7549.950957609541	11374.142069239895	96526.29262807748	2067.573811474017
K07172	mazE, chpAI; antitoxin MazE	13694.180060815352	5030.259874173795	6098.010909315335	4718.871472520026	2876.9389560506743	3166.770809507102	2583.164878962681	11318.60591154822	3172.897101957124	1377.722081500774	284.6450987794493	373.853308026501	1354.7210311062126	584.1200900140968	260.75346638962367
K07173	luxS; S-ribosylhomocysteine lyase [EC:4.4.1.21]	34964.28908109681	44300.44441410365	102830.23037501203	22727.39513758693	75199.51113824382	38530.47638851655	9563.322757626578	50819.638077378026	20870.360113989063	7673.11010571195	4975.588338376921	4046.827828815988	2688.068886237693	36452.42714187411	1077.8928653393948
K07175	phoH2; PhoH-like ATPase	4500.197840427493	3975.366296715711	13571.313663455385	6271.563817439958	3268.30351614068	2998.3294228347117	4093.81001849879	7257.932482591782	3308.4010375900075	2287.4409990579	364.0260493678895	2746.523858815644	2222.465971942184	1264.5487737728956	171.65644091814065
K07176	K07176; putative serine/threonine protein kinase	8.987005696681887	21.47013133989339	43.85009852554768	58.31381400786588	116.28358321011632	228.1361848953644	42.29454700009505	37.82734933457149	15.517622719733954	53.3621033137462	5.788915219599165	32.25970227130156	63.074170690570085	5.136095723675885	7.706650948158511
K07177	K07177; Lon-like protease	298.71796993482	984.1665848114455	3278.3355867869045	1374.528288677215	1976.977011742192	1743.2425017812795	1109.351928223503	2185.463623554596	261.9554409746581	847.7068481167613	213.66131532678992	142.15725585439728	82.88531271479579	225.2342602146347	0.510343159492817
K07178	RIOK1; RIO kinase 1 [EC:2.7.11.1]	0.1497526230946516	1.2589997008267753	521.0083890415258	1262.8805112767138	1005.540812546364	465.1472702828073	415.1870619092985	57.05203223551904	158.9658234499281	189.90720809053383	64.9336448578781	812.5493438096694	86.143721088715	326.2416107467658	0.0800247895375031
K07180	prkA; serine protein kinase	256.9231824532718	1311.38685058677	1078.5742451285903	7301.069376104214	57909.46234941854	23024.135834940676	1331.8459649545014	681.2359460287557	682.8434264377152	1166.693059684109	3970.2422436126058	1217.4295507610932	527.2815557028146	32809.36066551305	127.2689828718618
K07181	cdgJ; c-di-GMP phosphodiesterase [EC:3.1.4.52]	15879.046622745162	8552.0082338145	7390.922969354487	6583.012335590373	11256.99901361503	10763.960491718186	4317.151731247693	20235.26980228862	4947.936073602659	3106.165207492038	420.3867832991753	2362.346995348279	3230.1893267642727	1569.85436547745	534.3646812467973
K07182	K07182; CBS domain-containing protein	86.92301560209154	34.305210643686124	99.979331736864	122.8303871736128	169.60023344205763	338.7804714580774	191.4429554789445	56.29548970538728	38.03182672057268	87.09426053333922	22.50675181635275	141.17597954424983	72.97991638998528	114.27101757718395	8.482878715527583
K07183	nasT; two-component system, response regulator / RNA-binding antiterminator	38902.83469507518	37487.19099779298	33357.51196950079	31007.54988435127	85187.27256775109	48930.15243283809	18728.777162125454	46922.1420852515	15294.458586039838	8805.29092669186	5303.68605282275	5660.534338117672	6561.834498405004	37203.415529242586	1153.524382287294
K07184	ygiM; SH3 domain protein	16.674483519866204	68.0424364937181	21.89066188395209	74.67503440645059	156.66179979814748	158.74483334175756	133.40355238638844	76.64161480100516	75.52421025533258	74.43165307727072	32.48694147648217	28.18584321739922	77.21598379067885	71.96508868178277	15.503872338888888
K07186	smp; membrane protein	16.67000552398131	68.03175186496267	21.868662904991734	74.64588627553002	156.60350147871478	158.6305168531582	133.38375330778163	76.62275824129998	75.51650958621148	74.40493944523675	32.48411391940882	28.16981627221141	77.18447730325491	71.96296698677435	15.613121837186892
K07190	PHKA_B; phosphorylase kinase alpha/beta subunit	0.9186430174970066	2.969146374754106	0.5417451628834811	7.684819601882063	4.115706352125271	7.313329735895087	32.03612708041096	3.377553811637313	2.458650493935443	2.443873589258416	2.034404356989002	3.83431682185547	3.8911348850835656	12.557517700801109	0.3690905310714581
K07192	FLOT; flotillin	21586.23082312748	11757.296500772069	24453.208178981924	9853.879190419551	12159.30495257279	11310.045862574902	6177.1452257345845	23787.159823255875	10247.053353033822	4804.210081943588	533.436390890774	1252.6235397082712	1715.4224925368935	2338.2399470503065	451.55529558689113
K07199	PRKAB; 5'-AMP-activated protein kinase, regulatory beta subunit	4.780814622051312	11.407164300409196	23.48663065704436	31.11923635419796	62.24066977393916	122.0469909259882	21.13796759133992	20.131711572544194	8.221419262737136	28.52010781656621	3.0187680563871795	17.110746450613792	33.637073466730506	2.265174575061996	4.110709631368568
K07213	ATOX1, ATX1, copZ, golB; copper chaperone	8165.284135399702	7978.022008178231	23708.87801806437	11414.95674165983	59987.52233260061	24927.58452350569	5941.626687587025	13406.232447976308	7626.615407879484	3666.987926271837	4454.629439380527	2059.9704386189032	2370.643737580496	33495.92763166938	239.62026219238044
K07214	fes; enterochelin esterase and related enzymes	14354.842042259312	12691.215461976017	58346.14512693355	6748.778006195065	1285.7416867525455	1049.7746269526945	937.8449101907707	16912.496760591166	10347.083982117492	2547.125335456061	81.74268586314821	2205.958814470395	292.3405720847554	814.4917311838203	380.964107264994
K07215	pigA, hemO; heme oxygenase (biliverdin-IX-beta and delta-forming) [EC:1.14.99.58]	0.0	1.4420885963966425e-25	5.19	10.38	35.01	98.19495183044316	128.0662152421331	13.467422865615031	11.42	24.573186125893603	1.8	198.04623957398323	11.28	79.02588501876775	0.0089117794226344
K07216	K07216; hemerythrin	26709.2421937709	16892.66435913329	11864.193101716104	12171.563689719753	9418.442355266772	10312.754441100478	13365.349787606065	23871.024607129144	11629.270879971064	7738.724774859982	1118.6623476742543	2622.052898933528	4517.420864124768	2787.468775983644	603.4022258511186
K07217	K07217; Mn-containing catalase	7832.223865211933	5589.164606241122	8132.080621441497	14523.911611951376	113950.103261408	49827.84565672627	2315.666056129082	13597.120468371297	2630.1193254169166	1618.3381819504727	7373.865303393217	1005.195670413495	1520.5149846968557	58467.434509727645	368.7669495572839
K07218	nosD; nitrous oxidase accessory protein	226.93739632526055	203.42484596405535	1139.3111682589602	177.64420356011271	120.13779966296543	227.53072411164348	135.82094385757998	749.1807400426829	177.4624258607846	59.276082720464615	5.9044185432912855	115.83224293189042	57.76360645427472	72.42619238096786	10.86202027901181
K07219	K07219; putative molybdopterin biosynthesis protein	5257.566616703654	9026.684368514148	4518.970422559974	12509.66731100626	63230.90462720573	28242.012838957344	5002.148090988952	11746.584955656845	3907.0936205098415	3147.92749538068	4498.700468659456	1594.7294132307518	4236.5524488689225	33238.31148374086	264.145307640115
K07220	K07220; uncharacterized protein	18132.36310582773	14859.960214717852	33851.49156489044	16219.9429052923	11608.874819406064	11121.339173331353	9736.712335110064	29057.54053275614	13501.767848298812	7094.2479035951765	703.4456744670005	3285.9372010515904	4127.663471862936	2154.0079947665395	679.3145621239821
K07221	oprO_P; phosphate-selective porin OprO and OprP	7029.986215192306	4520.687615232983	30550.7902786307	6667.119639393802	672.348879307483	742.8831538245672	242.2051936001145	11418.539949489314	8503.312961233813	1649.6205384638615	1.714836663982122	415.9540897293575	129.38834666881215	507.9348432029991	212.8446748971569
K07222	K07222; putative flavoprotein involved in K+ transport	4.946323679109136	17.890778075065075	1313.6803574082396	3197.972025431772	2562.0537132048016	1081.050719320644	366.2269794012211	39.746394545850514	27.75923173841665	297.2072530561495	145.4555647418732	401.68984423646464	110.07856798484887	193.4768054730341	21.37668250816908
K07223	K07223; putative iron-dependent peroxidase	1240.9659718596176	4875.5488302009335	14865.796272445396	242.0975742089086	633.0382450233585	394.1284362372802	1839.423671854572	8792.071841743553	560.0507938532799	419.4987859803309	65.65232188286228	416.7211530783791	90.47931684402724	418.5997989166341	15.601794856077138
K07224	efeO; iron uptake system component EfeO	17.82204837186598	281.467082029888	153.19334887455005	446.90479958753446	2598.275389075981	1596.4719387550224	307.788311151877	123.81127659474218	192.4903409354756	858.5218472667765	277.02547807467124	221.03681945818124	119.12713807961411	1045.15287690694	20.262685014370916
K07225	hmuS; putative hemin transport protein	12.73246264675472	65.10233614261986	33.477716140202986	112.59289456272262	375.2888759707225	234.44298197381224	523.1189892102178	122.61206726495534	239.8165470664806	157.07577242308415	58.68112594590906	805.9669655385394	115.54543652641502	481.8124564909491	34.61619618775296
K07226	hugZ, hutZ; heme iron utilization protein	18.454248295153956	37.91291569522905	37.361098710528736	64.31547309248263	259.25443269854054	192.01799817716864	288.6716386289028	52.808838236317214	40.57512148731602	58.97846435112258	21.93013837569603	246.77376726335265	25.46810536343266	188.9814867489705	0.5717886403742404
K07227	chuX; heme iron utilization protein	223.49017429352804	229.2175378613013	1004.2938308581304	169.2758347550313	136.63310613774783	142.2793239387124	132.1912120977231	748.5986662443124	202.36633657250965	64.72322524188426	29.85112157252152	78.17375308769334	76.46869387830985	108.68558351992692	13.440716642010669
K07228	K07228; TrkA domain protein	34.59917989132936	188.09340378179323	564.2945062283641	1841.7748686808047	1133.5396613005998	643.9469149903872	145.7387986880869	438.8456789954902	270.7794218508153	952.2677912842556	70.17799588731496	118.19164131960252	233.1257083220436	74.43566703044519	0.0003956874596396
K07229	yqjH; ferric-chelate reductase (NADPH) [EC:1.16.1.9]	9.850258113382043	53.1111448078286	21.84027528909134	74.1053938085927	156.34269915806968	157.8432739621526	83.95346974119013	70.03074660964072	75.11070025721112	74.10099734254804	32.1204817182016	25.91049889580001	73.67078001009598	69.82355577556167	15.419999998399437
K07230	p19, ftrA; periplasmic iron binding protein	639.0515399268205	1315.150842639037	637.4569609493361	754.8453567366926	603.7344502869626	440.3722903589792	473.26547096438526	1830.4324961537136	265.9126498712012	276.594423178419	75.23423851576099	169.5594308055015	746.5222697565395	225.74824533977147	22.15596961029907
K07231	K07231; putative iron-regulated protein	0.0990622949897671	5.262660589374971	5.38288235871279	20.834444938872867	89.44822878567693	106.3380255699673	392.4823614177227	64.86112629737437	158.79195074755728	78.47614907618484	16.974317238430373	781.8173270240184	55.82334121587298	386.6661094243042	0.2350914138691919
K07232	CHAC, chaC; glutathione-specific gamma-glutamylcyclotransferase [EC:4.3.2.7]	22.92535531134719	77.06971834026348	88.23748452138634	149.06040305072096	505.6128960017736	366.7497110624129	916.8713622429036	204.53016436262365	410.9875682066147	238.6348176050981	81.59564510958027	1611.703741413163	188.73702026408407	884.8838926389128	15.540209103332012
K07233	pcoB, copB; copper resistance protein B	4.99526052509956	21.99965420756138	26.146619110068297	53.69134459344086	103.26608659911804	188.60933372151703	288.0846504996226	47.8914363791242	18.883729384802997	65.29878045306813	3.519036785865536	277.41317008402723	35.21154188862399	473.43283495258186	55.98836450555052
K07234	K07234; uncharacterized protein involved in response to NO	20.105082704808787	33.47081102090861	101.31641915107517	95.3595052194298	163.6579073891963	311.72172195111057	130.39371732298716	49.03856792171136	21.296010120487008	88.72695712181951	7.823607420186895	94.08009890027978	85.4367686039499	97.95742178029872	39.94521414223264
K07235	tusD, dsrE; tRNA 2-thiouridine synthesizing protein D [EC:2.8.1.-]	17.108673593635057	69.8157535061242	27.43938170808644	92.47493091570188	188.194736176174	247.33667889151263	281.9549795652217	91.45705063562646	83.26631429955609	95.0476808657348	33.358647583169706	132.33948926395414	81.94351511491254	247.83681273480693	15.881869991280595
K07236	tusC, dsrF; tRNA 2-thiouridine synthesizing protein C	17.03357820830707	69.64430371162109	27.446430562962465	92.62346406014782	188.2754824136926	247.12215085825008	231.84114535078908	83.13442180338892	83.06288273363927	94.93977891765032	33.162653314219995	131.88255064066755	81.56318833859703	112.7615425578336	15.940241215756195
K07237	tusB, dsrH; tRNA 2-thiouridine synthesizing protein B	17.009307714280734	69.53665692832641	27.42054492019522	92.11628358651532	188.02167909031655	246.8142986999401	231.51488481335585	83.06421742527749	82.99703685298194	94.84599808786548	33.11735704462004	131.8356392223267	81.4898432805947	112.42719234749455	15.827141382107763
K07238	TC.ZIP, zupT, ZRT3, ZIP2; zinc transporter, ZIP family	62042.79544104192	62067.71443828568	77150.41886032352	60582.7015587741	214056.45022720972	106869.50608078744	28452.48203068892	85647.94821256207	36174.50318876562	17689.351100896838	14154.857343779724	7678.578734004057	8838.078133418137	102903.32746456005	2183.052724289094
K07239	TC.HME; heavy-metal exporter, HME family	22.0	414.0	2957.33	2975.0	239.38020382559765	361.61	279.5402602620677	411.67	2347.72	353.45163212625386	15.0	772.72	131.32999999999998	677.3890301126565	154.27516766802304
K07240	chrA; chromate transporter	97101.41832414636	81069.71142742506	199178.9581386348	83113.59702177338	287860.34260017227	143740.61267472402	40294.89479672822	137317.0908328683	56584.20533770714	25009.53848954707	19094.5122895282	16617.9372603648	12590.16057605134	139516.38337438254	3087.387504060576
K07241	nixA; high-affinity nickel-transport protein	45.16165689215239	115.80676918639088	157.54606677793777	194.19852804021016	534.6117464813444	503.9887606776174	591.5962679445005	155.4224196485075	77.90790107321902	126.42730895789283	53.21560893954476	161.67730511245483	128.44699585337003	222.05870582245316	14.620003962503088
K07242	K07242; putative multicomponent Na+:H+ antiporter subunit B	1.3251351952643509	3.722009008735312	0.2512058541883505	4.782891287038471	2.307875064857988	6.9664192745013365	59.21273845950336	5.238791386788908	3.591061882257704	2.689624939365345	3.217830778473881	6.719302718744366	6.05013027269669	18.93194073626037	0.7081255935179288
K07243	FTR, FTH1, efeU; high-affinity iron transporter	669.1809565176375	1627.8901869262609	810.8311990354747	1285.040784224759	3463.5231248689543	2235.342761000104	1562.0520920704005	2042.5512164822576	659.802707862485	1266.9894260760273	409.8434440900822	1299.457152030341	938.4793944289942	1747.132438741468	95.18791273025997
K07245	pcoD; copper resistance protein D	14.41192347012306	81.76247944511717	1079.2160393943248	2653.857572667084	2255.789674783454	1140.5001637211171	602.1217501355437	107.08308815152547	108.39767597555652	353.18820987598247	158.85033823224674	565.289300453602	167.99668777110818	507.93743413183455	68.9516666201537
K07246	ttuC, dmlA; tartrate dehydrogenase/decarboxylase / D-malate dehydrogenase [EC:1.1.1.93 4.1.1.73 1.1.1.83]	351.5012545993497	356.7539172596104	214.5513597544478	626.2726378907453	1115.7529492431631	808.414969497307	1406.4815724870462	758.067317412972	718.8418421024227	711.7479087119705	202.7239167249268	1708.5238856067074	377.9753148727997	994.34022986202	113.44983862578655
K07248	aldA; lactaldehyde dehydrogenase / glycolaldehyde dehydrogenase [EC:1.2.1.22 1.2.1.21]	465.62595489893664	506.596693875181	4905.046370276878	1519.6329831911987	3465.2651947919803	1888.1851336173615	440.644137953937	1354.9484886435428	882.6625533455621	1062.8615841507235	348.21390155225527	602.2411562885177	178.37653535236836	1193.471306891605	20.272660615114
K07250	gabT; 4-aminobutyrate aminotransferase / (S)-3-amino-2-methylpropionate transaminase [EC:2.6.1.19 2.6.1.22]	6655.039432461065	5787.035453587152	3266.7053810921566	7778.272396729735	46998.58009162752	19277.61526433836	3425.508115122247	7041.425649652889	2677.1200537732807	1790.3907301977713	3375.032759651646	1303.4572271201318	1397.42304873607	26370.034647349203	177.32319045805312
K07251	thiK; thiamine kinase [EC:2.7.1.89]	10.000005523981311	53.53175186496268	21.868662904991734	74.64588627553002	156.60350147871478	158.6305168531582	98.77375330778165	70.62275824129998	75.51650958621148	74.40493944523675	32.48411391940882	26.66981627221141	74.3544773032549	71.96296698677435	15.50002200353846
K07253	MIF; phenylpyruvate tautomerase [EC:5.3.2.1]	0.0	0.0	0.0	0.0	0.0	0.0	0.0	0.0	0.0	0.0	0.0	0.0	0.0	0.0	0.0006413143596356
K07256	tauY; taurine dehydrogenase large subunit [EC:1.4.2.-]	0.0	0.0	0.0	0.0	20.45	0.0	0.0	0.0	0.0	0.0	0.0	0.0	0.0	0.0	0.0
K07257	spsF; spore coat polysaccharide biosynthesis protein SpsF	6003.198943801481	6022.33494572466	10865.98287485526	4932.191736673463	1176.6669098109712	1531.111923044832	2181.431594822264	8088.115897667472	4468.107492147726	1895.8327491541456	152.78755014850037	694.5047332309498	420.900666807602	594.3507820793836	291.5997805573622
K07258	dacC, dacA, dacD; serine-type D-Ala-D-Ala carboxypeptidase (penicillin-binding protein 5/6) [EC:3.4.16.4]	123101.37179687656	110382.29908477027	105193.33464514656	65222.00131558333	149842.56999344213	109732.29155643767	40119.46711793617	155326.2523659469	40316.84905729792	25528.55994905549	7462.972848965866	12223.186582836905	18682.451008892946	45987.09622444435	2746.497427701884
K07259	dacB; serine-type D-Ala-D-Ala carboxypeptidase/endopeptidase (penicillin-binding protein 4) [EC:3.4.16.4 3.4.21.-]	15739.352165433247	8254.325716875357	77513.49134182202	8204.084164270796	2334.536680598228	1533.8920036016448	1798.502389026733	25110.436719609133	15617.802391592906	3202.876771204887	149.73458550963588	2042.7975161665963	292.0419102984389	967.6740268737182	448.6034008611133
K07260	vanY; zinc D-Ala-D-Ala carboxypeptidase [EC:3.4.17.14]	29811.96048127557	36798.64928674736	34281.21734964777	20202.289772785676	78405.42844521391	41366.126984438	11411.553342205916	36481.60156243655	10297.996971486778	7477.913418161126	5567.579477957132	2904.156549167641	5486.834271808706	40105.33173034945	921.1026398363024
K07261	mepA; penicillin-insensitive murein DD-endopeptidase [EC:3.4.24.-]	20.413123653371755	68.03175234055263	41.57867839917816	80.64588693908144	177.0535028787098	162.8305182665854	133.38375405959735	89.06016326016368	75.51651023248012	74.40494010882243	34.28411420703731	44.56981650423054	85.18447796295577	110.96296761204717	15.513711657690518
K07262	pbpG; serine-type D-Ala-D-Ala endopeptidase (penicillin-binding protein 7) [EC:3.4.21.-]	211.81676916038248	277.096270775126	1016.5804347210458	284.5239322787029	606.1469450929505	428.3699466558968	903.6688769686104	836.6535562986351	416.3204570894375	218.5890106695176	78.49801629043904	1046.711284959336	138.4658583887819	741.107306707537	168.57537296318156
K07263	pqqL; zinc protease [EC:3.4.24.-]	28858.832837704056	16652.039313453562	137224.41768783133	19442.27710183341	2490.4811997820248	2609.44198922101	3464.404027726606	46997.30382889815	32435.173286175945	6071.836931591066	155.7628314978594	3179.4744006998926	642.2038795747569	2907.0560668127173	1060.6580100681083
K07264	arnT, pmrK; 4-amino-4-deoxy-L-arabinose transferase [EC:2.4.2.43]	35.82224636889469	53.53454825433196	32.24332160705372	95.40770698051148	212.30785198863697	326.3780494511212	286.1887558153701	81.54812498890581	89.0903869447558	112.65613935669084	32.490710592508805	232.71605983709924	80.92285796991546	143.61787351050168	15.524919393977456
K07265	kpsS, lipB; capsular polysaccharide export protein	22.799904725076352	70.92569602422242	56.0065118346403	71.83180033726542	164.85957847170528	146.17804775344422	89.31065677246461	68.46369662842396	68.91585836668186	71.02714475297601	28.075207251307493	110.45101728450906	82.66060885490566	150.5228830294092	13.5735057447355
K07266	kpsC, lipA; capsular polysaccharide export protein	13.575480734996042	60.80685208953884	19.184482804559757	70.77272462340659	164.2258254824454	145.47682679130008	98.6026912074731	65.64098460897912	67.80023522538777	70.53333153658339	28.00995676105823	110.36609387269012	80.48196685009715	141.571333957355	13.568453958306868
K07267	oprB; porin	27.98538381170936	437.9069198401052	2980.045342733926	3057.837923481032	421.645903756935	583.4383750193995	569.9151466769982	415.3416213629818	2222.446783733877	336.97479631733586	20.15096991832885	267.9120743382775	108.17617280739285	930.393492840718	56.42839440191738
K07268	oapA; opacity associated protein	6.67	14.5	0.0	0.0	0.0	0.0	34.61	6.0	0.0	0.0	0.0	1.5	2.83	0.0	0.0
K07269	ytfB; uncharacterized protein	10.000005523882871	53.5317518644319	21.868662904773466	74.64588627478946	156.60350147715232	158.63051685158075	98.77375330694264	70.62275824060009	75.51650958549021	74.4049394444962	32.48411391908781	26.669816271952467	74.35447730251863	71.96296698607657	15.500022003384354
K07270	K07270; glycosyl transferase, family 25	1464.8257423330442	567.647581627213	10687.544817014235	232.6978572594525	219.1574528095786	153.20344392265295	274.8076971349106	2712.6710537775957	2183.3062289639697	210.46982646279903	30.502121607002348	152.56458283905914	72.5971394441932	341.0643357061832	13.942375208095203
K07271	licD; lipopolysaccharide cholinephosphotransferase [EC:2.7.8.-]	70038.37708525859	49792.422992917855	130814.13690096624	22885.111868406548	45820.76125573735	33690.44660141601	11375.684874820488	65209.57437510507	31660.61914482145	11364.978369074905	2297.03098332842	4252.662674096395	2670.9748799440395	13377.958691557204	1053.9062254676985
K07272	rgpF; rhamnosyltransferase [EC:2.4.1.-]	2937.9210425930014	459.7409545148869	202.67890905981227	106.78938553395776	285.0554127270377	367.5399614766319	320.49824407387905	1302.4905580218403	499.1423275144722	265.6719694967343	22.561617138135365	48.18059094390679	52.80958270254219	71.69794309363847	63.36598526912751
K07273	acm; lysozyme	26541.312453117105	15034.26410197538	145541.28340389396	7631.8357794767	3330.8594358086348	3224.7246586732504	4076.3114213452127	44415.35548721081	27101.81756397434	4740.467019838009	334.3972767783534	1762.905893637866	1561.0267225829705	2384.3426398397305	390.7983209872725
K07274	mipA, ompV; MipA family protein	12.759275551878003	82.66228268087164	36.75384624829795	119.88050956338594	433.3444009415954	306.79799684458595	418.0403438780608	146.1266466850784	249.0043853508157	218.13236864589493	74.22125888669558	672.4793213328093	133.29681423235522	470.5998704219104	39.54185952630279
K07275	ompW; outer membrane protein	32.69550076687918	126.4236529177655	70.14574609719949	213.6083486200148	905.9655599397846	566.1157602413643	1259.533297792436	237.0375345861872	454.69814191367374	312.27334324640765	125.6661177454516	1717.857080088424	197.29790732004275	1208.5507933610768	139.856662879038
K07276	K07276; uncharacterized protein	37.6374870738852	430.66279954045496	3032.356844572892	3013.9010457350664	239.22224488586056	474.7318278534056	22.32407765412108	382.9654289646726	2195.087540946468	316.0575461722694	3.173896231938967	33.391833691667415	122.41815954675788	428.45881480795737	17.282278483532952
K07277	SAM50, TOB55, bamA; outer membrane protein insertion porin family	18494.43339987005	11357.861513654128	78803.88634229141	13026.375420594724	2569.6661662755523	2620.1618629621044	2218.4991928270065	29048.468792658605	18887.27246519767	4291.687698211167	168.73791121773394	2554.640858071784	572.5223749646739	1956.3603109230708	622.0915285666244
K07278	tamA; translocation and assembly module TamA	32.92017690938172	98.07759175073328	104.3397976458881	170.4771305319551	507.8921391895806	486.1897909647297	760.7352378726299	292.43918305841817	267.0463906546629	222.17279517357363	74.56456221048691	982.9435911698006	173.6816849825367	708.9794863433035	75.12147810511914
K07279	yfaL; autotransporter family porin	9.850113706671127	53.11080354380558	21.84025211712665	74.10085539739397	156.34180476151923	157.84182207725596	83.95096910406511	70.03080841402834	72.17083311781273	74.10085539739397	32.1203707876423	25.91029910049228	73.67085043354945	69.82080598982519	15.420178005773485
K07281	ipct; 1L-myo-inositol 1-phosphate cytidylyltransferase [EC:2.7.7.74]	0.0	0.0	0.0	0.0	0.0	2.9749518304431573	0.0	2.488520265835162	0.0	0.0	0.0	0.0	0.0	0.0	1.4604191366574248
K07282	capA, pgsA; gamma-polyglutamate biosynthesis protein CapA	41746.97249331524	31552.05925949991	58176.888089698594	25556.310709386016	42065.30628773631	31681.55116387075	13092.529811800729	53067.53237786159	19180.5765048196	9714.568304610446	2343.5395791941864	5171.422979979219	6390.692516628253	11662.731757841786	1102.8433899656502
K07283	ydiY; putative salt-induced outer membrane protein	16.502250454642592	69.04629951201846	53.812136392477534	116.97024160544105	241.25520030256743	327.5979805853634	139.02287944651886	98.00330525400646	86.69821938884682	115.99429672690682	36.589851297501006	50.03686828866575	120.10326861227338	75.2708650228407	23.75928349554908
K07284	srtA; sortase A [EC:3.4.22.70]	45589.08582219864	66596.98013989849	83717.05851048607	29254.09830911317	126399.25100080424	62096.73843467835	18544.879717483655	71831.28118736236	16169.454083760864	8650.631504080586	8872.484963749997	4658.267968011465	4990.949738993799	64823.19509542483	1317.8652750837111
K07285	slp; outer membrane lipoprotein	21.64896302403329	110.8417461387856	43.90794075853683	149.42200756434372	314.3700170292296	317.9107190694383	218.0997503684552	142.8291478966165	148.34502069840698	151.98106073405046	64.89719105566653	53.20058182543673	149.4218177035223	142.42003565593726	31.28692059490425
K07286	yajG; uncharacterized lipoprotein	16.74104943068486	68.20126471588402	27.4076791562146	85.48832464618677	185.39841086888245	244.3241607030581	243.18128407729853	82.38191969218447	82.19868159856658	95.63887451549913	32.528973445057105	131.51433532681193	80.96433126080609	110.3313795551148	15.56110800971601
K07287	bamC; outer membrane protein assembly factor BamC	206.70908725217345	260.9071469262499	1016.5586629049918	274.01588627553	621.4435014787148	410.64051685315815	930.8457070230544	849.1201630942464	491.9365095862115	241.5849394452552	85.64411391940881	1305.384167485448	157.6996199255613	699.3129669868001	66.6131218371869
K07288	tspA; uncharacterized membrane protein	4.295794539438112	10.249892117997554	21.103880343103597	27.96214791204109	55.926269994366855	109.66515931332128	29.84201965802184	18.08932231841517	7.387345205228591	25.626704465278557	2.712509971134176	15.37483817699633	30.224547058270907	2.035369563492966	3.693672602614296
K07289	asmA; AsmA protein	10.040132114885266	58.62749509105337	27.25579215901897	101.27707792698388	215.4359032221514	260.5248882340013	230.4911696364061	315.8024196346849	82.14551404538547	93.77431595099236	46.209451206128506	223.98343111134744	85.9168018008374	242.28197917207856	15.54052387075154
K07290	yhjG; AsmA family protein	20.55374340149495	85.19175203040193	69.0057975479562	170.01588650635372	592.9435019657186	422.61546917527767	754.2841142174943	147.08275845944553	277.9365098110232	207.00475484692907	78.14411401946357	958.913042143482	134.97447753273914	546.8765034379339	96.58838210539332
K07291	dipps; CDP-L-myo-inositol myo-inositolphosphotransferase [EC:2.7.8.34]	7.459609330692169	18.620596262123676	34.983384585066645	54.14476677137206	95.7572482122054	184.73934325943412	37.78225435234864	30.88373628260717	13.250571321968678	43.54996614322445	5.252926510529977	26.09455373280741	50.82453754208178	9.209443919528468	8.16551527593986
K07300	chaA, CAX; Ca2+:H+ antiporter	551.9968834532845	1320.2932576922033	636.6417876531516	6567.871995578976	58562.34311124732	23705.01637454623	1566.0307246279483	368.5688997658229	589.1517280289534	439.81277650023696	4028.144286299929	1208.1611600209062	488.7093243347925	32882.71694433702	94.7966907989064
K07301	yrbG; cation:H+ antiporter	37725.2868385679	34701.89731387122	78333.18456091359	28072.28966925933	75624.60920204922	40796.27496661521	9856.42680392769	44318.82860951262	20985.65723013124	8535.977761458586	5121.475030497277	4732.40392742415	4148.653107715812	36096.852962779805	1099.0143476597768
K07302	iorA; isoquinoline 1-oxidoreductase subunit alpha [EC:1.3.99.16]	28.08575474919941	86.70909942314555	632.2702168151332	1521.0049235381412	2299.241708691231	953.3073716330229	2080.035419684514	321.37633104199904	741.9003535806307	510.4011527906569	202.2210057294133	3077.460215928327	259.4680124177437	1539.0785875222005	110.2656344755763
K07303	iorB; isoquinoline 1-oxidoreductase subunit beta [EC:1.3.99.16]	33.93653199717514	106.071091468766	639.2360235990266	1536.6326018889856	2491.932104147795	1059.407771509532	2269.639041669721	333.0414870082629	827.245512067702	548.3326586148419	232.4375097911434	3405.764612632509	291.0220635664096	1699.5828272469985	138.86289109846268
K07304	msrA; peptide-methionine (S)-S-oxide reductase [EC:1.8.4.11]	2304.5756815670397	8026.940124735578	18505.81786372367	4108.173939632464	4213.985624433573	3994.220591222116	8411.072747646711	11715.950239490414	3393.2416074033204	3170.306791819188	715.3028166692532	2778.436362080122	939.0067393089004	2510.0976188351287	159.28381030905066
K07305	msrB; peptide-methionine (R)-S-oxide reductase [EC:1.8.4.12]	871.276443893671	5930.089988827302	18283.595520176263	3474.8832122035883	5374.906245698705	4094.8876927671545	4531.609526918996	9446.35723828658	1974.1517458491865	2338.2839202896266	646.8611404700998	2188.46859919206	480.8783171836789	3004.8533382063247	98.92804863770796
K07306	dmsA; anaerobic dimethyl sulfoxide reductase subunit A [EC:1.8.5.3]	1309.2978866267026	1313.4562832373344	3308.5116160556827	1098.1912441017566	568.5686374245106	550.1814478535732	544.0094261118742	3857.826364608176	769.982377589937	235.46583422877936	83.29371360836743	195.1030832695219	807.9032042938402	191.10422465711667	26.440346271376207
K07307	dmsB; anaerobic dimethyl sulfoxide reductase subunit B (DMSO reductase iron- sulfur subunit)	1602.907058257699	1138.47570117008	3384.8183502697984	979.45951560197	660.152512777018	643.3256591689285	724.4107104343129	2856.2057527348707	748.7843540995125	261.1305253317417	104.63783044473392	237.8185523388716	217.80361060947735	280.0578433874548	56.47627882948002
K07308	dmsC; anaerobic dimethyl sulfoxide reductase subunit C (DMSO reductase anchor subunit)	26.76995547457224	106.38526616188118	38.168065980974085	299.05028812710447	281.3768668194347	310.8332401998506	257.9967164288197	95.25556616156967	98.1070504353095	110.33825863309092	54.21694566271684	48.94002044674251	109.74843565119724	232.72712267864068	15.462668285689013
K07309	ynfE; Tat-targeted selenate reductase subunit YnfE [EC:1.97.1.9]	9.864402365075389	53.123247201282126	21.91393720604001	74.1080100368207	156.34000037667934	157.8400003802934	83.95177161323313	70.08198722972564	72.18055162181945	74.10000017853358	32.12000007738864	25.912926741416044	73.67000017749756	69.82000016822151	15.420000037152333
K07310	ynfF; Tat-targeted selenate reductase subunit YnfF [EC:1.97.1.9]	9.85000000528206	53.11000002848024	21.840000011711695	74.10000003973612	156.3400000838373	157.8400000846417	83.95000004501819	70.03000003755358	72.17000003870116	74.10000003973612	32.12000001722434	25.91000001389424	73.67000003950554	69.82000003744096	15.420000008268977
K07311	ynfG; Tat-targeted selenate reductase subunit YnfG	7.67432184557912	3.903364264027234e-05	3.3001435085461445e-05	1.537811116331148e-05	8.801493266994567e-05	2.2514669595910157e-05	0.0046395020172807	5.5376560694388166e-06	1.0099047751098442	2.195479155256706e-06	0.0001724545523789	0.0005630125325419	0.0001095069374537	8.899305292554117e-08	9.230058153764273e-14
K07312	ynfH; Tat-targeted selenate reductase subunit YnfH	9.85	53.11	21.84	74.1	156.34	157.84	83.95	70.03	72.17	74.1	32.12	25.91	73.67	69.82	15.42
K07313	pphA; serine/threonine protein phosphatase 1 [EC:3.1.3.16]	11552.501549016422	7341.1136523727955	4421.225675713887	5426.421767280463	27734.50639709621	22801.38780203768	2731.1488760983075	21818.554768295933	2083.7556405923638	2542.894767784884	704.6819314437063	815.6219248388719	868.643928412231	2600.731439701194	253.324177832196
K07314	pphB; serine/threonine protein phosphatase 2 [EC:3.1.3.16]	9.849999999945055	53.10999999970375	21.839999999878177	74.09999999958667	156.33999999912794	157.83999999911958	83.94999999953173	70.02999999960937	72.16999999959744	74.09999999958667	32.119999999820834	25.90999999985548	73.66999999958907	69.81999999961054	15.419999999913989
K07315	rsbU_P; phosphoserine phosphatase RsbU/P [EC:3.1.3.3]	12262.01602213134	13041.99730640704	19554.191298034828	13620.406218030048	4784.402467684089	5200.465764336605	8645.641336774985	15574.137639794704	11611.930141682524	7218.563782936029	582.3324230479427	2428.189402359755	1292.531379568229	2535.6516568183347	404.95362817335706
K07316	mod; adenine-specific DNA-methyltransferase [EC:2.1.1.72]	26354.445674333758	31185.783663254973	62098.896013083	10739.629400680156	8517.83583003893	8032.644828371666	10026.120179943742	40826.15083740308	12164.012116919374	4844.900766562232	797.2886795995164	2171.007483921353	2509.3836654987545	3212.122877856912	511.57507341021847
K07317	K07317; adenine-specific DNA-methyltransferase [EC:2.1.1.72]	9115.196666051654	10583.16294580753	22812.626595221816	6031.303362951778	1891.56989485086	1669.854265014979	837.1922456394833	11717.825927364116	6179.934874879616	2238.17801483827	51.98865376653269	453.8808118318871	312.3654041250114	470.8871188140832	409.38544493964525
K07318	K07318; adenine-specific DNA-methyltransferase [EC:2.1.1.72]	18809.38175421129	18866.739560492533	43971.73887220009	15313.53957068884	2176.06437028604	2376.9048860586963	1288.6550856237063	22160.52076058821	15241.584880452729	4165.926392942991	103.12335632030366	747.7211760173667	425.89626473830367	1777.6014864575327	720.1507083569145
K07319	yhdJ; adenine-specific DNA-methyltransferase [EC:2.1.1.72]	1403.316096460108	867.0631209387215	9016.324115720394	238.82613618061723	197.921565288754	193.28399116982297	248.31956146557337	2581.4278907148328	1783.420270058178	223.07993732962277	39.38234622990715	39.63133178676821	102.34586534351124	252.71603719545675	20.769906658408
K07320	prmB; ribosomal protein L3 glutamine methyltransferase [EC:2.1.1.298]	207.6700055239813	258.6618686795684	1002.3086629049918	236.51588627553	425.7735014787148	338.64051685315826	749.4737533077815	826.0827582413001	396.4365095862115	197.88493944523677	62.81411391940882	955.9998162722114	139.13447730325493	677.3029669867744	66.72622167083532
K07321	cooC; CO dehydrogenase maturation factor	3420.360039724413	3351.1576676442205	3945.7468966308056	2395.547282881631	9344.228758335776	8953.10671186812	3398.936728340072	5961.27253306244	1321.0366398060794	821.2833166374592	830.6584053678176	2171.327759504667	2317.7745924751816	1272.3440685766986	48.56377663145108
K07322	ytfE, scdA; regulator of cell morphogenesis and NO signaling	30515.39808542798	20973.15973853596	114168.24644564746	18694.10882397152	2953.761692300268	2490.217278158654	2000.4282010583904	45230.75623692902	26557.995036562104	7237.044266993878	165.00199469967444	2561.13262261216	415.7009628893781	1185.7868353083406	1023.914319209676
K07323	mlaC; phospholipid transport system substrate-binding protein	222.53139163578516	263.57454446261227	1080.4997555222633	243.69656315401772	474.0849385932784	352.2710308746207	892.2757366633259	965.026563821474	472.7484336810506	228.4670042969488	77.27864724552023	1288.1863063093774	154.41068197775698	783.431761987001	67.43476780284055
K07326	fhaC; hemolysin activation/secretion protein	72.2481028983351	139.3776637175964	219.8848410428746	74.90422289684436	692.9354807142735	593.9905056227886	369.0516321361655	37.14847646648883	41.942965292603006	82.49978431962461	94.19496817643795	218.02664218801948	44.193805920996034	150.71296913130777	0.21221870977286
K07334	higB-1; toxin HigB-1	5329.07269586196	5466.217337960264	32465.586832951845	3368.389153830566	13119.894927672687	5709.943710579227	1573.81591625929	8442.611287684158	4215.070856619136	867.1326014827821	957.131524007713	561.3801241191114	313.6582525441461	6746.668863806076	51.98446225551228
K07335	bmpA, bmpB, tmpC; basic membrane protein A and related proteins	84508.57368335332	46421.00023057203	32376.71173247161	72136.15121826748	405000.43220259296	216961.12182281972	19994.91040371202	116656.27318531885	17119.004803120068	13888.304000330443	23165.550343919516	7579.495462826675	11042.306510788674	168276.1263128118	2118.3574990365296
K07336	K07336; PKHD-type hydroxylase [EC:1.14.11.-]	18.941770343734195	87.82122047610693	53.37363232219244	166.4762511308465	637.220625786552	375.63471907100734	1073.366205733845	214.48913703287735	430.94310618228405	270.3912672210163	95.37580064940948	1597.786306235164	181.13323146593797	986.5151596061484	68.14016840670787
K07337	K07337; penicillin-binding protein activator	14.857711481339752	68.79131949072615	47.178228112922	109.1560064945622	278.6058034538213	305.99739923930383	423.7164163642743	143.59862953775593	237.69683429950976	167.7106271146442	50.55143376564526	687.739613824169	153.445885230189	360.23054842476233	21.02798913097493
K07338	K07338; uncharacterized protein	0.0	4.997990967839215	5.19	20.36598595374275	88.85598595374276	105.06317330871764	389.52474340977096	64.46	158.56	78.13	16.8	781.3511311699459	55.28	385.74594882906746	0.2116199732685524
K07339	hicA; mRNA interferase HicA [EC:3.1.-.-]	1668.675883308347	1801.956500416542	1527.7153906888027	435.3431144775704	305.8077546532651	402.9584706541565	340.64225398884025	1325.911291395366	444.5229886352149	228.1458072650816	44.567595657423134	205.92233590697705	364.18997311601856	103.67976634542995	44.54311481509053
K07340	ybbJ; inner membrane protein	20.514167262934645	68.27385022777894	47.25384518060315	91.6767057863516	206.2121631831491	258.2418170793563	284.99622953188384	102.0270318421166	82.2526256436794	94.12836194352415	34.35218820700269	159.48506427204677	89.16953244640561	328.3438293758988	15.58658088291098
K07341	doc; death on curing protein	8468.531742554824	6388.901708675965	14416.27128330523	3741.812412044352	8666.454771752846	7647.876727328746	3763.17343751718	12353.189441087688	3407.120240017027	2248.999044027927	335.7951714547265	664.5775259926177	1388.592830623617	1063.0910727036692	170.1600982963744
K07343	tfoX; DNA transformation protein and related proteins	11118.373434698073	7269.69232771938	4226.366663256876	6007.342906322505	9970.60128023042	9325.925745180037	4641.063100563959	14396.278340819264	4363.93740011234	3304.5543349293243	470.2253006859769	924.1275986212754	1502.0237738217238	960.0236256923736	231.2956428109817
K07344	trbL; type IV secretion system protein TrbL	87.38887059262427	56.46740820500261	360.84993989186216	143.23336457648963	371.1662163878989	227.58041771920017	547.25506419431	265.5368600092275	74.03548020322566	124.16470316303594	56.71632236472526	249.32533943072653	32.07275735303778	279.4928127263806	4.590693909389022
K07345	fimA; major type 1 subunit fimbrin (pilin)	68.82304929206974	325.0040970730451	178.0056358580558	540.9968247435611	1645.422285947551	1314.0377641075795	1179.8786983555012	388.0716015150604	465.2305343332048	482.067983945904	236.7494010053697	527.3431186802954	392.6889469452328	656.5077762449121	72.98941753272818
K07346	fimC; fimbrial chaperone protein	247.7005747138076	698.7237998233835	436.5770649673286	2879.0607002806	1589.0642077880652	1558.4767010560995	1804.440174926221	1636.9187984836858	606.7674633862148	636.8300249016744	279.2838074840364	1007.6435468358	791.8836168795422	962.7514983251948	137.57812703295892
K07347	fimD, fimC, mrkC, htrE, cssD; outer membrane usher protein	278.1937176194816	846.2795188716028	521.1083044906972	3135.6225281115794	2344.504814063326	2159.698008214092	2504.416503693921	1852.180586467753	913.2860228608918	900.4458960596045	390.66720718699264	1589.5663305660637	999.1004976864646	1429.4144264655554	193.5479576865745
K07348	fimF; minor fimbrial subunit	19.337678079029565	104.26591052670484	42.87604447193679	145.48121332813682	306.9264017662088	309.8722968341105	164.81452704559717	137.48184291614953	144.62292040051352	145.4724203960475	63.05777954754705	50.86656769943743	144.6278253660191	137.07519688362845	30.2719833228835
K07349	fimG; minor fimbrial subunit	19.24459499701149	103.76401788853428	42.66965518145203	144.78096394970638	305.44897952837056	308.3806995076401	164.02119458514866	136.8200552782078	148.4783622655689	144.77217101761707	62.75424364963632	50.62171666846398	143.93163951299655	136.41539375809523	30.12626341174453
K07350	fimH; minor fimbrial subunit	11.116994751704397	59.94123443841743	27.33378142514896	89.00450034850141	190.8657906682445	221.53363181462075	129.2385211511982	81.86128994722606	87.78549102752669	93.52653969748694	36.251200583472034	82.53038391604426	84.84170804006041	97.3170123474937	17.403053700219804
K07351	fimI; fimbrial protein	26.10433225343509	140.7511323792212	57.87976556510743	196.3822358165044	414.3286840368405	418.3044985576828	222.4843858891549	185.59143818607876	194.20273382955915	196.37783935045977	85.12361485307505	68.6661396032898	195.23805329920333	185.03771379165337	40.86546428668552
K07352	sfmA; type 1 fimbrial protein	9.078534416560481e-08	4.895035155974895e-07	2.012946108199806e-07	6.829638581392199e-07	1.4409523560254472e-06	1.4547775353400064e-06	7.737492023048248e-07	6.454515382657162e-07	6.651754607544872e-07	6.829638581392199e-07	2.96043173055759e-07	2.388069306934844e-07	6.790006400690463e-07	6.435160131616779e-07	1.4212284335366764e-07
K07353	sfmC; fimbrial chaperone protein	1.6241219020859612	8.757067433480751	3.6010987148789235	12.218013496910633	25.778194738286214	26.0255229467257	13.842135398996597	11.54692962467816	11.89978453538516	12.218013496910633	5.29612137005087	4.272182587111397	12.147112743824646	11.51230367549663	2.542533982757921
K07354	sfmD; outer membrane usher protein	9.849969180475243	53.10983382487718	21.83993166513496	74.09976814956502	156.33951082999997	157.83950613667133	83.94973733004028	70.02978088413009	72.16977418831456	74.09976814956502	32.11989950018932	25.909918930569905	73.66976949498591	69.8197815411961	15.41995175258155
K07355	sfmF; fimbrial-like protein	9.849853456084174	53.10920985305894	21.83967507420085	74.09889757318146	156.337674043066	157.83765172673364	83.94875102926564	70.02895812482993	72.16892628686243	74.09889757318146	32.11952213293642	25.909614522552385	73.66890397053007	69.81896124911646	15.419770588103349
K07356	sfmH; fimbrial protein	9.846985272619596	53.09374495724129	21.833315568935227	74.07732068031595	156.2921500021673	157.7916909066271	83.92430595293554	70.00856635954825	72.14791138324429	74.07732068031595	32.11016923416664	25.90206988970292	73.64745228770413	69.79863063292387	15.415280497847125
K07357	fimB; type 1 fimbriae regulatory protein FimB	45.738942250280495	214.705462251431	85.66026338871387	296.56966837370726	568.7902517267872	608.1492196161621	729.32055845965	285.5268866000272	283.9725464584631	281.2632730581185	136.91895912858078	140.59871240640814	304.30830798178	384.9123675158693	59.79204948327144
K07358	fimE; type 1 fimbriae regulatory protein FimE	37.07604675497874	167.9813702722998	66.44095839767044	231.3699715183649	431.211122386097	469.2697287410197	661.5709078384682	223.92024941557625	220.47536633504112	216.0549801486192	108.66578997779152	117.82616145503998	239.50191960435268	323.5461590510463	46.04633543754714
K07374	TUBA; tubulin alpha	1.6118432424437094e-07	7.148999111268863e-07	1.719107914549292e-07	3.368268557850257e-06	1.6855494216537428e-06	2.044496582991596e-06	2.16674964245564e-06	4.6623876846549405e-07	4.372932733265829e-07	6.228138438197802e-07	3.008199420389597e-07	3.115464092495179e-07	4.870965377937437e-07	2.2204744846142246e-06	1.3334060914784125
K07376	PRKG1; cGMP-dependent protein kinase 1 [EC:2.7.11.12]	0.0	0.0	0.0	0.0	0.0	0.0	0.0	4.244060915363254	0.0	0.0	0.0	0.0	0.0	0.0	0.0
K07386	pepO; putative endopeptidase [EC:3.4.24.-]	26789.254356926547	24249.332326308373	113095.6628796233	17398.719353453344	5535.94331779403	6861.701894265847	10858.688395350511	46575.02190802706	24030.042537630943	8367.916640437084	661.9602470286457	2858.764831522817	920.1272185792096	2297.6487049488737	837.6659972726604
K07387	K07387; putative metalloprotease [EC:3.4.24.-]	6881.01934360775	3737.5067401394704	29513.719965021708	3695.302344678128	964.2168731088508	731.0777902931051	554.4526520829345	9992.216857767598	5356.71442664376	1336.381019135633	81.3603217051416	716.4667882068777	186.23240976447389	360.16300951575266	196.11116612801283
K07389	cyaC, hlyC, rtxC; cytolysin-activating lysine-acyltransferase [EC:2.3.1.-]	13.25791486135567	55.079938694823134	21.77674923263669	69.10641358210752	149.09202743402702	190.4768975691539	123.19806944511204	66.76681224837635	65.9596179240334	75.04237922611514	26.88957570869262	95.85539698215176	66.01360551040959	85.0979888461991	12.819897968745224
K07390	grxD, GLRX5; monothiol glutaredoxin	47.86883667914212	104.34792822960895	153.91385665370785	173.0411440721672	457.3386563336567	385.4872277568232	1065.6797745305284	217.41987450674537	282.89834356314185	213.6714188313161	82.2063479886125	971.9276585319578	168.37486448534304	786.8605957999322	70.64846583727842
K07391	comM; magnesium chelatase family protein	59787.216614916135	49252.08813966399	100253.91146301458	39047.67894024317	87381.38326466107	51096.29101689764	18238.77514061943	73764.0444255377	32864.28258805422	12667.896009601429	5390.856594230006	7054.153816231141	6573.403688371962	37765.43382165875	1670.2742557275842
K07393	ECM4, yqjG; glutathionyl-hydroquinone reductase [EC:1.8.5.7]	1459.4281290671847	4974.976436387084	14392.286597291508	1738.2188484796102	3680.6839179540975	2121.489826923765	1843.1160360673684	7993.084503843702	459.4060878763724	1170.2467625264674	359.50653629970793	487.75129618292544	175.53116306080668	1183.3463516402796	22.39526199082876
K07394	K07394; SM-20-related protein	2.7622405930026552	6.650070634668282	18.10372455858169	27.957012433120237	62.26417077856846	151.5790762805269	173.9421867388901	25.055837127873925	11.447743425257562	41.22808681882695	1.993852334272768	119.61104323536496	22.37146038497531	197.16498137872935	2.908466739927367
K07395	K07395; putative proteasome-type protease	3.645615419283347	12.309761060879246	6.986200563517086	25.383258427467368	96.11250253905357	37.81155214750847	496.41261565698414	79.56924476773133	164.91259021472774	85.98885644262408	21.3195908633707	760.5585358659695	55.88202569548106	501.8729870821725	1.4211029383772371
K07396	K07396; putative protein-disulfide isomerase	17.16925393305774	69.26856417085638	58.25596532111993	115.45813871515182	666.2096523511284	437.6959178902868	453.5675915510591	170.77840723443316	208.6906156679537	293.20285375108085	75.77408184210746	993.4074909952346	52.01184629943357	634.0260722754168	1.6959666413079968
K07397	yhfA; putative redox protein	1196.852567307437	906.214672649212	5387.141549122971	1015.1047258540772	1246.850511676752	896.1453244220746	2426.3567785660102	2639.554271896986	1158.531535894436	592.8582994352187	240.8721648678363	2606.3815343383003	354.17527124697784	1939.487280604298	138.37480943590236
K07399	resB, ccs1; cytochrome c biogenesis protein	203.1976250073062	257.7328813318118	1271.300091976074	1551.9209957871722	1336.6618030916734	715.2062347572898	998.33368973269	213.30741506744096	240.1173949266397	274.9046408849618	189.90083714231287	935.4108572747368	163.59868354614505	615.3462596448288	56.357898958395936
K07400	nfuA; Fe/S biogenesis protein NfuA	19.763072929478813	68.13638616970596	29.179364492515045	85.0670102807788	188.3975174303716	249.8695035850875	285.78461677661744	93.84332241312552	83.1983132272271	96.7064530423968	32.94529033038286	132.68535368704775	80.75731976840282	241.74320497007773	15.613121866263342
K07401	K07401; selenoprotein W-related protein	6.701093687901772	26.569321412318345	9.5863742576381	75.90709351644627	86.35519402621277	149.0501129850152	380.9756001830118	41.10337687157753	25.46919507741763	34.345689661114605	16.03400684990546	193.55767823418523	35.50885755816222	189.3179573880687	3.22224953361491
K07402	xdhC; xanthine dehydrogenase accessory factor	20695.11143732313	24526.958865446817	13330.032350035435	31315.626886245747	131994.99257271117	62128.81108261885	13848.790356917783	28491.65424854627	8369.62459252803	4693.912119854489	9293.33116272546	8231.98943509759	6607.806555041978	68274.83746682819	950.586030203506
K07403	nfeD; membrane-bound serine protease (ClpP class)	7539.494481226446	8412.541862967833	21125.980805819992	11459.322561246465	4595.566577785367	3813.848755098972	4096.929723978435	11817.476452232224	10168.35193867826	4441.071178975724	512.0293148005974	970.6712738636388	455.5703477202137	1943.213303867583	459.1360270006031
K07404	pgl; 6-phosphogluconolactonase [EC:3.1.1.31]	14647.859820558504	12457.438375878355	21869.861155900504	4928.813145839631	9621.495648883214	8480.45899912103	9652.85475166366	17654.767647369677	4702.850538468286	4328.190395356672	912.8958970121416	4700.055828977354	1944.7729862613487	3646.902925566365	214.2382485962935
K07405	E3.2.1.1A; alpha-amylase [EC:3.2.1.1]	17365.286404746832	10679.10896117072	72335.1698242469	12532.086616529956	1397.490436626083	1443.643483811606	727.3927927411153	26695.94110381948	17344.43609698515	3640.749678302797	23.23694887214929	997.784501050632	227.08369106655147	711.861687272389	520.9952791225454
K07406	melA; alpha-galactosidase [EC:3.2.1.22]	7411.618344006495	10672.39517963045	5252.783025660245	14786.86888830692	5016.085257580997	6263.564782823527	18136.558539710542	13163.997484420832	10930.566394991763	9773.25364231158	1207.349831336277	3531.924109347124	3235.999622594625	1927.296187332576	527.4177111768684
K07407	E3.2.1.22B, galA, rafA; alpha-galactosidase [EC:3.2.1.22]	81580.94370916972	56558.50123172773	175715.72731937064	62606.65460491531	233242.0873645754	111982.85755695362	20113.77313170893	109494.22868251282	44992.008665110494	15901.90704560264	14342.983510562844	8248.572818904773	6735.598018321135	114458.44231411154	2317.966160010052
K07408	CYP1A1; cytochrome P450 family 1 subfamily A polypeptide 1 [EC:1.14.14.1]	0.000167728443391	0.0004711117624478	3.179627787738526e-05	0.0006053925013466	0.0002921183389838	0.0008817716600519	0.007494828064507	0.0006630978693318	0.0004545371836658	0.0003404381726465	0.0004072956099106	0.0008504929834448	0.0007657927557723	0.0023963026273941	8.963070632383646e-05
K07427	CYP4V; cytochrome P450 family 4 subfamily V	0.0004710583330533	0.0013230977228059	8.92985193888813e-05	0.0017002195737455	0.000820402163366	0.00247641890618	0.021048911819667	0.0018622826913767	0.0012765487100432	0.0009561063995612	0.0011438727217966	0.0023885740483566	0.0021506969939346	0.0067299159184344	0.0002517240979388
K07432	ALG13; beta-1,4-N-acetylglucosaminyltransferase [EC:2.4.1.141]	0.0	0.0	0.0	0.0	0.0	0.0	0.0	0.0	0.0	0.0	0.0	0.0	0.0	0.0	3.660668154019988e-05
K07442	TRM61, GCD14; tRNA (adenine57-N1/adenine58-N1)-methyltransferase catalytic subunit [EC:2.1.1.219 2.1.1.220]	298.1558016855874	1274.574981353241	1119.7346502850824	2569.5757629296468	1431.9235813001155	1077.1217377135818	2261.524424338865	769.2807947719851	1296.264983395966	1028.6304011425357	211.67446656546596	401.60797866237726	214.00581126361377	193.67647847965287	43.446763005915415
K07443	ybaZ; methylated-DNA-protein-cysteine methyltransferase related protein	18594.528492398425	16731.34305311359	32874.17442727259	17501.33301312537	57973.75223508733	29532.69363765163	9776.995239399335	26784.650371719377	10648.87159130128	4776.9802178027785	3748.80452420613	3415.542154841653	3000.956630058606	27675.02648312566	647.3500675012501
K07444	ypsC; putative N6-adenine-specific DNA methylase [EC:2.1.1.-]	53035.24436971673	51112.82784700308	106151.51445787294	32772.35994931107	87041.90803989481	50111.28437291423	18052.712349949456	75855.70070570523	28325.965908922622	12559.54800763159	5532.336333187759	6143.40639643023	5614.833520215633	37614.28082240384	1474.1421851794416
K07445	K07445; putative DNA methylase	272.5591661903286	756.929894112484	411.76063699642975	788.2324496738252	245.56779742713596	300.86714964688576	1462.8865474127906	447.3309239267147	778.5792525032755	523.8387655580217	90.03360954189986	216.45678568430813	79.37195724402044	189.45112881864776	29.5663524093484
K07447	ruvX; putative holliday junction resolvase [EC:3.1.-.-]	52994.89657193604	52314.8150009254	112578.848555719	37989.585554187615	90034.49003743475	52275.98140821009	19824.631565573454	76839.32025424892	31057.645136332187	14001.260753079674	5890.301403447127	6193.550046892712	5851.329715057411	39091.53162965269	1502.3867915126195
K07448	mrr; restriction system protein	17854.537797689307	11247.977464522011	11942.081675058282	6468.7119301956	11955.55864861288	10815.369681524326	5678.246119924106	19847.71579649106	6306.3248273462	3998.197526354472	521.2567142710158	2608.639116501349	1719.2404127582388	3249.9260797235984	308.41561190369873
K07449	K07449; similar to archaeal holliday junction resolvase and Mrr protein	0.0641489987002066	0.1261457890746954	0.0113656629907919	0.2204659008738617	0.153357713811732	0.226579179423277	1.0394511817631482	0.1467525510751454	0.076115370240575	0.0696317593975194	0.0643133662019866	0.1207613598427941	0.1175655047347271	0.3976472174159523	0.0113231151082511
K07450	K07450; putative resolvase	1.7396741186900877	8.901475191102728	3.694465012220807	60.79020900255182	23.34589051945198	25.33558631537919	24.973458317338626	5.751845800323875	5.505673735616308	8.550769253337743	3.296152568517472	3.5392201455918317	5.21484637321226	27.73725650341257	0.0021416641214969
K07451	mcrA; 5-methylcytosine-specific restriction enzyme A [EC:3.1.21.-]	24482.94427878049	16620.589282505665	16987.19120009474	20241.89190560489	75804.87576264364	34295.04026504312	8244.049106792829	21981.032076869666	10242.511306478336	5333.470915270153	5223.971098551329	2385.9013717395424	3235.4594802136226	41323.30344346261	689.1971939065224
K07452	mcrB; 5-methylcytosine-specific restriction enzyme B [EC:3.1.21.-]	6394.219332363846	4284.47983281495	4654.365923532665	4427.752719166657	14345.991600276113	6923.020441377517	2799.6063655133657	5239.3389337319495	2273.5160967389943	1501.695345186688	1055.8900300524374	838.6214229633397	619.5038070512292	7153.333742707114	119.2329255123164
K07453	K07453; putative restriction endonuclease	593.2701334888909	265.01360990027035	108.24463634025128	278.02789597169567	36.95186599973837	64.56789814915906	49.74921353960282	589.7787719448187	75.25908045946107	54.434557991689374	4.152030531880605	19.471314527138485	15.360594148319151	5.954212657103197	2.646593095117
K07454	K07454; putative restriction endonuclease	2244.3459582156424	2156.4211851086707	8545.813276229212	2357.347834792808	884.2659692925199	1094.848619913005	3193.2720648332597	3531.967625913772	2997.5531070982915	1231.7835321581329	168.01488770643596	658.8487830923071	321.030262859211	364.36495431976334	49.02125215469167
K07455	recT; recombination protein RecT	4530.633247362138	3427.8922431534565	4130.5346314743765	3310.449847531625	14272.70663402644	7296.950976360993	1076.4145241563467	7033.380697250716	1679.1417683894588	754.5214047498594	1016.4838873448886	466.776569771796	1385.926579934195	6857.655322032624	88.59667833097156
K07456	mutS2; DNA mismatch repair protein MutS2	56928.31259042758	54806.41466460029	118116.47495255012	38618.38096698644	90640.29958097928	53370.98021036341	21713.301532014277	83862.75937165394	31522.69541373841	14744.64520259272	6016.451793548374	6599.621207171617	6737.383497594906	38360.65843707603	1648.320736140719
K07457	K07457; endonuclease III related protein	839.6519882380749	2762.7929084971056	2760.279067423219	2659.130250340924	1153.6801804812376	1619.4539216497733	4118.267794180716	2133.1690154297667	2155.207716630154	1610.2668895564968	330.1912679360639	512.3011227390343	409.134856755932	446.37917372227673	86.09840975950094
K07458	vsr; DNA mismatch endonuclease, patch repair protein [EC:3.1.-.-]	27308.166898219635	21596.007026981777	59236.44400818639	14717.53889960029	12364.09935667042	11221.56537116091	3683.12848757495	34607.475232018856	15801.476909933685	4958.049885118737	227.5746707728441	1956.409938028736	1571.2454458681966	2042.6018524465512	793.4967951157525
K07459	ybjD; putative ATP-dependent endonuclease of the OLD family	10419.537055510296	8784.409247940017	25205.680127850632	8150.117201831345	2545.716253028166	2469.688024899482	2729.316388926255	14691.617808541	9055.8483769081	3558.8590429367173	234.80602779572516	1013.9369796272256	385.12696420544063	1010.0608193009842	469.60530490085097
K07460	yraN; putative endonuclease	50157.957854872526	44664.99692553353	93967.9295120088	35863.25307199988	84869.9427609334	48896.780857674494	17058.963807387525	65688.53680526448	30307.14439191764	11753.782527584624	5224.50681092382	5845.119738359796	5680.597455989528	37431.234910551975	1473.887481647212
K07461	K07461; putative endonuclease	9232.744850896754	19922.872582395365	30237.239547944027	12544.68007001745	67029.93199036513	31311.13118429765	10085.304557133586	20309.642653446037	5398.857950256403	4872.384843406499	5164.255931722466	2582.099684482231	1952.216973322418	36027.20308974536	492.9952110230884
K07462	recJ; single-stranded-DNA-specific exonuclease [EC:3.1.-.-]	54401.87127645158	51389.145995161554	115487.50296147449	40422.06521898812	90683.39326052276	53348.38572169523	20949.81114952002	81204.91627207323	32119.18346142576	14700.330232487004	5966.7277094434185	7055.096150324702	6585.234911167325	39418.82605973023	1635.731563523411
K07464	cas4; CRISPR-associated exonuclease Cas4 [EC:3.1.12.1]	24839.8675964086	19685.927089018045	22984.97395449451	12981.905985422578	22474.917031591336	20897.404194776995	9185.803899898843	28993.72809529512	10247.340820143976	6079.98913700226	790.419034430211	2375.690937013125	2247.057178975876	2668.651827008066	571.362213819878
K07465	K07465; putative RecB family exonuclease	0.455119989844711	3.3672027002380758	519.1584788723744	1253.6026923394418	935.8792528425344	382.8726288282099	74.41136351543766	1.7992720224129974	1.233356455421002	107.43375636800276	62.075169583039326	96.0877562169107	40.25792777530114	11.862208005960197	0.8780588236634337
K07467	rstA1; phage replication initiation protein	6440.208094782583	6408.565348141751	3145.7094684142976	4338.325384041034	4078.774057656328	3920.189742483792	5941.48745553802	8155.081481750323	3025.4409690777	2791.918838151233	590.2275857536281	2263.4918399080984	1918.2799512121992	1530.5797066867597	268.55288595586023
K07469	mop; aldehyde oxidoreductase [EC:1.2.99.7]	3347.870902545385	2785.9695240748924	1507.6860911166525	1748.75221636474	1769.6230506734555	1805.6543107137284	638.9320169450573	5097.912524008068	816.4417911653918	308.402377737072	234.29345636423915	748.4608945130099	987.31785764122	257.52449402574496	40.85932895546357
K07470	sbmC; DNA gyrase inhibitor	9.999861099589864	53.53122005432092	21.86863969382472	74.64134773132342	156.60260680153755	158.6290646849422	98.7712525199682	70.62281991998529	75.51664231726954	74.40479736707482	32.48400293119482	26.669616430395795	74.35454759447236	71.96021707571249	15.500199983257994
K07471	ygiV; probable transcriptional regulator	9.856684874185795e-10	5.3146044027208894e-09	2.185482209667185e-09	7.415028925656521e-09	1.5644610286601092e-08	1.5794712086715598e-08	8.400697413075101e-09	7.0077527080125e-09	7.221897942842527e-09	7.415028925656521e-09	3.214179879785256e-09	2.5927584273112075e-09	7.371999742957031e-09	6.986738455996468e-09	1.543046505177106e-09
K07473	dinJ; DNA-damage-inducible protein J	33285.98802429138	34389.483420070566	19087.797636822204	10401.421521747976	17053.285972600126	17140.105493367453	9105.428159581805	36077.10745422943	8618.844401926552	5978.008433439816	1045.0413646201544	2531.1600586652207	3650.618078457521	1973.2847078909597	772.9509527327857
K07474	xtmA; phage terminase small subunit	23496.44596289028	19419.48795743498	22938.33051386273	8156.49151611553	7902.896670576903	8512.44974864609	9673.143044874558	23586.30495061278	8077.741831488485	4438.032550056789	678.869211972391	1791.2194077110685	2246.766170586496	1791.6895244257462	379.622655703642
K07475	cas3; CRISPR-associated endonuclease Cas3-HD [EC:3.1.-.-]	180.4791060746184	109.9720926156642	95.30555372153086	74.26812482722448	51.15025338610283	36.71939333375161	18.4866001192056	198.14216388095429	159.49614004726368	86.84254189317517	4.460066045784815	4.167951100362735	16.328772536064548	1.8491305992449776	6.359360721494642
K07476	yusF; toprim domain protein	3.556305449261048	8.333922708745938	7.193295727633259	29.0623893886882	20.539155319281104	19.308766677887814	82.54533878766392	6.6076369474182926	3.773092070361025	5.373816883921036	55.75556093620951	2.6881119788250656	24.202808953060032	19.158892170015108	2.6939544007522933e-82
K07478	ycaJ; putative ATPase	65353.8509059696	60120.44428007155	133408.23784692696	47390.69707268779	102520.38846831894	64269.56456707572	26026.39171455357	96350.41795504709	36263.24975995837	16660.547923932267	6398.859227407611	8318.475811074071	7629.301602543566	40507.14594601992	1773.1393562547894
K07479	yrdD; putative DNA topoisomerase	16.669602838576544	68.02982754240038	21.868067062298746	74.6394048743603	156.59850766175865	158.62492621607495	133.37905140199177	76.62098377594847	75.51475006373339	74.4028545101117	32.48316076431688	28.168937085943504	77.18261601184788	71.95838643774805	15.612895513854422
K07480	insB; insertion element IS1 protein InsB	42.70935522553562	225.4743838576616	90.92938961637884	314.0114558838539	651.6211716928781	664.3634230854764	431.05394776401977	297.7709898535842	304.3383117469414	311.081313940672	137.71603766004472	116.8630348391316	314.0016143039578	316.0665980935421	64.95767843374227
K07481	K07481; transposase, IS5 family	15645.39530155579	8746.542509424884	65822.9538775934	4730.100765034962	1578.1452796185797	1362.4291946467963	2491.401594788147	24678.02642706487	12832.697484055854	2691.693915128957	138.9505332083018	1705.0154253644996	1815.8193882483256	1251.2164120372922	214.8313463264874
K07482	K07482; transposase, IS30 family	5267.371503926732	4776.70764204735	3148.2829682239	8348.47366279069	47652.95861587539	19858.88090478996	1758.2397777920264	6424.818826313633	1274.0532617173017	860.9739368291773	3303.04680149112	1085.9923842570408	3386.7581038864064	25881.58842809512	138.60740156944684
K07483	K07483; transposase	91485.40985027948	45164.230550067055	57733.161162991855	35171.95400701058	113211.07642420071	69150.53828290281	16578.161342643754	67770.84953261103	22801.001807996792	16724.04028071359	7335.919967538191	7054.792271712101	11541.760453698667	44174.01936535945	1428.9769212254355
K07484	K07484; transposase	83250.62547555557	28184.90066373188	34657.400942869666	16293.751805679693	23204.325878628864	24055.72357939904	9694.832875021802	51824.552306222045	18902.26984078475	9077.709225850664	1130.3201356362974	2124.5572568930065	4769.552103782809	3213.707559192994	1035.9535832452334
K07485	K07485; transposase	619.7877268627125	519.9806982176236	355.0074244981224	397.7415815611164	534.3549810078957	277.50113470299726	303.1149837174884	1285.2892255765903	408.1703398198053	300.27540124650574	46.06695047861901	96.15671139167074	87.00291113603164	219.56049638991067	40.6588731575975
K07486	K07486; transposase	1522.3605220397008	1145.013598257741	1500.6257472229308	922.78116781667	1147.9292693651616	839.8824703152474	513.9051788220243	1902.401950076177	547.1648805653925	497.333144214193	159.5775941059037	496.5139263017676	228.69827317808048	468.75468030337095	32.22593314425067
K07487	K07487; transposase	11675.589087152704	2274.8212703280105	4269.985408322817	1082.061508880868	2796.4515977969795	2465.9921385532657	900.5656091918879	5803.074682474746	2319.913852448069	1624.453200922775	146.65127009879944	91.60913836461084	242.46499608699756	625.7169915886737	44.94652385835912
K07488	K07488; transposase	4.963552142778911	10.790889432316458	0.0129393753126447	0.017144369684593	0.0342899497878309	0.0672387557172512	19.466063390095528	46.46738185967851	0.004529386568748	0.0157124444278242	2.5545279996614125	10.029729420743267	2.1233888871451034	0.2620969410561228	0.1001770631754573
K07489	K07489; transposase	0.0950728513495722	0.3815554101535461	0.0797677094487208	1.5603087121619934	0.7792174904153935	1.022723657563927	2.048659439194415	0.3011730300314277	0.2578579522636325	0.3221145962761949	0.1912979895198845	0.2611612347021143	0.325386442516989	1.322322630592754	0.0131814322652179
K07490	feoC; ferrous iron transport protein C	9.999747409576855	53.53060705162135	21.868387613633445	74.64049245924589	156.6008023044174	158.6272428746221	98.77028355787766	70.6220116243903	75.51580932150928	74.40394209499729	32.48363219787323	26.66931737372199	74.35369728551215	71.95941120396549	15.50002200353846
K07491	K07491; putative transposase	64180.03233649746	68049.11710339732	49322.83593531048	46442.04229660484	158346.70160759336	108359.07388569105	33309.53653153251	116217.15594509064	25013.11413868236	24455.931873776663	7798.269590012346	7199.700163765364	9162.013569841802	44103.556236669865	1789.731992522053
K07492	K07492; putative transposase	3449.419280602959	2813.4601659561386	7289.60985302738	2971.4295621093474	555.6634654626962	459.4350047877665	643.0798276409905	4921.759617931587	2737.5726775295034	925.7558361178826	40.107404356734165	259.963321573674	77.72733147816334	222.11648604512663	181.2235114466003
K07493	K07493; putative transposase	282.8025543697298	170.47919307359234	201.633427292443	381.9850321851066	1007.7737136434956	1232.1249749665694	644.5196760192974	714.2774221187972	97.88089927440012	180.7118954389837	54.022403643872224	134.05167711977708	256.3684417529792	303.15480180498577	28.388561168762696
K07494	K07494; putative transposase	95.2151170897958	53.530022304352826	76.43355545151185	55.34635737657263	110.23982998455531	66.87094595504702	371.7925225387677	132.08580333630036	121.23184552897231	61.761003391183614	14.738153565407067	363.77983050107815	59.37599197698989	220.80641057428696	1.3337359956865598
K07495	K07495; putative transposase	11.825467221418942	61.990398348198106	24.75115535636184	89.19578856153221	177.9705321975249	182.2405558113578	142.2455756738785	82.4569916092341	82.90682836480711	84.87500794349243	37.77713094480279	32.71925781011126	85.78227248226779	109.35545277106804	17.698946232170336
K07496	K07496; putative transposase	21308.618847485268	68771.90163547044	83749.45298773753	16149.894675104188	15858.855199238496	16549.709394805897	32928.78241747929	64034.10291939109	16470.20649463706	15768.746890441984	2333.3043210250994	5504.171922034904	3391.1946583976824	4313.77042683741	1167.8997850376331
K07497	K07497; putative transposase	17156.933063239496	16326.797196788524	14589.121461683051	19658.29442597825	56674.92880355801	30389.26708294562	12102.912711615696	21837.969294204417	7143.134699333403	6742.941146382533	4609.264606694008	4252.520079330036	4974.560684194893	31344.088798326287	876.0256594627454
K07498	K07498; putative transposase	871.5533982125007	8441.462531884516	26282.22654954803	66.22606948866759	12.984346805389627	29.327599561430045	2626.9914198454367	12911.597932816168	183.0947465501735	294.32604439846983	122.2359056529769	321.15409515959794	35.209866709313204	117.67274893172956	0.6085626559677639
K07499	K07499; putative transposase	9.83599544549439	12.663080090490396	1.4383520732543738	35.1321554091104	12.060833153786689	21.53014646279441	98.98464030652036	12.3609609199703	24.53322801523095	12.312648076941572	5.212298474462438	10.003180921059522	9.581701017789968	31.919979348596662	0.9634727017419362
K07501	K07501; 3'-5' exonuclease	9.422083421669855	36.75827892679303	39.48654659505897	86.43166347677499	249.9008468010362	218.9155184717096	277.8372315023056	40.37793235175981	30.18269117713053	52.81831923641439	19.53531168829268	113.38401317764468	43.050193173009305	280.38926932871857	6.775022864967699
K07502	yprB; uncharacterized protein	13151.82747810751	11176.130492507527	4941.38998782298	1511.9517604507005	3844.460087460135	3930.393439938378	2446.859096774857	8032.622036402217	2961.711169942234	1647.0284052481238	204.59717026470648	1189.1123653963646	737.2512882040879	603.3409165883635	155.97755638232115
K07503	nucS; endonuclease [EC:3.1.-.-]	0.0082404108591695	2.0686546236247723	518.9637808798349	1252.0336195984537	934.826444773006	380.5415335299702	53.880605567690615	0.0292330745158833	0.022006495028872	106.53114190525147	60.98816029358783	93.81288048246292	38.212894925548326	5.474019589084346	0.0030387863383667
K07504	K07504; predicted type IV restriction endonuclease	3549.349983605164	5112.646072372497	5771.630028200354	2198.583573865352	1785.709479410072	1869.6029437978652	1826.566667614853	4069.2728959949136	2260.6081310587533	714.4108066767888	83.067409905543	794.0991676639987	520.9915535773712	576.6989983195123	139.46615473104208
K07505	repA; regulatory protein RepA	3316.5434638762463	5003.687566722249	13638.736279466171	1447.575170701304	7272.392072798402	6329.036909501378	1878.9255067073293	12678.580524846251	374.4920708373977	397.44351584203525	36.35978987887963	153.224365135065	388.6198918900927	163.17134622232012	58.96419368426944
K07506	K07506; AraC family transcriptional regulator	227.6000529563712	245.5268236380137	260.6959641459064	241.90804188409567	505.0068187650672	316.7353747120119	1166.504131832415	442.2159750286919	352.661497474275	223.87683469371945	85.48310845808811	1641.154531705042	234.86455303629555	856.1562822598546	13.192112529428444
K07507	mgtC; putative Mg2+ transporter-C (MgtC) family protein	40836.20656646144	31897.337749357142	85172.50908895589	37527.71152598651	130027.98528938951	61072.38992644326	17088.95390420254	51390.08364537488	26352.81883134712	10265.90129356432	8983.946788359119	7078.774676536297	4504.611132117293	68152.65326039772	1339.9119164969247
K07508	ACAA2; acetyl-CoA acyltransferase 2 [EC:2.3.1.16]	0.0373122010258491	0.0264831676758538	0.0068782405519023	0.0955206378675036	0.0553107495431525	0.0677088334889131	0.0603794889587796	0.0238878657388621	0.0161582101169177	0.022107703073783	0.0089937837494232	0.0086862377295582	0.0139615071847708	0.061876133992691	0.0
K07509	HADHB; acetyl-CoA acyltransferase [EC:2.3.1.16]	0.0	0.0	0.0	0.0	0.0	0.0	0.0	0.0	0.0	0.0	0.0	0.0	0.0	0.0	0.2934253824250478
K07511	ECHS1; enoyl-CoA hydratase [EC:4.2.1.17]	0.1152080554804497	0.3232595327628269	0.0549070872625875	0.4369964439586659	0.2799440339810785	0.7477765371326972	10.735950436206082	0.457209352091345	0.3052856270982098	0.2614499941162764	0.2671682286434823	0.5735892231520257	0.5431923475866718	1.5493542260886697	0.0638126289437443
K07512	MECR, NRBF1; mitochondrial trans-2-enoyl-CoA reductase [EC:1.3.1.38]	0.0002560485093515	0.0011356504885803	0.0002730879823446	0.0053506452775508	0.0026775706563036	0.0032477742789413	0.0034419787326695	0.000740641140056	0.0006946599262034	0.0009893676513592	0.0004778659345652	0.0004949054075583	0.0007737746396685	0.0035273230477221	0.0
K07513	ACAA1; acetyl-CoA acyltransferase 1 [EC:2.3.1.16]	0.1564649282048766	0.6939680008742999	0.1668773298441791	3.269647346597908	1.6361973813594006	1.9846347501380384	2.1033083014374068	0.4525875315498092	0.4244895459671791	0.6045781673565478	0.2920120852593686	0.3024244868986712	0.4728345958704708	2.155460107207406	0.0
K07516	fadN; 3-hydroxyacyl-CoA dehydrogenase [EC:1.1.1.35]	756.484360595765	976.9004194240798	604.7485442883428	991.63375573152	1173.4259546920348	795.7390559080372	2190.116895215574	2224.1625686992315	885.0928128990795	561.7810175817829	224.74770752045563	2741.548598477631	1014.3666256931735	1529.238886349936	172.97338685839588
K07518	E3.1.1.22; hydroxybutyrate-dimer hydrolase [EC:3.1.1.22]	4.00749970055806	13.382502021856103	14.417432694829708	37.52706912666929	221.68109451967476	72.03942696466547	389.7363050252293	61.029649326972425	171.6863348568182	84.59075273406842	30.348211551071397	658.8680832800562	50.70424115935087	331.1626703994468	0.0040076891232392
K07533	prsA; foldase protein PrsA [EC:5.2.1.8]	15839.895385618229	16761.46114879711	22730.12713834965	14409.3040187725	71223.9152987597	34680.18372080695	10683.556959776042	20281.99900863232	6702.890335352256	7087.203739879427	5290.254232458518	2653.304807773741	2161.051791130302	35565.84368407172	333.0452193399828
K07535	badH; 2-hydroxycyclohexanecarboxyl-CoA dehydrogenase [EC:1.1.1.-]	2564.554534434013	3802.3995444683615	1869.6262528287416	3835.254267568284	1506.504395291087	1691.5404048070416	4545.872704561363	5285.607124180213	2989.13131604757	1743.9755371550743	283.0749855097436	1105.473533158293	1226.6374762034432	695.083871257635	186.70131928546047
K07536	badI; 2-ketocyclohexanecarboxyl-CoA hydrolase [EC:3.1.2.-]	0.1654104877119623	0.2917986971548617	388.8829328879999	944.0447404020572	699.0854440366555	287.1892110463224	41.436355461213935	0.2461536767539431	0.2438104347246186	86.33337703131909	37.40822126102192	71.5557370994995	28.85814521904833	12.216397034085274	0.0
K07537	dch; cyclohexa-1,5-dienecarbonyl-CoA hydratase [EC:4.2.1.100]	3.982438852512198	0.8265975315329116	19.892345737137106	3.572421940594462	1.8718699034823565	2.2210823337312027	10.90462155673364	6.455905952070713	0.4637979594784152	5.623818490023521	0.3190528732050438	0.3304294799541571	0.5166198386249133	9.307184232229773	1.5721551669617675
K07538	had; 6-hydroxycyclohex-1-ene-1-carbonyl-CoA dehydrogenase [EC:1.1.1.368]	7.192738276340959	4.340805994046461	32.70951157123268	3.8983230294513502	2.0512643811567584	2.39517561257596	11.109243262828029	1.5468255596504363	0.8451449650254017	5.778205685774478	0.3378456797734172	0.3498923897812563	0.5470497062488379	9.476669298924952	0.8746291788196393
K07539	oah; 6-oxocyclohex-1-ene-carbonyl-CoA hydrolase [EC:3.7.1.21]	4.220364336667822	1.1914949013519462	19.931766403403365	4.344795737436426	2.5057634981334944	2.844718600941682	11.401476430211291	0.9228822832896848	0.5640731780519233	5.766635217673007	0.3880335488275069	0.4018698294606431	0.6283153866083095	9.816358687596471	1.852282535647516
K07540	E4.1.99.11; benzylsuccinate synthase [EC:4.1.99.11]	0.940546873284014	3.4670200847577184	0.784388266581838	15.368612482753568	7.943237255476664	9.486555829255792	35.70599654493083	2.3721439142738885	1.9952657407342804	17.731518449937578	1.3725702202415335	1.4215125521953866	2.222506252832996	30.987874874506264	0.0
K07543	bbsE; benzylsuccinate CoA-transferase BbsE subunit [EC:2.8.3.15]	0.4757843908506248	1.6933367654638385	0.3616135026649777	7.08513631292238	3.713860937322485	4.405922925688228	13.164290724903536	1.143935437117978	0.9198442455016989	6.273341264973167	0.6327732656661256	0.6553363365844973	1.0246051668824945	11.622882194410664	0.0
K07544	bbsF; benzylsuccinate CoA-transferase BbsF subunit [EC:2.8.3.15]	0.1628640879209626	0.3054166848236146	0.0278624225159121	0.5458514625092925	0.4414783931248863	0.4366765586775591	8.95831396283779	0.2387800461480411	0.0708805484297435	5.064193795001701	0.0487761740019144	0.0505629309694661	0.0789680250136464	7.312029654071219	2.785999041834244e-06
K07545	bbsG; (R)-benzylsuccinyl-CoA dehydrogenase [EC:1.3.8.3]	0.3943568979068025	1.5142281993240772	0.3476838404318801	6.8122107861178645	3.4931254895682544	4.187593349858249	12.98872239433131	1.0245545971855394	0.8844110563301956	6.222875634484916	0.6083982968225825	0.6300922188996692	0.9851364971791322	11.442960624007116	0.0
K07546	bbsH; E-phenylitaconyl-CoA hydratase [EC:4.2.1.-]	43.568870419017145	242.73815046688836	240.4808872673764	590.2243143580492	268.2573160921331	360.5065235244149	508.43766423273337	179.0551980506438	199.81467569995547	84.412158025807	12.76422423963754	206.71391212293588	130.29793186281387	88.46891696243621	5.780254644928592
K07547	bbsC; 2-[hydroxy(phenyl)methyl]-succinyl-CoA dehydrogenase BbsC subunit [EC:1.1.1.35]	0.0	0.0	0.0	0.0	0.0	0.0	8.606543529539751	0.0	0.0	4.963255413667224	0.0	0.0	0.0	6.952125058317343	0.0
K07548	bbsD; 2-[hydroxy(phenyl)methyl]-succinyl-CoA dehydrogenase BbsD subunit [EC:1.1.1.35]	0.870142256568081	3.157322576179772	0.7092983753132108	13.897367323377855	7.2069965475565905	8.593528551464635	17.546482599666103	2.168492833774551	1.8042579275034043	7.532965225396899	1.2411733687235629	1.2854304261247214	2.0097445887704684	16.11373109265539	0.0
K07549	bbsA; benzoylsuccinyl-CoA thiolase BbsA subunit [EC:2.3.1.-]	0.0704061664604023	0.3131027481137347	0.0750915441452301	1.4712775443833292	0.7362569140301046	0.8930469350828151	9.55299124844736	0.2036555632612692	0.1910120176895595	5.235303799063174	0.1313997438218204	0.1360851215066482	0.2127663473663734	7.922040072806011	0.0
K07550	bbsB; benzoylsuccinyl-CoA thiolase BbsB subunit [EC:2.3.1.-]	552.1324428552279	723.0816362379287	322.874553671346	597.1704400433223	166.95347189085527	187.0000766446153	137.55833696664013	1841.4344926227045	216.7804354327312	151.79482280514318	32.45178279021569	38.470119702217005	782.654232161564	14.19039209356021	12.12424650433044
K07552	bcr, tcaB; MFS transporter, DHA1 family, multidrug resistance protein	10517.538138734935	8274.519121021276	27904.937522280685	8087.959422477681	4176.333319502421	3047.299555407186	2388.915877889013	18549.52233563535	8314.808460150098	3294.696407810477	429.96857841485377	3651.5466347820375	1775.0236568167888	2742.8381753207977	501.2781187086854
K07559	kptA; putative RNA 2'-phosphotransferase [EC:2.7.1.-]	7167.366953748577	7969.317659437869	3493.9256095188243	5587.296882738106	10239.046226911996	9203.086956032665	3766.375589533061	13517.539880448863	2404.4753410987983	1640.36180130843	328.9691539757025	1359.7602855716832	1558.3052900167245	2040.2218085096135	219.3592955969896
K07560	dtd, DTD1; D-tyrosyl-tRNA(Tyr) deacylase [EC:3.1.-.-]	52955.40330477926	52055.56464371052	113099.76892153484	37838.21589282561	90412.25033651362	52561.342152975776	18917.13289096921	77235.192209005	30574.750737263723	13477.561090711924	5787.853812734302	6204.070050706157	5873.1507856781245	38755.90772366957	1452.9378210476118
K07566	tsaC, rimN, SUA5; L-threonylcarbamoyladenylate synthase [EC:2.7.7.87]	57324.32072974245	54130.799816582185	114164.13768417887	41764.841728072686	90993.92164163386	53925.40781776529	22237.7701612953	85327.50354121566	33128.16820620938	14938.038890113246	6136.375965035195	6893.496321575899	7525.76079095668	39437.75011650095	1710.703979868994
K07568	queA; S-adenosylmethionine:tRNA ribosyltransferase-isomerase [EC:2.4.99.17]	71558.80859831106	62819.35659092048	181545.40421754384	47146.39643121422	90433.70048052314	51950.139515640345	19401.394414222068	103078.52774474648	46760.86465465018	16765.96118809288	5767.708862214941	7388.489021888392	6000.388722293181	39282.06852981477	2041.8752083680477
K07570	GSP13; general stress protein 13	1022.9243538933904	5638.567177443294	15452.913768168848	300.4605539543411	1653.194461179993	1614.1826118433355	1836.005162052445	8086.560483753281	316.2319075599335	760.8353021699625	185.1032038107076	263.17703655570466	80.32357812895563	517.8909496985758	3.7340692076893207
K07571	K07571; S1 RNA binding domain protein	18722.41069529849	27691.393141305263	31203.37432733696	18320.049339384077	69838.81550229754	33906.173179305784	10649.934070572845	33631.73662635618	8148.656682458915	5478.736956372291	4716.217372198653	2396.35579785	3954.1162487058928	35777.96581712673	607.8175499243396
K07574	yhbY; RNA-binding protein	34779.027263911885	39027.498088247616	36974.030321245446	24418.373605327262	86646.19754254127	48822.40543571646	14455.13528424842	47785.7019130441	11305.60715641463	8076.484481466789	5434.407704001847	3757.834576167258	4782.006915765992	37185.89677694346	870.6380529319842
K07576	K07576; metallo-beta-lactamase family protein	28907.89902480633	25023.05807318189	22137.42903575892	18700.37257194354	14486.8082096756	14521.625477651443	11646.50593593014	31529.5756925429	12095.807439499791	6251.196240019704	941.1523278272218	3401.9017721088635	4302.726901522327	3412.02404454512	686.9735983263688
K07577	K07577; putative mRNA 3-end processing factor	77.89550808450424	136.8443534265583	100.45803060572688	100.79525057940776	1155.0179584209468	1102.0388620484896	533.610798771139	158.96610553874717	212.6829282613565	117.61685441518748	94.27483764915972	786.0076137938889	64.74230338550096	579.7648705571403	56.33870018183806
K07578	K07578; homologs of the eukaryotic argonaute protein	0.007809736624042	0.0219358071345588	0.0014804916257901	0.0281881587529237	0.0136015528695851	0.041056867209427	0.3489726133677627	0.0308750240015767	0.0211640650714693	0.0158514108363925	0.0189644128164627	0.0396004760254928	0.0356566817784042	0.1115761406538378	0.0041733661605864
K07584	ysxB; uncharacterized protein	35220.65017789377	42619.559818865135	49296.180564988215	21270.091954533986	86149.3895958406	48074.1911203936	14544.896358969396	52931.48387351572	11223.263466230826	8076.46940291707	5381.157590874759	3808.3688317159504	4208.729005212404	36975.56297694888	823.7564021434689
K07586	ygaC; uncharacterized protein	10923.57009984913	8034.930762181751	17807.126819845547	1317.9414487854626	6584.532106616581	5406.735987024339	2957.631305540255	12269.348531053154	1817.888169097344	2229.918873267631	540.1986029908373	440.2453272627929	326.560738522288	1755.8425498935844	51.78421445476253
K07588	argK; LAO/AO transport system kinase [EC:2.7.-.-]	15397.21024392576	10697.055549668916	51092.60495707696	15483.915668546344	5733.43815288187	4780.803214461058	1547.3944128511168	22959.409092509344	14269.52096585102	3839.98863272369	351.5649953557936	1934.348233669424	681.5572835406405	1515.3692442674503	613.3039974740799
K07589	folX; D-erythro-7,8-dihydroneopterin triphosphate epimerase [EC:5.1.99.7]	15.3599648038679	68.58625812925952	28.07452137776996	104.36744713162442	193.8062184866082	270.6866346693874	431.85789050206273	97.2730988154318	96.60177221861692	104.41356048559382	45.49986721024784	156.8591308003788	102.10667845120727	184.3297709945413	18.37111437364037
K07590	RP-L7A, rplGB; large subunit ribosomal protein L7A	9269.745748425325	10976.123514848345	6580.725382322773	15946.414175818149	60744.77175989245	26662.55651948512	10053.894156366612	13055.915446674711	7043.157697551876	4539.691459467052	4482.601294186058	2161.671146910661	2515.355322697825	33017.10510717926	326.9439259908791
K07591	tdcR; threonine dehydratase operon activator protein	0.0930211861123008	0.5015589029872385	0.2062520512378325	0.6997837452712177	1.4764398209946312	1.4906054838543723	0.7928049313835186	0.6613475800451198	0.6815572590583506	0.6997837452712177	0.3033340607032592	0.2446882164639305	0.6957229219180919	0.659364387244756	0.14562301419814
K07592	tdcA; LysR family transcriptional regulator, tdc operon transcriptional activator	9.850000924553648	53.11000410223736	21.84000098796868	74.10001929845286	156.34000967719945	157.84001173271727	83.95001242040877	70.03000268126563	75.11000251588531	74.10000357846475	32.12000172779201	25.910001788175467	73.67000280129984	69.82001272567409	15.42000000256851
K07597	DSG2; desmoglein 2	0.0004411960729587	0.0019568344181508	0.0004705567147718	0.0092196736088374	0.0046137103536454	0.0055962257361082	0.0059308585857702	0.0012761955275269	0.0011969654979009	0.0017047750974906	0.0008234087137038	0.0008527693555169	0.0013332877166182	0.0060779150038916	0.0
K07604	KRT1; type I keratin, acidic	0.0	1.27809336761151e-11	4.477838330570257e-08	0.0	1.1837313946428629e-07	0.0	1.4699783301302368e-05	0.0	0.0	8.367890406136534e-06	0.0	0.0	0.0	1.1721061224768063e-05	8.752256072643159e-06
K07605	KRT2; type II keratin, basic	0.4158141611162146	0.6492850183141019	0.3492613735908326	1.412792704433934	1.867782664081301	1.1269185161276356	2.1009040232447886	0.6123203733503152	0.1844585226979915	0.2618659441981754	0.1271531017724698	0.1328722925472338	0.206183932881913	0.9368819270157334	0.0004907505984458
K07609	NES; nestin	0.0009235401479912	0.0025998030883131	0.000178194582515	0.0033948756788445	0.0016394496615428	0.0048815939150513	0.0411566297660813	0.0036473519948127	0.0025027666405997	0.001881031964078	0.0022406372062343	0.0046717929813788	0.0042110893995584	0.0131926161024576	0.0005782796590047
K07636	phoR; two-component system, OmpR family, phosphate regulon sensor histidine kinase PhoR [EC:2.7.13.3]	70941.75814021696	56861.37194701399	148833.2185635944	44658.585449701946	91420.43090062097	54611.78373598637	21602.082633067235	92468.3309620382	39911.11046291368	14814.083823482568	5813.311100461434	8600.975656599976	6641.349666581647	39906.33824492385	1961.4582022281013
K07637	phoQ; two-component system, OmpR family, sensor histidine kinase PhoQ [EC:2.7.13.3]	9.997021720022182	53.51566355752417	27.052047039157483	85.00343958787809	184.4261422999361	242.46270328798985	192.31832281617056	76.06154445538549	82.05464754238099	96.31249275758483	32.47438399218372	129.67196750463972	77.6121608730347	107.7318168149544	15.49535091145219
K07638	envZ; two-component system, OmpR family, osmolarity sensor histidine kinase EnvZ [EC:2.7.13.3]	265.72494575099165	270.2297626159407	1088.1196469447043	290.01425882144054	705.7133804671868	431.84173159105416	1265.2218441382688	976.459134030416	643.9458096133949	301.99190495735246	102.45244736358008	1995.2356149904529	208.9901457539372	1211.632240083169	66.50209388132329
K07639	rstB; two-component system, OmpR family, sensor histidine kinase RstB [EC:2.7.13.3]	10.089881403968556	54.01635155707528	28.21657254345447	87.61927316306927	191.04781481343545	259.4439814131243	282.26883409192783	85.73024603774527	83.9467018689325	102.81932321045856	32.77719125746591	148.94294532696173	78.91251584656327	252.1770838267505	15.640720927607545
K07640	cpxA; two-component system, OmpR family, sensor histidine kinase CpxA [EC:2.7.13.3]	39.44333186935952	86.09453654061822	22.7502964461318	101.4219496254631	174.6932333600189	200.06990285130448	394.1671279495639	121.76069523250864	90.5045214521387	83.84446292805083	43.77743171720316	98.711920555008	98.4180500394896	173.37661737817177	17.985263745225847
K07641	creC; two-component system, OmpR family, sensor histidine kinase CreC [EC:2.7.13.3]	165.04998818038803	103.01184027317386	74.45541357684831	170.0274179215982	254.1538573418375	266.4832938518096	531.2660150213682	258.5145816543585	246.5311753813605	173.04795123400282	48.773522654543896	853.0560961766616	285.0801886083341	384.2881589988732	16.336954988298192
K07642	baeS, smeS; two-component system, OmpR family, sensor histidine kinase BaeS [EC:2.7.13.3]	319.07700109235293	753.9185634042096	1020.8208416545996	4114.171720254451	1699.088088829622	1440.5276060251745	1463.5507163374232	1494.50655253709	359.71915517047995	415.5792658053534	188.1324720192517	392.628666685963	618.7165674783262	355.49193341756285	94.58994927316348
K07643	basS; two-component system, OmpR family, sensor histidine kinase BasS [EC:2.7.13.3]	10.089880055081188	54.01634438747176	22.067938007450746	75.32199823030167	158.0299973357863	160.07069918704698	99.53973979365315	71.26173422230751	76.17501160747828	75.0810514000084	32.777187009655314	26.90622734843453	75.02666580133894	72.60002686102747	15.640718985219689
K07644	cusS, copS, silS; two-component system, OmpR family, heavy metal sensor histidine kinase CusS [EC:2.7.13.3]	18.221488200756447	95.496635076874	63.13491167484909	196.18868123799115	720.4074316587706	673.5340751342868	1397.4848819167005	217.21693540710672	455.3450260611006	344.0423534665804	93.20919636049008	2201.655699227465	187.05078855857784	1148.0528900347065	45.7339903626841
K07645	qseC; two-component system, OmpR family, sensor histidine kinase QseC [EC:2.7.13.3]	13.598113062623677	61.45519918718175	26.50497626776219	81.97007078173269	396.7415079349264	227.69878736315016	1400.031654350089	297.88164562913573	699.0232266673938	347.9243623444204	92.86681331678103	2721.3680729322573	254.78240320926852	1547.331570400348	117.6060081495441
K07646	kdpD; two-component system, OmpR family, sensor histidine kinase KdpD [EC:2.7.13.3]	36918.38625168742	28246.38795588178	43187.3841245831	26514.421715262368	25171.98883264987	24173.682020977547	16016.235287611878	48860.78357242671	20031.87779485425	9000.871678536023	1489.691030218032	6871.992988314464	5977.733102010315	5156.854209570363	1149.8375501694052
K07647	torS; two-component system, OmpR family, sensor histidine kinase TorS [EC:2.7.13.3]	9.852983803959818	53.126088307442224	21.84661586583578	74.1224466876571	156.38735917878964	157.88781356517947	96.22216709768723	70.0512137859194	72.19186204383554	74.1224466876571	32.129729927227345	26.11383251695878	73.69231643022536	70.30852216342646	15.42467109208735
K07648	arcB; two-component system, OmpR family, aerobic respiration control sensor histidine kinase ArcB [EC:2.7.13.3]	20.413123654357346	68.03175243124572	41.57867840136346	74.64588694649588	156.60350289435314	158.6305182823789	133.38375406793796	76.62275887541252	75.51651023970145	74.40494011620261	32.48411421025124	28.16981650682309	77.18447797032718	71.96296761898537	15.50004338317648
K07649	tctE; two-component system, OmpR family, sensor histidine kinase TctE [EC:2.7.13.3]	142.89954456859004	124.46816062180312	138.56669655758157	244.90545529874365	1232.04601741623	559.8634997417178	3133.398022872008	629.6333939263302	1292.2168956594803	620.063741260997	202.8054550499363	5493.725329308648	401.6024376312512	2734.626641958436	126.30831129353491
K07650	cssS; two-component system, OmpR family, sensor histidine kinase CssS [EC:2.7.13.3]	1275.4625663184354	888.7310541953191	499.1792151449944	1170.6073787963564	1642.60559390579	1073.1135703680757	901.313696108224	2113.5322976507705	730.9492617223468	665.56450426895	199.3412154082568	290.430016496077	311.41390368783897	600.6095021508293	64.02112063541627
K07651	resE; two-component system, OmpR family, sensor histidine kinase ResE [EC:2.7.13.3]	286.5264558926758	377.28667353873374	764.4081831234364	529.2748048231402	254.9090491699461	279.01200193522016	180.0050581594329	376.5740756554194	302.77434394819136	172.0601381101612	74.10687066043884	32.55567726816767	189.87555529368245	109.71891583095888	0.0001090538752309
K07652	vicK; two-component system, OmpR family, sensor histidine kinase VicK [EC:2.7.13.3]	9468.083197993945	12153.013085073337	20288.9312488511	6869.268432244693	5544.6522955956525	5485.814915140505	5551.1637746525	20592.99987645403	3672.672185571967	3543.784771552928	618.8249198276471	1482.8544455497754	2031.946091135067	1665.5989488580371	168.98083636725408
K07653	mprB; two-component system, OmpR family, sensor histidine kinase MprB [EC:2.7.13.3]	0.0371179374995609	2.612491986499621	522.012047360216	1252.7356534787	943.141688575184	380.95081189030816	66.84252276709668	0.1073666533572919	0.1007010108731565	106.65342316126048	49.63927358388956	93.85174370213076	38.29216983370336	5.871336530556936	0.0
K07654	mtrB; two-component system, OmpR family, sensor histidine kinase MtrB [EC:2.7.13.3]	642.2000945723765	321.8192120989032	1200.1783811622115	2699.6505892414125	1928.021373992741	839.5590319396174	209.0455307096464	945.3753855929638	294.93712519022915	299.63638652072905	130.20189743924345	386.094928022631	201.2038182713225	25.471995062275585	30.22758548809508
K07655	prrB; two-component system, OmpR family, sensor histidine kinase PrrB [EC:2.7.13.3]	0.0	0.8022084193483118	1.08364082694765	0.0	2.86464041950199	0.0	4.584108356267504	0.0	0.0	0.0	0.0	0.0	0.0	0.0	0.0
K07656	trcS; two-component system, OmpR family, sensor histidine kinase TrcS [EC:2.7.13.3]	0.0	5.978008333085047e-07	0.0	0.0	0.0	0.0	0.0	0.0	0.0	0.0	0.0	0.0	0.0	0.0	0.0
K07657	phoB; two-component system, OmpR family, phosphate regulon response regulator PhoB	14093.77934550672	10635.983462055208	28276.124102226346	13396.047631424546	2301.0280189976384	2682.956423232541	3023.676266119864	21172.87708798137	12256.35307879317	4150.998334158343	236.653239542844	1860.8101738368264	884.6359123970041	1932.875427779093	817.8820406128654
K07658	phoB1, phoP; two-component system, OmpR family, alkaline phosphatase synthesis response regulator PhoP	51847.6899308321	44613.58547517311	45007.773712711205	29163.818867439044	87726.46419069791	51209.987659976505	20007.601116249	58101.5190936626	17360.226738542908	12707.62456231244	5611.5539800182	4974.781530893126	6511.754228223435	37654.67452274752	1143.7328864460949
K07659	ompR; two-component system, OmpR family, phosphate regulon response regulator OmpR	345.5755775342644	283.91190084564033	1055.6808375775588	290.8087153975355	678.8550493346636	436.6954649355944	1136.5904966525748	1032.1903816385388	591.0533020462573	280.3160252683298	99.1089480322344	1706.946940702526	196.53848549430583	1114.8362504341503	66.50369476564669
K07660	phoP; two-component system, OmpR family, response regulator PhoP	15.034280156834187	66.87004108260759	28.173222729106143	101.92049543880414	193.19445790367337	267.1188265231019	406.02469520622606	101.8140920295098	94.8867279942658	105.78996572467906	44.99461902757788	157.23566549395474	99.6409570675602	174.19725218552088	17.985297767689673
K07661	rstA; two-component system, OmpR family, response regulator RstA	10.000004580127223	53.531885322094126	28.017292481817368	86.94314251425324	215.12128315127325	258.00376270066994	410.502827533358	110.59125421214031	159.28818354785895	131.64319440334444	39.984110841582094	456.2065325967788	100.24031068258056	389.5400172357963	15.613120359600089
K07662	cpxR; two-component system, OmpR family, response regulator CpxR	30.87485544598757	62.24513789410571	28.22851094542059	86.3658679408436	171.24521595636696	189.625979206824	201.46887125982116	107.33546658709666	78.99716814204986	79.9033607698854	32.48411391940882	91.2032849992764	81.59084971742338	140.7217763291438	66.50002200353846
K07663	creB; two-component system, OmpR family, catabolic regulation response regulator CreB	9.99974613803366	53.530600195615335	27.058384794292994	85.02048289362651	242.61078212238047	249.6472224989492	450.3886796537318	127.11945033542732	238.9358000050349	163.78184803012792	47.483628051480586	821.5393761557978	121.63368777540175	383.78865211379633	15.500460445906937
K07664	baeR, smeR; two-component system, OmpR family, response regulator BaeR	696.3269796870738	440.7512336168799	277.4510709545618	321.2010455480298	230.0776046695289	260.29032747404005	234.4624592438315	1043.1525052592094	384.36644018479535	180.33429771067264	46.12776257049682	64.62003287735683	153.0606535584094	231.2956013665709	79.98498033812771
K07665	cusR, copR, silR; two-component system, OmpR family, copper resistance phosphate regulon response regulator CusR	252.0840660056216	1064.3703966335038	496.9870502930523	1186.5549793220737	1056.2761636161804	1162.295766334141	3313.4531399145585	849.2201727035534	1227.5370305666406	924.0985970917936	220.4835971044352	1837.7214739421129	295.8032425090045	1290.462508009728	90.00591325024449
K07666	qseB; two-component system, OmpR family, response regulator QseB	530.1558824395895	364.2777269375528	1119.0343355499924	408.25742772659135	478.936112063526	319.81307245318743	1387.4944077986493	1162.985495077731	583.880582115402	264.5857591784928	91.69063830469244	1536.882658353447	518.8230325630423	939.5761813241664	121.66037167827348
K07667	kdpE; two-component system, OmpR family, KDP operon response regulator KdpE	31645.33305475108	22997.77389626155	16356.17346291396	21274.35047516037	31581.709024670803	29029.51433795068	14299.364927376468	45343.77328687691	13420.850713526688	7126.02345561266	1422.1726750299963	5765.202128662533	5329.056927294871	4401.892862303069	957.608022671028
K07668	vicR; two-component system, OmpR family, response regulator VicR	11498.6305624308	19121.345232698503	38580.82721730646	10922.08529192561	6733.941742517644	6770.104774846648	7005.3192268807015	26713.981917879315	5247.776275433496	5294.5385197657615	786.8364460296755	1654.3552476726131	3268.99569356781	2459.80941180265	286.34963861043207
K07669	mprA; two-component system, OmpR family, response regulator MprA	186.3630298537984	485.59524520134215	1120.6871335405656	1469.623517008595	1042.0713171781972	493.6904172222195	503.3760755407915	644.4746544367836	49.76514580390737	135.2218228286061	83.40540609330277	249.07452895357585	97.8644429151022	203.54374721305896	5.703430599763002
K07670	mtrA; two-component system, OmpR family, response regulator MtrA	2.3839259714754464	11.11103458066854	521.4941917361006	1294.1520445923363	958.1761759166386	412.23955371491854	87.52794568930167	6.798615127733576	1.4648281864069448	112.44590980812464	66.30448257074914	106.80112098870416	45.42835365363045	41.09272155454281	1.0203789467515358
K07671	prrA; two-component system, OmpR family, response regulator PrrA	0.0	0.6752057766721051	1.083640938428175	0.0	2.8646407142044503	0.0	4.584108827861775	0.0002798605734311	0.0	1.4	0.0	5.6717224992697494e-11	0.0	1.3525632857877254e-10	0.3285054955308769
K07672	trcR; two-component system, OmpR family, response regulator TrcR	0.0090647510830994	0.025461460446256	0.001718404693327	0.0327179589897512	0.01578730462265	0.047654652060816	0.4050520558221072	0.0358365999689957	0.0245651026423594	0.0183987118215359	0.0220119691474822	0.045964220718822	0.0413866638953612	0.1295062804968786	0.00484402064314
K07673	narX; two-component system, NarL family, nitrate/nitrite sensor histidine kinase NarX [EC:2.7.13.3]	207.5893444161169	249.38381387021903	1016.085939431346	236.70977757039924	196.4010706201958	209.07196734918503	215.93973624959176	751.1212620670402	216.48576280925727	94.34332148451688	37.42233371487429	121.74412025114904	82.35058887896422	157.84070646165887	45.58863802315908
K07674	narQ; two-component system, NarL family, nitrate/nitrite sensor histidine kinase NarQ [EC:2.7.13.3]	24.821360670803465	77.78598426290353	52.2674968770081	80.81737863154886	160.15832669651408	162.58872653613116	137.34195941514167	80.06756117089807	77.11454168863015	75.76730218252293	33.011051073306064	28.715542652863355	78.03770951106179	75.92481505222545	15.50002200353846
K07675	uhpB; two-component system, NarL family, sensor histidine kinase UhpB [EC:2.7.13.3]	12.6044965058671	63.71590358642022	544.8682332629578	1376.9476352430008	1140.4659206750184	570.5460898337667	232.2324582633013	76.63655660025405	81.80529311783981	200.42896720046335	86.99929711728738	132.61403326015937	120.63713281323288	126.92910863732692	67.56624315083296
K07676	rcsD; two-component system, NarL family, sensor histidine kinase RcsD [EC:2.7.13.3]	10.000005524967	53.5317518702774	21.86866290717726	74.6458862829452	156.6035014943597	158.63051686895326	98.7737533161825	70.62275824830787	75.51650959343353	74.40493945265193	32.48411392262307	26.669816274804223	74.35447731062705	71.96296699376123	15.50002200508154
K07677	rcsC; two-component system, NarL family, capsular synthesis sensor histidine kinase RcsC [EC:2.7.13.3]	28.659697872044667	123.2859862542401	62.229902824602	212.8725077092956	728.7008715834517	551.3003436992733	829.2666461860745	118.58479408944964	151.44835781253	152.15732455803018	97.44595421313495	481.2663388951164	121.4108484801346	405.30390045788704	17.995251823669268
K07678	barA, gacS, varS; two-component system, NarL family, sensor histidine kinase BarA [EC:2.7.13.3]	114.6440053462746	75.14810579831834	27.55266464119945	91.31053395852771	185.8336872262108	243.0907732155316	238.40012743788145	219.1338621111377	101.36706975924947	101.31519516915792	34.79537559028441	131.73608239065908	79.17409171558319	241.7729654019844	16.07450506098577
K07679	evgS, bvgS; two-component system, NarL family, sensor histidine kinase EvgS [EC:2.7.13.3]	17.73555376813562	58.62213588357318	41.297993342395046	123.36103493199724	321.3943827823763	487.4983470553455	668.9448331382741	142.02588324474033	249.9713296379144	212.7844797489864	47.50961544575748	1070.5129485994853	130.78888680625738	515.5710087262019	15.58032531439302
K07680	comP; two-component system, NarL family, sensor histidine kinase ComP [EC:2.7.13.3]	4.051032243984786	10.535564609325515	8.698546823781607	162.8444046949708	11.02782216623513	33.2153858060007	33.35935236462869	7.992857196423522	14.521184818730324	21.611211295927166	1.240147903070404	5.8277809338555215	5.85129099958042	19.50297857520423	3.020493916023609e-08
K07681	vraS; two-component system, NarL family, vancomycin resistance sensor histidine kinase VraS [EC:2.7.13.3]	6.521874920328948e-05	0.0002892643452011	6.955891551984826e-05	0.0013628760945184	0.0006820106453647	0.0008272486205975	53.9308767149174	0.0001886505369051	0.0001769385481812	0.0002520042818731	16.980121718414292	0.000126058580605	20.00019709005256	0.0008984531790126	0.0
K07682	devS; two-component system, NarL family, sensor histidine kinase DevS [EC:2.7.13.3]	0.0	1.138985183074064e-15	0.0	0.0	0.0	0.0	0.0	0.0	0.0	0.0	0.0	0.0	0.0	0.0	0.0
K07683	nreB; two-component system, NarL family, sensor histidine kinase NreB [EC:2.7.13.3]	34.550379142238434	12.048105761309552	60.61362210229613	4.311545407561493	30.572729472610632	11.197042944648356	127.77683567435146	741.6050495532793	72.01263116565877	72.83978144198981	20.543812544711137	49.8026655265066	30.622459914791524	49.53503115521477	6.642641799024189
K07684	narL; two-component system, NarL family, nitrate/nitrite response regulator NarL	288.63034468984523	385.43904024341407	1031.2690006644302	338.7897383862303	1096.9409882466152	1107.2801551533062	511.19189661338186	819.5581626489466	484.9264262125845	262.8177325652069	117.64178686682382	162.6194544009193	132.32913039124745	348.0504921753617	49.94988447954298
K07685	narP; two-component system, NarL family, nitrate/nitrite response regulator NarP	25.05159927842806	72.34494538734089	44.37518693573311	76.08116567172848	157.88930097956447	159.53380554739223	134.09945503258078	81.74080131526945	77.07751803948825	76.87748068592222	32.487428140626974	28.348476293714995	78.97884716241258	73.05937707882772	15.502691743395223
K07686	uhpA; two-component system, NarL family, uhpT operon response regulator UhpA	10.14966556903206	53.95213476578476	21.897153823951463	75.18226944295733	156.86431476477182	159.4172219077009	123.55848936577884	71.21523721974307	78.86286971090891	74.70916871446006	32.84782119636498	27.429083897631592	75.03867164143422	74.10003273854076	15.693567721285694
K07687	rcsB; two-component system, NarL family, captular synthesis response regulator RcsB	18.17865813459811	85.80955775269236	68.73879449351807	201.9142888386482	617.9663397783221	508.7199697828851	693.2841714387889	108.06622202282114	143.7493908133924	174.41336821582206	63.56169223060235	480.8772687463123	95.53485175550033	337.20933263445085	15.584267349535113
K07688	fimZ; two-component system, NarL family, response regulator, fimbrial Z protein, FimZ	9.99974733232639	53.53060663512555	21.868387545035134	74.64049187810278	156.60080134974547	158.62724163673238	98.77028333387491	70.62201107516692	72.57580875550256	74.40394151385418	32.48363194596612	26.66931717051797	74.3536967077414	71.95941065638908	15.500030762840728
K07689	uvrY, gacA, varA; two-component system, NarL family, invasion response regulator UvrY	41.25480966284242	53.64457719794821	22.711446123274577	74.88816228732249	168.93851068127634	162.92313825651186	172.59569142921225	74.32699768491844	90.06512945066883	86.98115344318668	32.79905616765963	78.7045711325278	74.57344165599051	123.23551553843896	22.148530564096603
K07690	evgA, bvgA; two-component system, NarL family, response regulator EvgA	9.85852847871208	53.11338600046159	41.01353602148977	112.1865564141542	258.579955503011	465.5434905593802	409.2215841924991	90.06099347393811	96.23617818513938	146.90986361738493	32.12048172153558	403.7898185552173	85.70292964083728	201.11356033106588	15.422701868283118
K07691	comA; two-component system, NarL family, competent response regulator ComA	1.2595344177276273	7.912275595987703	16.21989907130608	417.87014418810736	3.5885636544206334	35.11341810578196	34.5018626653091	7.821705271737686	37.63486829661698	56.30229014389435	0.4649986339213879	13.684447381428344	7.169488766345083	13.781286182584068	0.0
K07692	degU; two-component system, NarL family, response regulator DegU	43.75547620886378	29.240897758977532	181.48889484323	115.57705521895284	78.20238483806764	81.92723644359044	321.6272060667864	113.8803878985108	35.064541018309406	32.987040175842004	23.77537495724408	25.843462730084283	26.35694719042195	109.9159099623642	2.483375521778714
K07693	desR; two-component system, NarL family, response regulator DesR	455.6831194428661	4274.417641753466	13205.805599916554	61.88108736039816	47.17750828883217	35.979547823885085	1524.547508031245	6527.938949953559	104.43430654886694	160.84518526907263	48.73185601957081	151.22278484255443	23.271435008108437	117.53772835750289	53.599209410146685
K07694	vraR; two-component system, NarL family, vancomycin resistance associated response regulator VraR	1632.047592216133	5563.999337823813	1307.685897918636	1184.3890073613695	794.7356191143161	862.4937078713776	1045.965912332014	2106.281579111018	720.1351426650542	327.74325238274344	50.4917275877494	317.5036182070463	277.9539190231424	342.2646586692463	52.25429384677291
K07695	devR; two-component system, NarL family, response regulator DevR	0.0	0.4442371279813438	1031.5800000344668	2503.92	1852.8200000911136	760.9599999999999	88.98654367534375	0.0	0.0	217.9832554136672	99.14	187.56	76.36	17.67212505831734	0.0
K07696	nreC; two-component system, NarL family, response regulator NreC	178.3831767627217	270.9477143032405	368.19675792162286	326.4641860489724	176.22163433282662	187.31765835336225	369.6810114358912	1838.3989304920192	230.7393653824112	272.5967579750042	40.93284799657748	67.98109882761585	70.60300644454315	164.36269281384517	25.141730826502894
K07697	kinB; two-component system, sporulation sensor kinase B [EC:2.7.13.3]	0.4923452901118682	2.1836962483466063	0.5251098013967935	10.288538715311104	5.148591979353014	6.245013390753935	40.89062973583935	1.4241487985737566	1.3357333880280473	1.9024149157100572	0.9188690173745564	0.9516335286594816	1.4878598606708031	6.782546376258862	0.0
K07698	kinC; two-component system, sporulation sensor kinase C [EC:2.7.13.3]	0.0012765775737059	0.0056619972088931	0.0013615310426632	0.0266766394519327	0.0133495276364095	0.0161923840894639	0.0171606265954293	0.0036926044676213	0.0034633565545418	0.0049326768551544	0.0023824896963817	0.0024674431653389	0.0038577977063984	0.0175861265872684	0.0
K07699	spo0A; two-component system, response regulator, stage 0 sporulation protein A	50757.58617179476	52596.30283407717	51599.13819047416	33967.88035668033	88938.8913993722	53261.99508280228	24158.294829333023	60858.16938807596	21926.785127555435	13761.75761806002	5911.016505596731	6571.786720287364	9272.785773590356	39770.59077487735	1501.6580767100768
K07700	dpiB, citA; two-component system, CitB family, cit operon sensor histidine kinase CitA [EC:2.7.13.3]	163.69322750450425	223.416048817445	633.4628841386672	101.06684015547704	221.4373308819299	173.50673321272862	373.4014577405365	169.3627219146117	247.2305305719785	142.7167427542016	49.32259901183252	643.5738570246285	121.33140668462238	363.0004178722507	15.50002200508154
K07701	dcuS; two-component system, CitB family, sensor histidine kinase DcuS [EC:2.7.13.3]	35.971290490845185	54.06546409625184	21.989810524777184	77.18197043840192	183.31706932245197	160.11975694852356	229.39087240702133	97.00712871118156	155.56197106692588	104.41242683117508	40.1961053811058	335.52940714521804	97.0365275034662	211.5277622874572	15.50002200353846
K07702	dpiA, citB; two-component system, CitB family, response regulator CitB	10.149756441351151	53.952374474678194	21.89705425985418	75.18645203712012	182.3643404651015	159.41780422137984	242.5940840198055	96.7147800122668	151.9223284243675	104.2088950942942	40.34775266391173	334.92914042599915	97.03818518926327	212.1024265140793	15.580147040435468
K07703	dcuR; two-component system, CitB family, response regulator DcuR	410.4510270501888	1838.3732244230591	838.5935493853675	1845.0888266412744	682.597777315849	803.0366703561574	3182.3094754179883	951.8677588292436	1904.2934176266983	1311.4150543203843	227.6649610937097	383.9869064535977	229.78513659352345	315.16988054906767	66.56185747654177
K07704	lytS; two-component system, LytTR family, sensor histidine kinase LytS [EC:2.7.13.3]	1616.200085071965	673.3490150454227	869.9650898888739	429.6987064886009	953.2263960553308	777.0176173551262	784.9463374432673	2761.230667027248	811.5459295203475	448.7346668777732	101.8518219190446	619.9290774334999	190.65636556271036	363.53169255758223	62.11333409389918
K07705	lytT, lytR; two-component system, LytTR family, response regulator LytT	3337.3802759373007	3042.911585649319	6587.460148770735	1635.2371651512606	1431.1381181801685	1286.5652176426472	1378.2663197535612	4483.102251701719	2469.067070740572	2615.2516294982925	156.36724166653386	583.7636064143982	849.3643143363514	647.9555955133635	97.41846203993371
K07706	agrC, blpH, fsrC; two-component system, LytTR family, sensor histidine kinase AgrC [EC:2.7.13.3]	13921.905027943028	10113.385656267244	21690.854531279205	14714.599616169678	121232.04678470192	52094.66924016154	5013.976191597245	15816.14493542683	3451.649148225898	4184.069795114499	8185.594770907893	1028.7431283389883	1427.5247955015843	64757.60303050636	274.0214626226109
K07707	agrA, blpR, fsrA; two-component system, LytTR family, response regulator AgrA	16742.9937409045	17361.150980089493	47256.49559010992	2220.797562743811	7010.096456985659	7683.176286012496	6691.273304504884	30401.868278483373	3246.21599518745	3277.992366186926	456.1124570898403	948.7172099717424	1005.6126188012418	881.5878134937961	172.8899857611282
K07708	glnL, ntrB; two-component system, NtrC family, nitrogen regulation sensor histidine kinase GlnL [EC:2.7.13.3]	317.4334882409469	260.59294412822936	1075.3280668381904	263.37642347174875	449.28794968216187	360.6901846338672	763.3035419856175	900.0952484505533	407.2692923515462	204.049965938202	73.21266211284741	1152.1626559068732	192.29172522711656	665.5053347979504	69.07331037228421
K07709	zraS, hydH; two-component system, NtrC family, sensor histidine kinase HydH [EC:2.7.13.3]	326.96880558241867	893.8201092950119	441.01963172513103	867.9770279854515	464.34834771175326	490.87191742340974	1413.1569891143986	752.2068391859349	874.6386543646738	608.6383912533227	159.34121573147075	437.3015348851718	284.81405453847725	188.01344410909093	36.59948237531405
K07710	atoS; two-component system, NtrC family, sensor histidine kinase AtoS [EC:2.7.13.3]	579.7455123265677	451.40405230573447	861.7715270036035	362.66291974755234	534.0697236023228	672.6097917534408	225.6201158742672	405.4975033336028	260.28277260490125	239.64044810833127	75.32033044650062	219.3931929987036	327.91865999848403	159.16564234624877	29.442582444069973
K07711	glrK, qseE; two-component system, NtrC family, sensor histidine kinase GlrK [EC:2.7.13.3]	10.000005523981311	53.53175186496268	21.868662904991734	74.64588627553002	207.6035014787148	158.6305168531582	360.76679676663525	121.62275824129998	227.51650958621147	135.70766347099016	47.48411391940882	641.6698162722114	118.3544773032549	351.1884357703768	16.61802243313442
K07712	glnG, ntrC; two-component system, NtrC family, nitrogen regulation response regulator GlnG	1671.629297975365	475.6022011249385	1250.9687966022773	344.3294118550961	769.3943682863076	665.2758033201505	1065.5730776746066	1359.1997553493711	598.724394554304	359.57845716307884	91.06471219665042	992.4870923058596	196.67281557696745	752.2585490748326	118.7302568505397
K07713	zraR, hydG; two-component system, NtrC family, response regulator HydG	22644.78174326741	15424.968448832353	78699.65306441498	15652.009946471948	3113.32625161611	2778.918504502386	937.4167932273964	33620.16637588955	18279.252220807022	4958.7593045141175	135.3442200646032	1711.5174619371774	309.24703217091906	605.5889705125728	894.6549580311355
K07714	atoC; two-component system, NtrC family, response regulator AtoC	3766.8191461744536	2081.443304916719	3557.358680321633	1409.7624360232294	631.4229861098646	775.0306296684928	957.7760983751458	3958.134122920882	1118.9554131078005	505.3733502920185	116.29407145667346	249.29670186777145	336.36924668014973	365.6668724050674	115.12534311410128
K07715	glrR, qseF; two-component system, NtrC family, response regulator GlrR	28.2790945340165	54.225719865836986	22.035540234835917	77.91553362212795	209.23969886007416	160.61515160329628	362.8701050680727	136.44357468595828	230.32579912656183	136.31224163834668	47.77612600466819	641.9722407592037	118.82731189912538	353.34389587780765	16.61802333145295
K07716	pleC; two-component system, cell cycle sensor histidine kinase PleC [EC:2.7.13.3]	7.34	1.98645810694803e-27	38.65	12.0	40.9	8.4	2.9442626625948353e-23	16.0	0.0	0.0	3.6	44.28859364294093	16.0	105.39740875682271	0.0008641566719262
K07717	ycbA, glnK; two-component system, sensor histidine kinase YcbA [EC:2.7.13.3]	3498.2088302196653	1998.0000736888087	1395.990489595657	1049.475517173638	733.4456111535153	718.2080935135868	304.28880198484603	3218.1647707812936	730.5032994205254	299.18443761348624	58.61529952248552	222.97948036117663	308.7722928247748	163.25868957714127	76.83014207218447
K07718	yesM; two-component system, sensor histidine kinase YesM [EC:2.7.13.3]	95385.38237749298	72031.2283483175	41579.73221185853	68351.99393174352	240445.12656390227	117704.1952959873	55841.0320658412	76345.86847187864	43729.50869165738	31398.77358234529	18029.07827399498	14921.210563926705	14580.871390735305	123149.49790819635	2555.2830129343447
K07719	ycbB, glnL; two-component system, response regulator YcbB	3765.31656980367	2566.022751532695	2005.3519137544893	994.769373397436	814.2295051840465	753.9790529252411	686.6539961435242	4400.2442277578	884.1758981599128	458.610725506149	67.9999173021983	345.67750318825983	302.8767084173911	317.2287007675036	99.18758527563335
K07720	yesN; two-component system, response regulator YesN	87612.09480112701	79571.00428206148	49639.21691783413	76159.15543040857	295476.82754048	137934.69461016936	61427.734672192615	79239.70334318484	46081.66529378435	34656.19293470937	22284.306955583303	16007.447458351562	15521.492314758216	156657.6953006998	2810.4480218921785
K07721	K07721; ArsR family transcriptional regulator	1218.457866142902	165.5128018024131	59.01322617548806	54.81998476373258	32.022990114126095	61.89207421840315	101.42434037881712	448.8030301110685	305.33360439997665	551.6414687394018	0.0053652161029965	2.3749945872377456	7.641084004997156	5.382974454958172	2.511837430048652
K07722	nikR; CopG family transcriptional regulator, nickel-responsive regulator	293.68162577476784	319.37685541667577	3072.86558357624	322.2826660781311	285.11800531854925	307.09846607704395	616.6977208000635	1326.415206016841	433.4560406797839	147.41789090863148	65.70725310103653	165.8458252244293	143.7491376067794	354.75879208755606	26.840132579676887
K07723	ndoAI; CopG family transcriptional regulator / antitoxin EndoAI	903.0575846725236	2952.2883136216296	2011.600496385605	4638.251091381944	14892.550272595325	8109.309133252664	3956.852628817122	2004.9325565999543	2544.6281072954457	2441.189965282644	1236.0326573170978	564.598269783069	494.61511792633183	7337.038147228132	73.47735926403844
K07724	ner, nlp, sfsB; Ner family transcriptional regulator	15.012113844445487	64.46029149133179	22.745485168447463	76.56487755498479	161.34922161358872	172.91255793831735	156.0241985628672	76.20001726367659	83.97391238713544	77.70486304069095	32.60846830925076	45.252873665576615	83.20343867502896	103.2670844212551	15.527438115396452
K07726	K07726; putative transcriptional regulator	23037.854651129688	13692.50729337805	9293.655323714342	6908.1555422183	8395.8733730536	8641.227302585896	8101.539240142782	18414.627619303028	7161.934396573672	3843.068237127256	671.6606909840616	2583.3033878494757	2553.1669817743905	1980.9076506265612	503.13319691630113
K07727	K07727; putative transcriptional regulator	84532.98450644879	51265.62871857268	73425.10436521482	35043.06367882274	50533.70222072992	47796.18721052039	23464.81860038116	93312.61545458189	28402.611939451	14635.821277929095	2164.987678986348	6799.4910412208255	7706.269933476527	7260.031553316165	1692.2458275901915
K07728	K07728; putative transcriptional regulator	0.011693470980772	0.0083988133349164	0.0071008718499816	0.0033088862246651	0.0189380477541732	0.0048444492506367	0.9982750542231312	0.0011915294948759	0.0063105430231472	0.0004723980336797	0.0371068008619389	0.1211426063108155	0.0235624519806027	1.91484187759492e-05	0.0
K07729	K07729; putative transcriptional regulator	78763.85246822906	70211.4829736625	79868.14837775055	43319.5911086648	101188.6873686286	72023.98129352472	28115.483439559397	91664.11118799663	28132.63582023357	15318.600799342128	5988.9082766327465	9507.254926934464	10161.878507956792	35296.72850197266	1735.487152524816
K07732	rfk; riboflavin kinase, archaea type [EC:2.7.1.161]	0.0	0.0	0.0	0.0	0.0	0.0	0.0	2.486678992527116	0.0	0.0	0.0	0.0	0.0	0.0	0.0
K07733	alpA; prophage regulatory protein	75.10621698267103	67.43484160639167	74.35288062425263	96.6763653515545	330.60578769310115	414.4133473802656	470.731775641262	64.6878670947837	65.36125607354063	111.30741866960588	33.404648350609826	449.2586564493568	66.37550051076319	328.49275264569235	7.566932542020284
K07734	paiB; transcriptional regulator	4.972054853493673	22.983236281180588	24.83683434515799	81.51804193494488	359.66042768115403	210.3460860116807	914.8422206191866	145.61277180670626	339.3095303314703	193.7731382746952	64.24085250846657	1518.4248810168278	107.46486051378508	755.8764315028882	52.17074997449776
K07735	algH; putative transcriptional regulator	11080.60312356479	8640.525872355942	34333.40867821139	13015.625886272695	2601.203501495511	2059.650516847125	1217.326743649411	15675.183278292256	10981.636509583452	3242.214939442404	129.90411391818108	1876.1398162712208	350.164477300439	1387.9416772324148	581.6788317922519
K07736	carD; CarD family transcriptional regulator	36102.78549144302	33027.8834671494	23693.271558762877	28980.216026469643	122935.51350973964	59122.28326048207	14813.394555017238	38336.16794661887	12964.888548013558	7783.593598085443	8324.672220727738	4104.6394494264	6050.856324119035	61096.461972079866	889.2819348067077
K07738	nrdR; transcriptional repressor NrdR	36131.113402590585	41763.82531924144	43973.006940343286	27272.35873526006	84999.09186256587	48754.92038141543	18353.326080711187	51013.215454747326	15825.461727273228	9309.63770960564	5440.384804628148	4704.874020089441	5462.201976493199	37193.35868871386	975.5115820230344
K07740	rsd; regulator of sigma D	10.000005523981311	53.53175186496268	27.05866290499173	85.02588627553001	184.4735014787148	242.5105168531582	192.34375330778164	76.08275824129998	82.07650958621149	93.53493944523674	32.48411391940882	129.6798162722114	77.6344773032549	107.75296698677434	15.613121837186892
K07741	antB; anti-repressor protein	2584.498473539299	4123.587838978377	2251.102269910198	6057.649420130899	48724.93600932357	20792.8414123072	1590.0451695523047	4286.35536914894	1116.9934263238638	1054.15271895882	3357.624312971218	361.395877022287	735.451898199048	26344.529945346883	159.49855267481297
K07742	ylxR; uncharacterized protein	35443.238554974465	40439.70592264307	40081.28737195964	25203.58524426036	87879.66802676868	50608.63417831324	18575.18740975197	49232.50753489001	13618.556713385384	9871.813027028416	5694.731781361516	4457.46069259368	5568.174369664159	37570.30463824997	853.4660802826108
K07743	K07743; transcriptional regulator	18.14423369044277	0.0	0.0	0.0	0.0	0.0	0.0	0.0	2.3876436551171496	0.0	0.0	0.0	0.0	0.0	0.0
K07745	K07745; transcriptional regulator	0.0004930116824681	0.0003541047050778	5.825091226500172e-06	0.000139506872459	0.0002481093800268	0.0002042481723018	1.9676912353049123e-06	5.023640644810712e-05	2.7507720718574416e-05	1.991690489180219e-05	0.0015644701521081	1.1967251543499498e-05	0.0009934230916668	8.073218099962306e-07	0.0
K07746	parD1_3_4; antitoxin ParD1/3/4	347.4532861600819	214.37370819099695	983.459364072171	286.6826999554052	413.2615549872572	312.013232235593	860.1678844698163	684.7765639314855	205.58724099810357	125.89285075453849	83.23103335383665	239.04112733626295	168.0235381853903	563.9195705042083	21.44880927074905
K07748	E1.1.1.170, NSDHL, ERG26; sterol-4alpha-carboxylate 3-dehydrogenase (decarboxylating) [EC:1.1.1.170]	0.0	0.0	0.0	0.0	0.0	0.0	0.0	0.0	0.0	0.0	0.0	0.0	0.0	0.0	0.0001470050822708
K07749	frc; formyl-CoA transferase [EC:2.8.3.16]	10668.919835950985	6258.453473512687	13912.890007682594	11435.800439353849	8290.493002354324	5259.407917915423	5163.466784634844	13696.187483169337	5509.405872766483	3181.135011387025	548.2604337819157	4906.063302142579	1829.4609919059455	2386.5264758731823	363.1283700167789
K07751	pepB; PepB aminopeptidase [EC:3.4.11.23]	16.67000552398131	68.03175186496267	21.868662904991734	74.64588627553002	156.60350147871478	158.6305168531582	133.38375330778163	76.62275824129998	75.51650958621148	74.40493944523675	32.48411391940882	28.16981627221141	77.18447730325491	71.96296698677435	15.613121837186892
K07752	CPD; carboxypeptidase D [EC:3.4.17.22]	0.0	0.0	0.0	0.0	0.0	0.0	0.0	0.0	0.0	0.0	0.0	0.0	0.0	0.0	0.001005313711289
K07755	AS3MT; arsenite methyltransferase [EC:2.1.1.137]	0.0082432608504803	0.0085693951769465	0.000661689493267	0.0312152704402786	0.0064877273453946	0.0172937551352915	0.0129541840706508	0.0017945661923629	0.0107088172210164	0.002397228081082	0.0011578644559062	0.0011991509312521	0.0018748483357972	0.0085466690258472	0.0
K07757	ybiV; sugar-phosphatase [EC:3.1.3.23]	147.68544717958196	273.4024817529435	218.17871500929363	175.00946291571103	207.41275816019063	224.77164566587737	194.4363632735104	294.2598105340762	94.11739541232186	106.05069142848654	38.053140333813744	29.53795035572724	92.3336930300066	83.24630941346629	24.72143492504128
K07763	MMP14; matrix metalloproteinase-14 (membrane-inserted) [EC:3.4.24.80]	1.979440022805802e-05	8.779399008053911e-05	2.111167463420329e-05	0.0004136435489135	0.000206995562458	0.000251076423333	0.0002660898311162	5.725691271845367e-05	5.37022325827461e-05	7.648526958150834e-05	3.694249026519919e-05	3.825976467134447e-05	5.9818371693347056e-05	0.0002726875634506	0.0
K07768	senX3; two-component system, OmpR family, sensor histidine kinase SenX3 [EC:2.7.13.3]	177.12946671070142	72.40518016690115	545.8128738848068	1288.641833136435	944.5519254258402	395.1945166337154	64.52956711695474	164.37378821325612	16.300103451076854	115.51649521505736	62.06270969551989	104.72230970621762	41.90270345576808	6.1801247442281095	0.7089935559945115
K07769	nblS; two-component system, OmpR family, sensor histidine kinase NblS [EC:2.7.13.3]	29.56760391924889	28.14430610460476	106.15271501701676	52.75199919152426	17.451205014309725	52.677206329816045	505.1477776221771	87.59375817454989	36.03935347534448	20.33784104832092	27.293655657531225	50.808612252688114	45.748604575615815	143.15557377347545	5.354555407496277
K07770	cssR; two-component system, OmpR family, response regulator CssR	2513.9115757196632	1073.0190367328278	637.6913145953068	1198.2271366576515	1673.0587596286273	1135.0688103430691	984.3615980601634	2537.054577618916	898.4642036323132	729.6243092907473	199.43345901828204	291.96350469166515	314.3354104534084	606.839347156763	66.53793396747498
K07771	basR; two-component system, OmpR family, response regulator BasR	10.716892609878023	56.011898499185136	24.70774019469548	78.24121273047989	262.5018175664216	161.21217660899768	631.4044235730554	174.01658281439515	381.08676791952047	196.31563020298668	62.80521239395546	1258.6624740617535	164.34896988659008	627.9932353447675	15.50002200353846
K07772	torR; two-component system, OmpR family, torCAD operon response regulator TorR	13.446881958814432	53.11	76.72452939645767	85.09730158730159	156.34	157.84	83.95	70.03	72.17	74.1	32.12	39.4423224728488	73.67	69.82	15.420352965086924
K07773	arcA; two-component system, OmpR family, aerobic respiration control protein ArcA	16.67000552398131	68.03175186496267	21.868662904991734	74.64588627553002	156.60350147871478	158.6305168531582	133.38375330778163	76.62275824129998	75.51650958621148	74.40493944523675	32.48411391940882	28.16981627221141	77.18447730325491	71.96296698677435	15.61341738533429
K07774	tctD; two-component system, OmpR family, response regulator TctD	17.496158053558514	73.31411781301597	36.292807544179176	159.74928627831278	587.0955110787506	359.8366860713247	1734.4592901372357	216.01337531784964	535.5479180174486	266.09185370732166	98.63900491729966	2349.666911154376	192.08646281156547	1307.3431369315915	26.000687621723355
K07775	resD; two-component system, OmpR family, response regulator ResD	2718.279567120603	2457.0657024619686	2815.9642600480192	2538.2044584444507	3186.995561132352	2243.145267305331	2467.800925646949	3772.6334161559967	1979.0809234924543	1738.1131113296915	485.518138998228	867.0668243926034	912.1965615784208	1339.3115980721343	95.99769470180884
K07776	regX3; two-component system, OmpR family, response regulator RegX3	2465.9960128326866	7955.91151024549	9245.254694045936	2204.308731895482	2141.566415946371	1327.4879456315716	503.0485936137285	1939.4424591829168	989.21695036347	720.0192959413039	117.56161877597992	194.1410061082527	225.2312552704403	720.3085678984773	81.58777701360363
K07777	degS; two-component system, NarL family, sensor histidine kinase DegS [EC:2.7.13.3]	10877.724697916758	4741.498820580158	4037.5122122515495	4134.744124763827	3141.998153958302	3415.845200607112	4293.041706092273	6018.564366952733	4313.933605006696	3151.8438138651595	254.8949126442602	527.6256169393848	591.7759457825789	600.6432596149282	105.00517914535968
K07778	desK; two-component system, NarL family, sensor histidine kinase DesK [EC:2.7.13.3]	469.7115106817217	4535.1435034789965	13364.385358409723	414.2614860743111	2530.4385492683105	1422.786535200236	1501.54534634718	6590.128761305433	206.63684051395725	952.6704108799008	308.42956634593367	219.7349643877076	44.874727464319946	1042.2614036177542	55.95114567589814
K07780	appY; AraC family transcriptional regulator, transcriptional regulator required for anaerobic and stationary phase induction of genes	0.3602207855140312	1.942266590725908	0.7987027366118215	2.7098842849329654	5.717453564189202	5.77230952137408	3.070105070446997	2.5610417877713303	2.6393029533550894	2.7098842849329654	1.1746488965188508	0.9475452337734568	2.6941589105399677	2.5533619537654477	0.5639192398605443
K07781	rcsA; LuxR family transcriptional regulator, capsular biosynthesis positive transcription factor	10.149752934543956	53.95235892189929	21.89705052081093	75.18637874219185	156.86430379877865	159.41775974357697	113.59403687406106	71.21476987269887	75.92231891494352	74.70888154764995	32.847746120496616	27.42913364852648	75.03817459613997	74.10237819772743	15.580044008620158
K07782	sdiA; LuxR family transcriptional regulator, quorum-sensing system regulator SdiA	12.553774217649108	53.53194472895455	46.51219953673118	96.8527771996944	216.4740880839837	342.2813527837486	295.5992392166721	90.30393683919336	89.55100170115125	115.3313164116168	34.284214507339314	264.42034543457294	95.33514157456192	214.4524999256319	15.501687512125196
K07783	uhpC; MFS transporter, OPA family, sugar phosphate sensor protein UhpC	19736.918658939878	12572.52732415911	43755.128621528966	12286.106628172758	1579.4637105047264	1450.8928897723308	706.6710473436416	28227.85356956264	12404.72214387254	3485.3993407194093	42.14469610452343	963.3161538595698	190.6178318608617	412.629970921906	648.5861238735899
K07784	uhpT; MFS transporter, OPA family, hexose phosphate transport protein UhpT	9.923417616815096	53.25229970893136	21.86651399522272	74.65361945568385	159.93537265014584	158.16550685104335	94.28686487765692	70.11392025054825	75.2128721936032	74.21046878204578	32.17183282401668	25.95805003160708	73.74512555386143	108.70908954509292	15.42000013808317
K07785	nrsD, nreB; MFS transporter, NRE family, putaive nickel resistance protein	0.9447588763781284	2.7006215841842347	0.1790979225295176	3.4099758381858862	1.64540603923915	4.966728277746666	42.21588895547571	3.735011100640763	2.5602577012599186	1.9175756893895504	2.2941615327328777	4.790545832071915	4.31345744856921	13.49758056503704	0.5059821144529559
K07786	emrY; MFS transporter, DHA2 family, multidrug resistance protein	9.850000002662949	53.110000014358285	21.840000005904443	74.10000002003292	156.34000004226652	157.84000004267205	83.95000002269589	70.03000001893261	72.17000001951116	74.10000002003292	32.12000000868364	25.91000000700477	73.67000001991669	69.82000001887583	15.420000004168797
K07787	cusA, silA; Cu(I)/Ag(I) efflux system membrane protein CusA/SilA	1094.1601386998038	406.7914178857868	7965.581988019469	355.87504198533054	339.15100591565795	351.96576187770046	468.492014710215	2201.8768101767146	1196.168501815369	317.69993029695786	48.41545540141311	300.7200428402286	137.71495073676368	228.06242340942208	80.16222086618359
K07788	mdtB; multidrug efflux pump	14.00572391851204	76.88492048200749	42.51481595617648	150.40600774172515	459.0234322913867	370.7443234734551	646.9664464659216	276.85800304987333	259.80240680952977	191.09669125380557	69.67588930489921	1002.1528741250012	128.9315304590564	540.2018900045941	66.50682245700459
K07789	mdtC; multidrug efflux pump	14.005723918234072	76.88494702504016	43.50536915669131	152.20110568723084	464.0890781503644	385.2503750917773	678.5300983687054	281.21845102462703	260.9368810402711	194.40499797016597	69.67588930399279	1019.9672324655514	129.49876757336637	603.6005073814287	66.50682248959549
K07790	pagO; putative membrane protein PagO	1.6278522176639777e-11	8.777180840622727e-11	3.6093697902316016e-11	1.2246076074000075e-10	2.5837402610110287e-10	2.60852988869119e-10	1.3873928291664055e-10	1.1573450842945011e-10	1.192711619784866e-10	1.2246076074000075e-10	5.3082856072453764e-11	4.281995021286667e-11	1.2175012474650278e-10	1.1538745364192784e-10	2.548373725520664e-11
K07791	dcuA; anaerobic C4-dicarboxylate transporter DcuA	4428.54508363401	2433.6277719389764	28962.97433198025	1642.6702641514291	468.3926697215709	319.7572092494037	592.583669183455	10528.436086451662	3767.9990908164577	448.4695023816011	71.18670253032073	1103.2673450371417	192.9340226598438	304.83524749383093	30.060537018737023
K07792	dcuB; anaerobic C4-dicarboxylate transporter DcuB	2415.476363762218	1357.7323554866807	15353.880523377537	633.6509191634138	306.6437886100914	230.4560182643934	426.89531867019866	5614.124554746831	2744.988303454621	404.86108584214463	40.91790355720754	197.15132877727603	113.06640412246529	91.6839184479831	18.33775208734418
K07793	tctA; putative tricarboxylic transport membrane protein	27133.487250686005	13702.215416307172	13295.00785520309	29011.32394103049	12644.0368310792	12840.23800404407	14616.57213943275	30713.68333290356	8248.860729179265	4410.1365137608445	1338.5649086304377	6490.0643054312	5022.443086549283	3808.964820030604	978.8700357945322
K07794	tctB; putative tricarboxylic transport membrane protein	9793.765103883165	3544.738163823159	3708.40253744883	7910.5999135411	4497.14576112432	4193.912349382751	3126.3311853412342	8945.820470413488	2632.6328302323154	1348.7493924635585	378.946235316931	1464.310940597572	1393.6678121787847	803.3887861666883	228.1577913419108
K07795	tctC; putative tricarboxylic transport membrane protein	951.2136960824704	1284.1999237121545	1510.7533732228017	5468.167248735634	2533.120478374783	2176.4925920585897	3664.4158106949913	2442.3657922828315	1288.089838017177	797.0589074059995	245.63167602177484	3312.0560507973373	953.5044319296584	1530.302864708254	129.61224919996775
K07796	cusC, silC; outer membrane protein, Cu(I)/Ag(I) efflux system	9.93987583620872	53.59459955949698	22.039277996223195	74.77612177290013	157.76651657186514	159.2802032474299	84.71599760910885	70.6689852598677	74.42596421311919	74.77612177290013	32.41307734609382	26.14641450925563	74.34219825923823	70.45706912528861	15.560699024805938
K07797	emrK; multidrug resistance protein K	9.849999999999987	53.10999999999995	21.83999999999998	74.09999999999992	156.33999999999986	157.83999999999983	83.94999999999992	70.02999999999993	72.16999999999993	74.09999999999992	32.11999999999996	25.90999999999997	73.66999999999993	69.81999999999992	15.419999999999984
K07798	cusB, silB; membrane fusion protein, Cu(I)/Ag(I) efflux system	1138.9423019403366	419.5711671098294	8665.302787175442	337.1141231471106	337.557756047359	344.10657649089643	443.65135474994014	2287.3279026640803	1367.8185523562902	349.2535268007008	48.28511644973433	244.588289930999	136.96631042740475	249.93251283830224	80.20701516593546
K07799	mdtA; membrane fusion protein, multidrug efflux system	32.964945389243425	93.21049618729307	116.37534485961557	193.97668731964887	532.573489641001	439.596275435586	847.175422940225	431.6430550319544	276.42784842922407	202.90443799867563	93.18470469370222	1057.233969874876	148.44117467819373	595.6037874033765	69.66561786232226
K07800	agrD; AgrD protein	2.5753142058833684e-09	1.1422276363044806e-08	2.746695781081787e-09	5.38163367121911e-08	3.330000026930779	3.2665838435229494e-08	3.461913037119421e-08	7.449305814269861e-09	6.986830662439648e-09	9.950975984353017e-09	4.8063350687342035e-09	4.97771664393262e-09	20.00000000778256	3.5477516258708214e-08	0.0
K07803	zraP; zinc resistance-associated protein	9.997251569675552	53.76310404450216	21.997050842286164	83.17711580860868	178.32985072225722	159.70777053198665	85.92945605096074	162.13908931930592	75.50949369275062	74.66897788633023	37.96838465840267	45.39698051390171	74.11499196872839	71.84853692390236	15.42
K07804	pagC; putatice virulence related protein PagC	0.929577596489118	1.8278328536831188	3.375711965440929	1.50252013546478	3.033035109790249	3.061765003793951	1.6582449382346225	1.5630311206305505	2.810318137014023	1.4529236902888791	0.6188013131210739	0.5004082488954387	1.4156097169793604	1.3805038121020226	0.294462001293819
K07806	arnB, pmrH; UDP-4-amino-4-deoxy-L-arabinose-oxoglutarate aminotransferase [EC:2.6.1.87]	12.869700812067082	54.42043796950998	35.37566626813482	75.78588340656387	157.15354815419755	160.29079350785872	112.88522992843242	71.87129335605844	73.43243708541196	75.04597551337997	33.25098038875383	28.27115325742757	75.7963302277033	76.47480060808373	15.66878009211547
K07807	K07807; uncharacterized protein	3.762091664547852	0.0452728439443268	19.80322671117901	0.1235053804426917	0.2667924218156944	0.4843721519352275	3.919035165329455	0.0798967421271233	0.0326283541459888	0.1131877779796756	0.0119805875458548	6.571712411418527	8.133495484226374	48.52520274897636	0.0163141770729944
K07809	HS3ST3; [heparan sulfate]-glucosamine 3-sulfotransferase 3 [EC:2.8.2.30]	0.0109177271550459	0.0306654588688126	0.0020696733326378	0.0394060185487055	0.0190144751690979	0.0573960039386656	0.4878509943092987	0.0431621582368105	0.0295865915926824	0.022159694605002	0.0265115579120051	0.0553600221453446	0.0498467415293497	0.1559793779628328	0.0058342137837426
K07810	cusF; Cu(I)/Ag(I) efflux system periplasmic protein CusF	9.86877141031235	53.15478932756541	21.93221783299589	74.22218676260314	156.58438220410738	158.31920520792298	87.86506820921907	70.10904541928318	73.79973359934623	75.61198156801001	32.131853069998506	26.27830001994312	73.80207277252264	70.54698129237181	45.5245004058375
K07811	torA; trimethylamine-N-oxide reductase (cytochrome c) [EC:1.7.2.3]	14.810920816307652	68.89461865834556	21.840005641814724	84.09001914187137	166.33004038650705	174.83004077399434	137.22689489930377	74.49261323754281	72.17001864330442	74.10001914187137	32.12000829739418	73.98565547996026	75.7748764084853	104.79001803624102	15.420003983369186
K07812	torZ; trimethylamine-N-oxide reductase (cytochrome c) [EC:1.7.2.3]	2453.583667713847	3046.447621581382	3126.5131096623486	2459.4650014671083	771.1531291838598	849.8792181759536	688.8070868791337	8103.692502383107	1142.238637528861	609.9202181813612	151.27868208000507	246.61865681476604	2917.3941710213267	106.48276614811743	59.61926026280602
K07813	agrB; accessory gene regulator B	26299.358639404672	34346.19710373794	11713.88679012542	19647.269140363256	90787.4816584278	42187.87436480048	9104.163866792396	26698.016064978176	10787.75175313138	9019.401761201165	6498.65485275224	1758.356116769511	4836.634457942211	50026.28520421415	617.7507508852501
K07814	K07814; putative two-component system response regulator	69359.64638329399	30307.02756396602	22131.23830264205	18835.434398492933	78212.43505807695	48501.03029799064	16860.387302089068	53193.25299161239	16673.203284181567	8921.60990350396	4294.773594244038	7884.514945360588	4543.674157308881	30539.98009004937	1026.1715766082075
K07816	E2.7.6.5X; putative GTP pyrophosphokinase [EC:2.7.6.5]	39418.91861912997	44704.63810001157	46223.35735270987	16687.214555382612	89182.1212201401	46103.612967082765	12986.563741861532	39018.63090636332	10886.37967557482	7966.043541269372	6344.6933399143645	5384.426540896036	4569.262677091528	44045.19527121079	725.3317809647708
K07821	torY; trimethylamine-N-oxide reductase (cytochrome c), cytochrome c-type subunit TorY	16.52	67.61	21.84	74.1	156.34	157.84	108.5944722908917	76.03	72.17	74.1	32.12	27.41	76.5	69.82	15.42
K07822	flaC-A, flaC; archaeal flagellar protein FlaC	2.0080295609764835e-63	4.7912175921828603e-63	9.864814341378037e-63	1.3070648300400237e-62	2.6142219408503127e-62	5.126196788246491e-62	8.878332907240233e-63	8.455686979424411e-63	3.4531464233336403e-63	1.1978966788159804e-62	1.267937783447467e-63	7.186826388274288e-63	1.4128185927642446e-62	9.514147414369277e-64	5.7750109181062365e-05
K07823	pcaF; 3-oxoadipyl-CoA thiolase [EC:2.3.1.174]	0.0	0.0	5.19	10.38	27.87	95.93009633911365	101.23603587296364	11.33980584581482	6.56	19.13	0.0	103.52238204366432	3.28	37.01190241262057	0.0
K07824	E1.14.13.12; benzoate 4-monooxygenase [EC:1.14.13.12]	0.0	0.0025372752035938	0.0	0.0	0.0	0.0	0.0	0.0	0.0	0.0	0.0	0.0	0.0	0.0	0.0
K07862	sstT; serine/threonine transporter	1947.333291481364	4675.8402634289405	3971.5904466770335	3555.286215071127	5989.932737886176	6318.518869931369	2992.4318539435653	4510.886254490621	1858.7261872611973	1000.2030085183368	496.56536582580543	1683.654576796714	903.0159079713152	1402.048132787676	110.25131283353808
K07874	RAB1A; Ras-related protein Rab-1A	0.0001852402327876	0.0001925690313845	1.4869299660558592e-05	0.0007014607529435	0.0001457903790165	0.0003886203876282	0.0002911027706568	4.032698531028967e-05	0.0002406455201264	5.386983329041674e-05	2.601920347287718e-05	2.6946981501836826e-05	4.213106299364958e-05	0.000192058335727	0.0
K07978	plmA; GntR family transcriptional regulator	83.13013616936308	96.3065602919188	319.0622518109011	21.85813160958985	11.713081258495496	21.510903025399895	145.96663169406116	46.64016051230442	17.46389697108792	10.1511661212406	7.526432795919188	14.870576392757036	13.941424749876424	46.24924025124477	1.9224554851499964
K07979	ytrA; GntR family transcriptional regulator	86581.28332930413	65275.43711262405	65372.83088367923	50429.07855926384	132415.60255850598	92829.76824082948	36021.46078067993	100931.1863396465	28672.854041867235	19119.28756936426	7779.800098104127	9407.11804424451	13200.18407232046	44121.84960468876	2169.9893135876
K07991	flaK-A, flaK; archaeal preflagellin peptidase FlaK [EC:3.4.23.52]	0.0095346312366182	0.0068482307866756	0.0057899142743317	0.0026980021593234	0.0154417197403932	0.0039500707040095	0.8139742708032237	0.0009715502231866	0.0051454953561229	0.0003851842669679	0.0302561714285745	0.0987773502081399	0.0192123699656877	1.561325222367453e-05	0.0
K07994	MMP13; matrix metalloproteinase-13 (collagenase 3) [EC:3.4.24.-]	2.9723013596318606e-10	1.318303121475753e-09	3.1701015689478255e-10	6.21121766092164e-09	3.1082184084554863e-09	3.770130874622467e-09	3.9955702506707394e-09	8.597623447067111e-10	8.063857307214913e-10	1.1484928472178815e-09	5.547236227334328e-10	5.745036436650294e-10	8.98224879090175e-10	4.094640940170214e-09	0.0
K08068	siaA, neuC1; UDP-N-acetylglucosamine 2-epimerase (hydrolysing) [EC:3.2.1.183]	92.79418012347544	1.0951399526525247	226.661078961662	1.434884808427983	0.952483116725786	1.6384087734244184	0.8326678927083944	0.4761990867391197	226.3672737817368	0.4115709713396666	0.1051105567178112	0.2168665676500851	6.354408553033979	25.22389397210472	0.6345726236840762
K08070	E1.3.1.74; 2-alkenal reductase [EC:1.3.1.74]	8.830857088122695	29.530404788274534	3.6913925496126536	88.05493510746396	60.86439976361872	53.60872879700472	31.625676912924853	45.185361586720354	6.902129907542907	7.890598534443395	5.7503604418541645	5.657029222577556	27.584777084961807	32.92130840553512	0.0
K08073	PNKP; bifunctional polynucleotide phosphatase/kinase [EC:3.1.3.32 2.7.1.78]	33.869323319988105	3.780961698057392	19.09930913195701	8.805834620557913	2.3980062362939027	4.349924456340412	30.194137121316352	26.727927556003763	7.51752040533735	5.0307778296964125	6.354433037022761	147.40840159782994	42.89080140830709	0.0050027164053084	0.0
K08076	E3.4.24.21; astacin [EC:3.4.24.21]	0.0061492300875781	0.0185878950101407	0.0014883401678071	0.0285547273976716	0.0139159893336504	0.0350596959431687	0.2632805856007473	0.0239201107474743	0.0166652799045795	0.0131558975612571	0.01472544713718	0.0300262594725195	0.027507451190964	0.0876648974651514	0.0030894322460102
K08077	NUDT14; UDP-sugar diphosphatase [EC:3.6.1.45]	24.59719399285734	26.796011214834987	45.329576249342445	60.06062843738881	120.12549724673735	235.5526623621116	53.7966186244082	38.8545282668592	17.890066427468643	55.04426840904718	5.826271072647009	33.02401682225248	64.92009470322104	4.371823490465114	7.933735936624857
K08080	CMAH; CMP-N-acetylneuraminate monooxygenase [EC:1.14.18.2]	0.000681184803525	0.0016297606458354	0.0032969107197051	0.0044035494136273	0.0087499645115252	0.0171770203185673	0.0034340681449406	0.0028657256593141	0.0011817983831502	0.0040223524287575	0.0004489682508289	0.0024536341032904	0.0047668045084396	0.000467616120675	0.0015456189031955
K08081	TR1; tropinone reductase I [EC:1.1.1.206]	368.1598570987168	259.1478619134284	244.34585842131105	602.182680382715	381.27935424356986	424.8821342792656	1347.0184889250536	309.6954344499302	369.0194791798431	143.51131363297068	40.84165876342219	743.5684374633113	162.02176528390822	579.0200876053802	75.35385280840636
K08082	algZ; two-component system, LytTR family, sensor histidine kinase AlgZ [EC:2.7.13.3]	220.21773887268225	44.02754814480508	15.099996671382671	11.323755771501109	117.59906090123872	80.66203429234922	333.4891028705036	132.20324460051998	184.63077207026615	117.27201026364428	19.10048565499293	698.7098998629824	46.661672846972856	427.9884821639699	0.0267040289430171
K08083	algR; two-component system, LytTR family, response regulator AlgR	1398.4497208555706	758.9802652501962	434.7019858225418	317.9516439404516	241.71612672818887	277.9712809212289	712.6319970864154	1179.0530455743224	418.0452403168901	172.95347966336195	30.20260500151432	1050.658326494629	173.42843451543752	627.7289993052368	36.49261681803133
K08084	fimT; type IV fimbrial biogenesis protein FimT	54.64934269866663	39.87677778050957	78.06614485956777	124.55540858804676	362.30350768133127	352.5820121643869	693.9224695356361	144.5863729670025	207.95255185065048	205.21819856141647	44.4523795343457	1052.170595580615	156.92252335889503	629.8871051376778	107.72822950439088
K08086	fimV; pilus assembly protein FimV	33.96258639039778	9.99662634949641	25.39187844701252	31.708972203564574	127.23066740197402	112.59304760778129	559.1549996610638	108.75250891092	249.6146214653515	143.33333382840146	40.294650102593	1302.1231256995684	112.24343191178356	529.5410448472799	123.03181261524976
K08087	fimW; fimbrial protein FimW	0.2994948191537152	0.84121410324273	0.0567752272668948	1.0809849184918126	0.5216046088347422	1.5744857492442623	29.640567115755395	1.1840232487805804	0.811618643018548	0.6078841899945548	0.7272643957464588	1.5186347474439834	1.3673945710243105	4.27882240793102	0.1600440070769244
K08092	dlgD; 3-dehydro-L-gulonate 2-dehydrogenase [EC:1.1.1.130]	2292.038854997747	1756.7585005104925	1147.5403674263723	3310.2771090306287	1534.319176517156	1451.2091299016552	2269.7895296366064	2763.497487727174	973.092912166872	709.282243150844	250.5284482137751	734.9769380084082	1056.450617811574	542.7604591065387	127.0014592891493
K08093	hxlA; 3-hexulose-6-phosphate synthase [EC:4.1.2.43]	1338.9997603791303	3469.051340237799	1245.2746699436425	1689.7729631652755	934.673477273638	1120.7626942848458	2140.512782097274	2979.991304242684	1462.580796827814	1160.5659070396016	187.9639637245592	359.568305240569	422.8664309176837	351.6565722115871	111.2378728386503
K08094	hxlB; 6-phospho-3-hexuloisomerase [EC:5.3.1.27]	7707.509425610491	6844.177788305475	3387.353089596056	3230.410889722679	3079.874009785636	3447.9247581889285	4054.572444812571	7212.69677013974	3754.538427826272	2584.2877084104675	339.9832264285506	680.7993212967759	770.1312666575876	746.9699130030481	247.9256840052825
K08095	E3.1.1.74; cutinase [EC:3.1.1.74]	0.0	0.4845957272128054	0.7799542593619239	0.0	2.0618349190703227	0.0	3.299427955218738	0.0	0.0	0.0	0.0	0.0	0.0	0.0	0.0
K08097	comA; phosphosulfolactate synthase [EC:4.4.1.19]	185.12435695651644	224.7897194501453	842.3027814424516	466.7437443676869	311.64905108010333	193.18554155646115	112.2544650273956	83.15834752705096	35.19364669470893	58.83333808202772	26.45510917514365	37.8677183956427	32.46861516089906	108.5446282104328	0.631573017360368
K08098	PIGZ, SMP3; phosphatidylinositol glycan, class Z [EC:2.4.1.-]	4.46689605640565e-05	0.000125465140632	8.467894018889925e-06	0.0001612264039521	7.779612271059262e-05	0.0002348309130701	0.0019960012296026	0.0001765943329375	0.0001210510460931	9.06645229694063e-05	0.0001084698049369	0.000226500865145	0.0002039437421361	0.000638176479782	2.3870194018159317e-05
K08100	E1.3.3.5; bilirubin oxidase [EC:1.3.3.5]	6.0	20.097733222663305	14.25026784042092	37.5	212.0057080450244	108.0	125.25113304102352	10.0	19.5	17.0	22.995	43.0	10.005	51.0	0.0056952866619696
K08104	HS3ST5; [heparan sulfate]-glucosamine 3-sulfotransferase 5 [EC:2.8.2.23]	0.0097383256132765	0.027352783166688	0.0018460942044174	0.0351491326262648	0.0169604119916699	0.0511957266670915	0.4351502621265804	0.0384995104853455	0.0263904619180202	0.0197658650458707	0.0236476127124151	0.0493796844300514	0.04446198305563	0.1391295047024834	0.005203965323249
K08119	ECM2; extracellular matrix protein 2	0.0	0.0	0.0	0.0	0.0	0.0	9.883966023456388	1.718950612775024	0.0	0.0	0.0	0.0	0.0	28.790274075715686	0.0
K08132	COL12A; collagen, type XII, alpha	0.0002310196818145	0.0010246402730044	0.0002463935406162	0.0048276179097963	0.0024158372279602	0.0029303032555299	0.0031055241588692	0.0006682432205827	0.0006267566857828	0.0008926566321102	0.0004311543794293	0.0004465282382309	0.000698137909512	0.0031825260385446	0.0
K08134	P3H1; procollagen-proline 3-dioxygenase 1 [EC:1.14.11.7]	6.381406771563904e-21	2.8303416943567126e-20	6.806075552559244e-21	1.333522467788121e-19	6.673214993810079e-20	8.094313389533888e-20	8.578322306136395e-20	1.8458738144663108e-20	1.7312764554789227e-20	2.465766133901255e-20	1.1909684295592524e-20	1.2334353076587866e-20	1.928451267984196e-20	8.791022935157998e-20	0.0
K08137	galP; MFS transporter, SP family, galactose:H+ symporter	9.85025811501368	53.11114481662617	21.84027529270909	74.1053938208672	181.84269918396708	157.8432739882985	212.9534697550963	99.08063767188786	151.11070026916593	103.60099735482254	39.62048172352221	333.410498900092	95.67078002229928	207.8235557871272	15.420000000953728
K08138	xylE; MFS transporter, SP family, xylose:H+ symportor	7144.059174550645	3779.019762051637	31655.721014604045	3528.439249799495	750.2397528442859	516.535312333929	261.21132629017467	10582.182227320376	5698.954972096724	1156.4899918783888	54.97293205158645	564.4901874257935	44.21780392008743	115.68563845969072	167.27085057262116
K08139	HXT; MFS transporter, SP family, sugar:H+ symporter	0.0533934705575711	0.4026422321736947	2.1742077426250312	0.1928344542731429	5.813867450548068	0.280747627463013	23.04030894091145	3.7609696242630686	0.1446941301670761	0.1083851835304268	0.1296517246853202	1.757875476183676	20.24376642783225	4.30931422462526	0.0619431944096511
K08145	SLC2A8, GLUT8; MFS transporter, SP family, solute carrier family 2 (facilitated glucose transporter), member 8	0.0	0.0	0.0	0.0	0.0	0.0	0.0	0.0	0.0	0.0	0.0	0.0	0.0	0.0	2.26773159126444e-05
K08151	tetA; MFS transporter, DHA1 family, tetracycline resistance protein	672.1818136258036	364.83441017078064	1930.5660607535185	272.5702709918095	333.3907225779544	306.55098866438334	554.6417280784544	1201.0244096758406	880.2409240695993	772.2603635959956	53.71357505276549	761.9163309782219	134.1238187333558	580.4993092235107	66.476604527993
K08152	lmrP; MFS transporter, DHA1 family, multidrug resistance protein B	185.66006023136487	1501.2999225144952	4523.378165654535	16.698864782154192	9.442658241737067	3.8635908804346784	429.98017342641697	2852.4400375174782	30.82736348830408	49.84523258867724	0.5684749949613379	42.59012825269914	0.9204915072821864	17.86326207541417	0.0
K08153	blt; MFS transporter, DHA1 family, multidrug resistance protein	7149.444181862382	7199.548476774448	15852.538815596774	7692.510351308345	66035.26174585632	29804.952853202576	2278.22438972972	15794.752911294245	1156.8080938718308	1081.1216837537972	3987.6670894224417	472.2976518737648	423.7561223280611	32450.01854265169	153.02637893078216
K08154	emrD; MFS transporter, DHA1 family, 2-module integral membrane pump EmrD	10.000005524967	53.5317518702774	21.86866290717726	74.6458862829452	156.6035014943597	158.63051686895326	98.7737533161825	70.62275824830787	75.51650959343353	74.40493945265193	32.48411392262307	26.669816274804223	74.35447731062705	71.96296699376123	15.500027871100626
K08156	araJ; MFS transporter, DHA1 family, arabinose polymer utilization protein	13081.489291072705	9051.503975883188	38681.51193189387	9106.87120853834	1218.112492554239	1141.9683505216024	554.1151211546716	18848.01307203128	10015.778156787012	2787.442819036517	42.03335535155248	921.6566518119392	163.51347758289512	355.23829671085025	566.8122339182703
K08159	sotB; MFS transporter, DHA1 family, L-arabinose/isopropyl-beta-D-thiogalactopyranoside export protein	455.7931203131684	2069.314149803555	1336.8057040190977	286.2205158369039	532.9668579739366	446.73980648611126	420.03454939178647	1139.781553875243	311.97085781437573	190.8335911871581	49.44859007505009	296.29273321567143	111.91979636106264	177.60067549980724	25.42957491723488
K08160	mdfA, cmr; MFS transporter, DHA1 family, multidrug/chloramphenicol efflux transport protein	10.000263638385768	53.53289667830399	21.868938196350022	74.65128009181414	156.60620065301222	158.63379083169428	148.7702665165458	78.62350485820967	74.17466248035943	76.70866082123342	32.484595640944406	26.670315170700828	74.35525732099767	209.181991553191	15.50002200353846
K08161	mdtG; MFS transporter, DHA1 family, multidrug resistance protein	1315.056328544997	5180.2037094073685	17188.83811102451	440.435561254032	1805.843161238928	2722.2792907525704	3203.934946823807	10142.413905083034	782.3220949695849	1347.3837191896496	311.4242260320335	211.0836762467208	103.7299105517684	238.63950643977387	16.01877565132487
K08162	mdtH; MFS transporter, DHA1 family, multidrug resistance protein	10.332503149712108	54.88796704838968	22.200130635204715	80.98340205075989	159.79625506329236	162.48540184918278	103.84571177587732	71.50650155326494	75.0046534799629	75.57904834162032	33.08716275632596	27.376705882673	75.29412071730488	76.13811524989947	15.50002200508154
K08163	mdtL; MFS transporter, DHA1 family, multidrug resistance protein	9.850000000000003	53.110000000000014	21.840000000000003	74.10000000000007	156.34000000000003	157.84000000000006	83.95000000000003	70.03000000000002	72.17	74.1	32.120000000000005	25.910000000000007	73.67	69.82000000000004	15.42
K08164	ybcL; MFS transporter, DHA1 family, putative efflux transporter	18.44434218412265	32.393788080711225	31.64752789205893	248.46625653568995	194.0793502009946	135.35849472695685	201.60511245870424	24.890672690058267	5.755870515858733	40.07336716941645	29.616685787331527	62.06575142881072	37.67319496788728	83.84719882817161	0.2173716845107443
K08166	mmr; MFS transporter, DHA2 family, methylenomycin A resistance protein	4.038905223924414	19.25029933852638	22.086024226923687	54.39439985928159	209.65318785142532	140.0788387334607	235.84669827089613	13.419407863525375	23.56342981036296	35.53994949994334	15.402807989213844	152.71917350550757	8.774328705182413	127.93856441643084	0.0042764981929307
K08167	smvA, qacA, lfrA; MFS transporter, DHA2 family, multidrug resistance protein	5.817901034499799	13.23708696626695	560.4407143992983	1270.1496467657037	988.9846578781758	460.0856233217338	257.78945458131693	8.77041935685731	8.143862474215881	135.230346505835	79.24180832451327	222.95190085210987	67.20486750966484	125.26277499912678	0.0834767063300422
K08168	tetB; MFS transporter, DHA2 family, metal-tetracycline-proton antiporter	176.2765350860766	552.9965268332162	89.81370052802134	130.60882828802062	945.796638607024	1014.2167263905905	129.7932736852644	471.0678794402373	91.49297385814135	126.84685652815648	121.64109663694612	24.688694478800148	42.70539731083102	164.1179151027551	14.153264497471854
K08169	yebQ; MFS transporter, DHA2 family, multidrug resistance protein	8655.14365872637	6065.302042563191	21875.800470129197	6228.569705973255	1352.302058403222	1128.9532357086705	1043.0056205192986	12735.869358460846	6646.999619696213	1992.8451886276373	73.90153873076711	1167.2443379249553	172.3387734669027	658.5628925468313	350.7393332872041
K08170	norB, norC; MFS transporter, DHA2 family, multidrug resistance protein	13.38057030570475	98.5101722169134	8.266554315143328	202.90134097944696	109.88671414031307	130.91652945156247	17.858330011627245	232.11319898153985	15.37151930657856	7.186889757322438	18.45528796879467	5.977649364671794	152.2056898488531	3.6572185521755594	0.0187802102051175
K08172	shiA; MFS transporter, MHS family, shikimate and dehydroshikimate transport protein	13.851018733368274	66.53250387315516	36.09266782395494	111.61787980759853	326.5656031420592	229.8537731347483	216.79188299878132	80.0340215691772	94.6139397670264	95.4726694340285	47.4522567140876	68.91214686347682	80.34421460084849	126.95039179024356	15.420398993386032
K08173	ydfJ; MFS transporter, MHS family, metabolite:H+ symporter	18.267108355658035	97.6321559233534	40.329578934243386	135.94235944517914	285.8926222188099	289.82026973575563	168.83473050730385	220.14532555514864	135.1621851075834	135.7646666999993	64.54893930290618	68.45069440922211	135.15488428696733	129.98501320973276	28.21740113850624
K08174	glcP; MFS transporter, FHS family, glucose/mannose:H+ symporter	0.4108216340879814	1.822114843210361	0.4381609228686433	8.584939009858683	4.2960763770675765	5.210949830570975	5.522544657777177	1.1883349924634556	1.1145596072440802	1.587408715147399	0.7667205898219548	0.7940598786026167	1.2414966315932705	5.659476878389691	0.0
K08177	oxlT; MFS transporter, OFA family, oxalate/formate antiporter	19288.41162474428	17241.352804936716	8437.521751493454	9844.391040318062	7729.574767455914	8035.458046509533	6721.5959939926815	23027.8917551193	7359.468462178291	4302.70400807962	915.5297659553428	1967.7302412689864	4525.263870799257	1660.9634473962578	576.4671260309428
K08178	JEN; MFS transporter, SHS family, lactate transporter	4.368014067761053	14.91725519956402	15.2036272879862	42.60161045527554	174.5437864184294	75.55578403971727	145.93362384504982	31.43094868755214	20.49796703822815	18.14732123250757	16.10098547972502	44.18119582831093	8.013295754629695	56.14625164959865	0.088879348206359
K08189	SLC16A13; MFS transporter, MCP family, solute carrier family 16 (monocarboxylic acid transporters), member 13	0.0	0.0061728903040536	0.0	0.0	0.0	0.0	0.0	0.0	0.0	0.0	0.0	0.0	0.0	0.0	0.0
K08191	exuT; MFS transporter, ACS family, hexuronate transporter	8928.942755708167	4381.025206308679	39512.35056062196	3918.899443906053	1131.9510633990778	972.5025193689996	750.6548473905566	13456.658092220056	7016.523797137063	1512.7877740169392	93.22288180172944	958.0586618851888	200.33246776788505	466.01629532011947	298.1443015312901
K08194	dgoT; MFS transporter, ACS family, D-galactonate transporter	27.87596194284657	108.64403858502864	104.307346072387	254.53383806318632	839.7125702702622	502.5540443596568	853.7695217922161	153.4123206893979	247.71776071398853	203.47557352991484	88.55325164585211	737.5487286737869	131.5606548900065	592.6512124495481	16.69692782743971
K08195	pcaK; MFS transporter, AAHS family, 4-hydroxybenzoate transporter	530.5350345419427	756.5043840754457	393.0202602400653	800.1695993964197	1392.3444064741354	837.9871134327555	1187.925956770703	1751.1771502544698	348.5200913396142	287.46022427930484	145.82339506695823	570.7155403248489	765.6874929420645	490.54211124068473	32.2108565289967
K08196	mucK; MFS transporter, AAHS family, cis,cis-muconate transporter	0.6241837114645448	0.9680997460652688	0.2511275838826741	2.380757119169423	2.4671891004084454	4.006580475787756	3.203180056409181	1.0669729902314553	0.4540628987072236	0.9189082321918942	0.1868410498922974	3.058585986931882	0.3937672748801039	2.374599909515521	0.0
K08217	mef; MFS transporter, DHA3 family, macrolide efflux protein	24632.170009013666	15969.09082488744	33335.91956465623	14277.644705427909	7802.4906600078275	7591.881377910184	8670.182591855913	27988.511240885287	12183.083665684162	5794.3137220244425	759.2913764825528	3367.872069941127	2370.3682143023666	2200.2367424999798	672.0296816178427
K08218	ampG; MFS transporter, PAT family, beta-lactamase induction signal transducer AmpG	33841.824869273565	20411.320604761782	135732.38934268584	18763.696713169516	2816.491722973772	2392.040397323361	2160.694574529934	51361.0615346436	30674.53412178929	6815.202294484085	90.32712171354052	2794.6428773109405	369.2768289021572	1312.7210955189578	1150.3342970382955
K08219	UMF2; MFS transporter, UMF2 family, putative MFS family transporter protein	32.000005523981315	467.5317518649627	2979.198662904992	3049.6458862755303	310.2735014787148	505.9605168531583	98.77375330778165	431.2927582413	2261.516509586212	357.7349394452367	32.48411391940882	30.66981627221141	161.6844773032549	470.29296698677433	28.50002200353846
K08221	yitG, ymfD, yfmO; MFS transporter, ACDE family, multidrug resistance protein	185.4922150349415	225.68802247342	723.1085811657881	296.1923068739705	83.10388779035924	108.15059912001426	112.97926426410037	81.20917185261195	50.032162433244544	51.83394707004057	14.136755459445524	19.16974529101473	24.2365143698164	106.47788814765865	0.0
K08222	yqgE; MFS transporter, YQGE family, putative transporter	437.0956642982424	278.9273224202223	513.936486133211	449.4388682208221	181.6318724930495	217.45123309053503	46.07286997954138	970.7716673261872	173.0515738675816	509.0663515023598	14.105834626622467	56.22690572147122	185.64555195327057	12.11720938214923	0.8850152972523382
K08223	fsr; MFS transporter, FSR family, fosmidomycin resistance protein	10721.260272454936	6302.449168790974	32449.571859869797	6436.647684526387	1729.702864627289	1795.4741394435475	1478.958909260868	13944.342529179345	7252.086627100005	2199.29415498696	170.4389993080777	1375.37689445479	412.6744935225751	943.3672401348229	417.95464135211216
K08224	ynfM; MFS transporter, YNFM family, putative membrane transport protein	95.88634302614813	209.88118073222367	244.16978632364123	278.131879620106	452.29957205559975	485.4310263024844	442.5374798682509	181.40052981764	128.99508993153427	166.0447561344156	123.01772736455963	294.4711259621667	134.15237111913086	342.3041305256796	71.01245774928847
K08225	entS; MFS transporter, ENTS family, enterobactin (siderophore) exporter	10.220563590876363	55.02274526280073	21.920671615995357	75.43749777111817	157.01293491329832	159.7881041263828	116.81032140880302	71.49498663312116	76.11421209164486	74.85213237052182	33.01984096140914	27.788999933396617	75.36187114426693	95.11416769444084	16.62292232509881
K08226	pucC; MFS transporter, BCD family, chlorophyll transporter	17.4776367439484	7.857937213770558	77.83034794523896	22.09768094210201	45.77240555149617	14.707563881591202	125.01043924885444	11.060181127131912	7.581480521761008	5.678359147579195	6.79351182719944	15.322527525475817	12.773086713762986	42.679966929938274	2.5296455555845214
K08227	lplT; MFS transporter, LPLT family, lysophospholipid transporter	15.398639287294694	62.74283487535689	43.78423095476822	82.41534816895383	162.5055085053858	163.9646717941299	124.8249058254178	73.97127162921346	78.61184395831222	78.61267421331766	33.16400731889327	27.37395292420093	78.56427268412679	77.02329374612385	15.50002200662462
K08234	yaeR; glyoxylase I family protein	8935.651643645064	13574.81034999466	20154.98429831301	11601.382796015352	71722.26549555741	34716.644053593394	8261.542185475384	20023.466195287416	4615.007842139939	3918.792185425975	4799.038477351294	3065.231371781498	1423.961821220979	35290.42220141883	370.0735064927121
K08239	GNPTAB; UDP-N-acetylglucosamine-lysosomal-enzyme [EC:2.7.8.17]	0.0009199835086425	0.0025840283461586	0.0001744012565311	0.0033205525922416	0.0016022568921756	0.0048364807377654	0.0411088189937046	0.0036370641262027	0.0024931174735971	0.0018672891622626	0.0022339994140808	0.0046649185025901	0.0042003412903917	0.0131436198556961	0.0004916206817329
K08241	E2.1.1.141; jasmonate O-methyltransferase [EC:2.1.1.141]	4.835529727331125e-07	2.1446997333806576e-06	5.157323743647873e-07	1.0104805673550764e-05	5.056648264961225e-06	6.133489748974785e-06	6.5002489273669145e-06	1.3987163053964792e-06	1.311879819979746e-06	1.8684415314593387e-06	9.024598261168784e-07	9.346392277485532e-07	1.4612896133812305e-06	6.6614234538426704e-06	0.0
K08242	E2.1.1.143; 24-methylenesterol C-methyltransferase [EC:2.1.1.143]	0.0	0.0020232608989403	0.0	0.0	0.0	0.0	0.0	0.0	0.0	0.0	0.0	0.0	0.0	0.0	0.0
K08247	E2.1.1.12; methionine S-methyltransferase [EC:2.1.1.12]	0.0246856595269763	0.0693365080592002	0.004679660014945	0.0890994566352823	0.0429929099200324	0.1297759315027349	1.1030614132769123	0.0975923218772677	0.0668971221068785	0.050104446509091	0.0599442798717503	0.1251724501517957	0.1127065800828363	0.3526790661589724	0.0131915199040771
K08252	E2.7.10.1; receptor protein-tyrosine kinase [EC:2.7.10.1]	0.2561760085874512	0.9221405075450192	0.0484055442908531	0.9222604210636204	0.4448178613128771	1.3423575281468192	18.107704951620725	19.74771847819208	0.6924662596853817	4.382462852921802	0.6199078953805576	1.2944345238655934	1.1655380760816505	9.059636458797058	51.13641377085729
K08253	E2.7.10.2; non-specific protein-tyrosine kinase [EC:2.7.10.2]	195.82874503449017	428.18235070211045	299.27538884417623	2444.5528933596656	532.5499123322168	582.3844283195984	726.5596827219038	1222.1162981305824	70.62340130528622	164.2231049900892	97.48933393678996	27.265120083014	375.0206277856956	22.810154518842776	43.19470406223277
K08254	E3.2.1.59; glucan endo-1,3-alpha-glucosidase [EC:3.2.1.59]	0.0	0.0	0.0	0.0	0.0	0.0	0.0	0.0	0.0	0.0	0.0	0.0	0.0	0.0	1.6088444725039092e-05
K08255	cdr; CoA-disulfide reductase [EC:1.8.1.14]	4.5602303972020455e-08	2.0225963789972718e-07	5.710000048637038	9.5295127087925e-07	1.6650004768760078	5.78429416659579e-07	53.93000061301728	1.319083734896537e-07	1.2371910772740721e-07	1.762066277660619e-07	53.160000085108045	8.814277767140971e-08	20.000000137809455	6.282171227518088e-07	0.0
K08256	pimA; phosphatidyl-myo-inositol alpha-mannosyltransferase [EC:2.4.1.345]	1.1634711330964811e-05	1.994523646112406	518.96001241907	1251.9602431305436	934.7901216941038	380.480147577177	53.60015644442648	3.365434888182067e-05	3.156498639665434e-05	106.51004495635244	60.97002171397997	93.78002248824478	38.18003515991791	5.360160279727992	0.000820879616529
K08258	sspB2, sspP, scpA; staphopain A [EC:3.4.22.48]	103.3299152356846	103.21516182105114	67.5314149871871	22.334214502848205	21.74056011534086	5.776521893936571	18.929480795601563	61.98053247246828	7.876470690200043	16.80076004283778	0.0755339448899785	0.1460501502017398	10.591010927088966	0.5619463469204085	2.97199042810136
K08259	lytM; lysostaphin [EC:3.4.24.75]	0.2725022598456799	0.7653980456807763	0.0516582575283601	0.9835592096126592	3.804594059797984	1.4325822041730425	72.78971673052864	1.0773108148324846	0.7384699174095202	4.417118012260426	17.63628117681761	1.381764772569104	1.244155431117728	9.305591279978724	0.1456197207116356
K08260	cbiZ; adenosylcobinamide hydrolase [EC:3.5.1.90]	13.492918740071792	17.886082210104387	51.14159574785885	20.7658831812216	10.455466895573338	12.51180772383444	13.338678243905193	6.495871950975261	4.0224487341058754	4.208006853150863	1.814249337948908	1.8789408138643096	2.9376861295154875	13.51209095389508	0.0
K08261	E1.1.99.21; D-sorbitol dehydrogenase (acceptor) [EC:1.1.99.21]	5.043144125225706	13.33000000979878	19.74285013453108	37.50000000534328	170.17000002213007	72.00000000643605	125.25000112493832	10.000000001565402	19.50000000731445	17.000000000857145	15.330000041919131	43.00000013653129	6.670000026760474	51.00000000112487	0.0002379948039948
K08264	hdrD; heterodisulfide reductase subunit D [EC:1.8.98.1]	88.49312085370727	97.050859610671	352.7845501138202	10.15038619878791	5.639225008494671	5.577731545989328	6.391286516995554	26.98525286611101	10.647961843809735	4.467188064676151	0.6227089904497494	0.6449131951394571	1.0083087951058345	5.443185977403091	0.0
K08269	ULK2, ATG1; serine/threonine-protein kinase ULK2 [EC:2.7.11.1]	64.8535839811353	77.58833746584224	74.45600427378223	55.01272212283027	13.11088329178368	13.81980323480865	39.69416185914636	62.60772407003355	16.444907828459666	15.92189101457292	7.870538236450443	148.4218074111565	48.05595218059672	1.268344885765862	4.472496568407067
K08276	eco; ecotin	14.02858196278588	76.00352620175009	39.63667607546631	126.89607154812016	423.8679821331074	286.3288465431394	255.3174182286909	86.61701099171839	99.0619833859546	126.5397065315695	57.302599914074754	79.36514818100096	81.81283364542888	182.053962515834	15.715489600520772
K08277	caiF; transcriptional activator CaiF	9.85	53.11	21.84	74.1	156.34	157.84	83.95	70.03	75.11	74.1	32.12	25.91	73.67	69.82	15.42
K08278	thrL; thr operon leader peptide	0.0	0.0	0.0	0.0	0.0	0.0	0.0	0.0	1.342547370554262	0.0	0.0	0.0	0.0	0.0	0.0
K08279	caiE; carnitine operon protein CaiE	13.749582969390442	53.8039680008743	41.71689262845755	77.3696473465979	157.97619738135944	159.82463475013805	86.05330830143741	70.48258753154981	72.59448954596718	74.70457816735654	32.41201208525937	26.21242448689867	74.14283459587047	91.9754601072074	15.625417613812324
K08280	wbbJ; lipopolysaccharide O-acetyltransferase [EC:2.3.1.-]	3406.5922816482635	2674.9757713845797	7236.687428895095	2760.103296781489	348.84447064187674	340.66893080496897	143.102820959519	4715.8571412805695	2897.775414159646	868.0504954514863	1.447222375356632	169.35233357672513	28.60068422771881	72.0706526090328	165.191742473663
K08281	pncA; nicotinamidase/pyrazinamidase [EC:3.5.1.19 3.5.1.-]	4356.33644827087	3173.2384427753395	13959.589341696745	4411.871058931261	1823.0764091744545	1253.7435210462852	904.750687209208	6949.270395611252	4038.919468936655	1310.30184291444	137.28997877366132	1160.7834555013965	268.2499843757781	733.548504462591	240.99211417843756
K08282	E2.7.11.1; non-specific serine/threonine protein kinase [EC:2.7.11.1]	440.9339566595047	732.2941074443331	3185.5929524057374	3218.6265127633155	555.1145489662638	737.7887145909873	263.2983921146338	1067.1185764875058	2323.769129212621	441.9783945213757	34.31866298672879	114.51203157475146	182.8545200203464	523.3176028068309	70.61588320361975
K08289	purT; phosphoribosylglycinamide formyltransferase 2 [EC:2.1.2.2]	15336.064336781215	9618.212057058254	53778.03519389065	9422.55093732947	1676.1925579833746	1574.297801098945	1300.3391666500183	22345.02686788824	12848.350855046849	3367.5368952112576	88.97947781903503	1891.1842625992683	297.9964332753389	955.4904640516468	575.8337082127363
K08295	abmG; 2-aminobenzoate-CoA ligase [EC:6.2.1.32]	0.0067389328850849	5.458192076338154	2.634113410832266	10.11491912811301	75.13895138575305	27.18359711468901	311.1984304449488	51.02046884850569	156.87827993441175	69.74707564924242	15.013093963758353	739.190645877257	44.02178511641136	335.1347250858705	73.2460586766685
K08296	sixA; phosphohistidine phosphatase [EC:3.1.3.-]	87.76930890885075	151.69660050541415	712.9921658941354	1473.2798060446496	1505.0602699944382	989.1021973225766	1190.2349859487413	256.4622680713166	298.413585615366	365.57568136185927	139.45574555123102	989.4238935420648	278.85334388706093	826.9414045132563	84.66701111886783
K08297	caiA; crotonobetainyl-CoA dehydrogenase [EC:1.3.8.13]	503.8494438722001	247.5130214639121	379.8430669988176	136.8221386081393	387.9215404541214	404.14428542234384	552.8138869937061	380.6930065548876	135.49872287438882	133.23654070250683	48.41560118698418	29.028221532721734	135.67952230165656	75.589152115184	18.392465714121407
K08298	caiB; L-carnitine CoA-transferase [EC:2.8.3.21]	134.71684149358677	76.5396746107049	41.50850926623107	96.33630487979792	160.14540652768284	167.61551286649802	86.79146980131648	131.0310497810725	78.57398290117297	80.73085883987973	33.97125882187942	30.1500041432199	80.52301238344093	72.72855561703106	17.02151360666482
K08299	caiD; crotonobetainyl-CoA hydratase [EC:4.2.1.149]	411.20420623910593	220.2624910421665	699.2923282504853	1067.493415926804	1060.2971790297247	648.8652571828718	452.4027418281421	328.67726440900765	132.5441441578759	203.6265935819231	80.95901292422108	176.09142014465374	149.2323435139997	78.96325528251361	18.392941705272477
K08300	rne; ribonuclease E [EC:3.1.26.12]	1569.3814014590969	508.1983486240754	1714.5370503018362	1590.2193101603702	1512.9955519257392	921.7431501829856	1170.3698383515532	1504.59566220833	724.5974940363303	469.5339309026879	193.4854329435705	1353.7785662365804	281.174546089056	825.6266724461775	79.01056042968992
K08301	rng, cafA; ribonuclease G [EC:3.1.26.-]	32777.87486358745	25938.39559573968	81867.53242575991	24472.56396537325	66848.16456974024	32125.24030101807	9624.117759057945	38728.86863871776	24617.889005906432	8702.323899229537	4706.233588491044	4034.703354009804	2082.0934575153783	34831.28629094411	909.4014264093702
K08302	gatY-kbaY; tagatose 1,6-diphosphate aldolase GatY/KbaY [EC:4.1.2.40]	11113.54955171482	10110.631151411277	10274.77634889567	10851.102333523162	20326.438983890806	14041.952473830084	8516.012862556498	12626.48294633169	8563.611848992332	5118.07247040547	1712.5019551003645	2568.618115711546	1871.6514529897568	8878.276547412119	589.0305405354962
K08303	K08303; putative protease [EC:3.4.-.-]	108907.05557089191	94971.59176128524	199626.69861156752	82352.52412471836	248444.36616433077	130996.1573200349	30982.027703885284	143159.05989197153	61131.06485992496	24588.00042511937	15951.421806037584	13036.600782820256	12651.217482852	115931.08782360848	3134.906605795672
K08304	mltA; membrane-bound lytic murein transglycosylase A [EC:4.2.2.-]	217.80949922740612	266.19763583219736	1042.1164779598769	252.96591868239125	452.691932037697	368.8602086292959	814.731508432513	949.8842132989035	403.9521074901882	204.04313128776104	78.07200289029316	1021.5296365819082	152.2104751570591	615.2346336245396	68.0881146853559
K08305	mltB; membrane-bound lytic murein transglycosylase B [EC:4.2.2.-]	263.5419155724966	281.0233041221843	1091.973888115248	308.11210348352006	575.2640514089727	665.4816934193225	899.0659341123908	971.0729662798032	424.5733541075863	272.93055121673166	76.43764247372818	1128.7170603131874	208.68747146475343	725.6352156598557	75.56457156609682
K08306	mltC; membrane-bound lytic murein transglycosylase C [EC:4.2.2.-]	44.2232669499799	76.95094080833773	30.390991453151614	85.93777229402234	179.18807073976143	202.9163307757176	141.053848998668	196.6077251698148	81.89724228964728	84.75370903029027	40.42950020689192	57.97859968932868	89.38998245339583	72.78490531282532	17.095165276170075
K08307	mltD, dniR; membrane-bound lytic murein transglycosylase D [EC:4.2.2.-]	17727.408475743418	12300.718105152237	69719.51145206501	9799.946123782196	1944.053308764501	1749.6999870272034	1324.9464709598294	27379.204245755514	15552.97967806728	3646.123485649729	81.6958443638416	2024.571326936084	326.90339013773587	836.6618234536945	601.6916659693155
K08308	mltE, emtA; membrane-bound lytic murein transglycosylase E [EC:4.2.2.-]	10.149752933558169	53.952358916584046	21.897050518625186	75.18637873477593	156.86430378313216	159.41775972778035	113.59403686565936	71.21476986569027	75.92231890772075	74.70888154023403	32.84774611728205	27.429133645933405	75.03817458876708	74.10237819073986	15.580044007076925
K08309	slt; soluble lytic murein transglycosylase [EC:4.2.2.-]	9425.038316812545	14620.043521114983	6260.73531705882	14588.53612702992	69550.94923356519	34014.35855778732	9551.364328026237	14203.966467305543	6438.870950913816	4966.015817283619	4707.8370886777975	2361.447749028109	1781.7416042200628	34584.0564226678	495.37657687151113
K08310	nudB, ntpA; dihydroneopterin triphosphate diphosphatase [EC:3.6.1.67]	351.0680487714819	2078.9737723586304	603.8427405954277	1014.2654382506626	758.1322447762836	672.9883190147093	2125.371654998071	849.0919463596366	1146.2122267828254	801.1705667072863	158.1700058114182	943.361800514763	224.3088862835111	660.8454625204831	100.25226753832226
K08311	nudH; putative (di)nucleoside polyphosphate hydrolase [EC:3.6.1.-]	246.73226671303047	700.532063143417	4043.9159414406895	3279.520535078672	721.3781519533147	938.202318501293	835.0954078312354	1235.5738220725432	2599.6036454487203	537.4365271389497	71.56488220640107	1023.3823422076024	293.7479023544186	1119.986266880412	87.73198515490128
K08312	nudE; ADP-ribose diphosphatase [EC:3.6.1.-]	16.67000552398131	68.03175186496267	27.05866290499173	85.02588627553001	184.4735014787148	242.5105168531582	200.07570702302235	82.08275824129998	82.07650958621149	96.33493944523676	32.48411391940882	131.1798162722114	80.46447730325491	107.75296698677434	15.613121837186892
K08313	fsaA, mipB; fructose-6-phosphate aldolase 1 [EC:4.1.2.-]	813.9710311509334	3413.136899340788	1373.31309010435	2839.8813608852115	1210.5864654083473	1389.987769035967	4689.045455721278	2105.7024229834788	2913.038350817141	2116.8736745956057	341.9779460105302	577.0107050233291	353.8404148781914	627.7897065923889	117.69248241116466
K08314	fsaB, talC; fructose-6-phosphate aldolase 2 [EC:4.1.2.-]	1194.3757203540672	4179.2457019680005	1584.6041671180226	3285.461918263135	4164.895969692822	3538.921397365345	4774.874777094877	2655.1996857904087	3123.971196654029	2889.477827684743	640.0012622662059	652.6669794556831	424.9328652870873	1557.408391626804	135.5029507235179
K08315	hycI; hydrogenase 3 maturation protease [EC:3.4.23.51]	17.572500185883573	69.29702893814685	53.44590606881599	134.80471724211554	218.81357116065936	265.633490506438	154.13617837144614	89.31580138014749	85.86679707780318	100.98188009195852	37.70625822602225	41.31311964552711	102.4874366776448	97.28743774167565	21.16410516810148
K08316	rsmD; 16S rRNA (guanine966-N2)-methyltransferase [EC:2.1.1.171]	5819.152004679636	7718.391343516898	7673.103637681363	11387.502532992186	61304.21325334744	26334.67308038533	3203.2001647392567	4934.516592280347	3523.619035187913	1356.490798230671	4226.753738572456	1237.4317884976726	1011.3709240148694	33280.83266319664	196.24811418681625
K08317	ybdH; uncharacterized oxidoreductase [EC:1.1.-.-]	93.85530440584182	342.838326392056	157.77956772513414	709.0991894675536	2741.353287517328	1658.733634472501	429.2651591534285	176.03262341149707	204.37397616906736	897.961248327299	298.81040614922154	207.0922114151381	140.20751863979814	1146.9282150175538	34.569519609746166
K08318	yihU; 4-hydroxybutyrate dehydrogenase / sulfolactaldehyde 3-reductase [EC:1.1.1.61 1.1.1.373]	9.850258114404328	53.11114481334062	21.840275291358004	74.10539381628315	156.34269917429543	157.84327397853403	83.95346974990288	70.03074661690877	75.11070026470128	74.1009973502385	32.120481721535164	25.91049889849338	73.67078001774182	69.8235557828182	15.4199999999998
K08319	ltnD; L-threonate 2-dehydrogenase [EC:1.1.1.411]	47.43717883308374	136.89515632254398	95.56038917883244	137.63629259459137	166.09207910714505	168.60540862723178	140.44799892884973	125.9457273946804	82.6304703363921	87.18049321210538	33.46499829769586	28.66306184653469	81.8341181083458	71.20551850716497	21.295372727453703
K08320	nudG; (d)CTP diphosphatase [EC:3.6.1.65]	21.05917395871829	59.008943038561874	46.33418629520734	84.67947003498969	188.3848438968984	176.11178387476937	105.36978277577514	79.69266979253996	82.29994511473976	85.30633541613666	35.4930858821988	33.291884515539	75.80923054959055	83.63564787955032	15.888646389878687
K08321	lsrF; 3-hydroxy-5-phosphonooxypentane-2,4-dione thiolase [EC:2.3.1.245]	4282.0812110443	2593.52432549228	3836.244163052056	1418.9779038039744	598.1516827684238	618.7060483777934	832.0464247270138	3878.765590180845	1024.3779230776292	416.71502829255166	83.35271212429944	431.9494511359447	300.48767125743865	374.3303695070404	142.55627588579966
K08322	rspB; L-gulonate 5-dehydrogenase [EC:1.1.1.380]	7046.064913945847	2431.313030274868	2430.710018690329	2218.907749449036	2483.030792569124	2495.463402250969	2592.871038240555	4318.011736327229	2396.9845253808494	1007.7092345150332	168.02141066912705	2297.1724614792297	761.1168615348611	1070.4996673001378	178.3472379292842
K08323	rspA, manD; mannonate dehydratase [EC:4.2.1.8]	2177.377923100341	1922.3374184648144	1196.881503272179	2010.553281570764	1018.0966291818328	1270.4485423485248	2802.96120277046	3290.1699509828345	1833.28213547352	954.74957584626	266.8815980232628	1609.7278396913014	774.2451379051256	603.6346492922627	147.1331920367457
K08324	sad; succinate-semialdehyde dehydrogenase [EC:1.2.1.16 1.2.1.24]	9.850258114404456	53.11114481334131	27.03027529135829	84.48539381628412	184.21269917429743	241.72327397853607	150.6454234651448	75.49074662668272	81.6707002647022	96.03099735023952	32.12048172153558	128.92049889848943	76.95078001774276	105.61355578280892	15.42
K08325	yqhD; NADP-dependent alcohol dehydrogenase [EC:1.1.-.-]	1645.0910117237206	569.6516261566883	5453.399160292901	483.22443914466334	290.481168324615	172.75049460773022	483.3819932643161	2669.965956280732	856.568458613973	179.64797708733605	51.745519589198665	684.2035109320108	129.3819728532593	521.4351609001353	16.733880506579453
K08326	ypdF; aminopeptidase [EC:3.4.11.-]	9.850173316524955	53.11093450158786	21.84038428760457	74.10130383294408	156.34275089396058	157.84277728734003	83.95147714946904	70.03123221890789	73.5138172440168	74.10130383294408	32.12056517023163	25.910455901640773	73.67129626684199	69.82122852383476	15.420271323940591
K08342	ATG4; cysteine protease ATG4 [EC:3.4.22.-]	1.2864567064711008e-08	5.705814069924325e-08	1.372067610288548e-08	2.688308367302989e-07	1.345283648233348e-07	1.6317693130997146e-07	1.729342863735871e-07	3.7211806627045865e-08	3.4901586540933535e-08	4.970849677976553e-08	2.400927222237509e-08	2.4865381260549562e-08	3.887652292995852e-08	1.7722221473281329e-07	0.0
K08344	scsB; suppressor for copper-sensitivity B	7.489747409576856	0.4206070516213619	38.67838761363345	0.5404924592458915	0.2608023044173628	0.7872428746221207	14.820283557877676	0.5920116243902895	2.003261950955012	0.3039420949972754	0.3636321978732279	0.7593173737219902	0.6836972855121527	2.1394112039654987	0.0800220035384622
K08348	fdnG; formate dehydrogenase-N, alpha subunit [EC:1.17.5.3]	19.702982216275352	106.236079746841	43.686612345528296	148.2224347437567	312.72733397893285	315.72778812354335	167.92541696003207	140.081202498047	148.89930304047033	150.86401650723005	64.2497247499253	51.82784459123801	147.36230455563506	139.6611389178015	30.844668606595526
K08349	fdnH; formate dehydrogenase-N, beta subunit	9.85000000040188	53.11000000216689	21.840000000891077	74.10000000302328	156.3400000063787	157.84000000643988	83.95000000342516	74.27406091822047	75.11000000294453	74.10000000302328	32.120000001310494	25.910000001057128	73.67000000300574	69.82000000284864	15.420000000629136
K08350	fdnI; formate dehydrogenase-N, gamma subunit	9.850000001387569	53.1100000074816	21.8400000030766	74.10000001043846	156.34000002202362	157.84000002223493	83.95000001182603	70.03000000986512	75.11000001016659	74.10000001043846	32.12000000452474	25.91000000364994	73.67000001037789	69.82000000983554	15.420000002172214
K08351	bisC; biotin/methionine sulfoxide reductase [EC:1.-.-.-]	10.000385257088382	59.12282430485488	22.910335191947382	86.37380086362539	171.76905161485885	193.8307964123364	150.064008749201	79.53595918460948	76.77941015473328	78.59817053308984	34.28482286518632	108.0497227628927	81.01365338445592	144.93713401704633	15.500260274508642
K08352	phsA, psrA; thiosulfate reductase / polysulfide reductase chain A [EC:1.8.5.5]	93.25028121758852	74.7569052181788	87.68880325903123	246.73601176499807	274.43553505302253	478.0940282255105	178.59252185676038	199.15257204621216	67.86193014441139	123.25659133641436	24.09342500304697	76.1748761574736	127.86926061376946	115.989680623308	14.65938694098518
K08353	phsB; thiosulfate reductase electron transport protein	9.031484814690344	7.317950414788643	3.00930214759902	10.210132286496677	21.5418634503494	21.748546290157023	11.567349601233412	9.649332847818654	13.894075812686683	10.210132286496677	4.42576854308061	3.5701015862770427	10.150883205751825	9.620397250245585	2.124699593222385
K08354	phsC; thiosulfate reductase cytochrome b subunit	17.524267498967934	53.10999999468539	21.83999999781452	74.09999999258496	156.3399999843554	157.83999998420526	83.9499999915993	70.02999999299224	76.11987543952058	74.09999999258496	32.119999996785815	25.90999999740724	73.669999992628	69.81999999301325	15.42675261951744
K08355	aoxA; arsenite oxidase small subunit [EC:1.20.2.1 1.20.9.1]	0.0028205381435898	0.0067298869676096	0.0138564121116617	0.018359421997154	0.036720140197499	0.0720040872593834	2.925886914316813	0.011877109839023	0.004850392340677	1.696946307727066	0.0017809831844175	0.0100948305081317	0.0198448708540262	2.3547124310065324	0.0024517763931144
K08356	aoxB; arsenite oxidase large subunit [EC:1.20.2.1 1.20.9.1]	0.0028205381435898	0.0067298869676096	0.0138564121116617	0.018359421997154	0.036720140197499	0.0720040872593834	2.925886914316813	0.011877109839023	0.004850392340677	1.696946307727066	0.0017809831844175	0.0100948305081317	0.0198448708540262	2.3547124310065324	0.0024517763931144
K08357	ttrA; tetrathionate reductase subunit A	7.603399195340716	16.61529223142678	24.7568926743926	29.43273419590259	35.32996962423015	53.16648005550979	100.7383387798806	99.97466478574444	8.914212150202324	15.94814818315719	7.64798521696604	147.7133713597324	7.934904079355914	66.68326752535174	0.721399209171767
K08358	ttrB; tetrathionate reductase subunit B	110.60211340428936	98.79012738595986	122.81662426923442	191.3579477066885	237.90980003340232	429.8378101827298	199.7769006484958	195.6351438972612	51.03556622240718	112.62574816011924	20.12667797023504	200.08569582808505	112.87445808998886	92.09646269201812	16.730408826269354
K08359	ttrC; tetrathionate reductase subunit C	1.6366728192822764	8.335224160459344	3.7272746051840335	17.809387189732174	28.91428825568355	45.50311796066581	80.27750696888677	4.768272726213879	6.849252956311608	13.559176189375362	1.0514345641414804	127.41552568011228	6.165616122925891	59.175921150201496	0.7052641448719951
K08363	merT; mercuric ion transport protein	5.326605755341505	19.16564341575106	1.8953236863186895	17.15030879415424	20.513701713540147	24.78641001255572	121.00591617416777	9.573694988316472	5.591561430293313	12.394640312273271	0.4359424041377031	112.07120979328124	3.1534224439465355	94.78297626473665	0.1645307363871834
K08364	merP; periplasmic mercuric ion binding protein	392.7752700339688	404.6153175348585	107.36421241961264	100.7590828289181	84.81188527059696	140.56530390602416	483.3361776022261	764.5424658674591	270.8478029056406	276.2998425088266	38.27483481616001	179.7477885953765	37.03913793771687	128.30310511914524	45.36305178879103
K08365	merR; MerR family transcriptional regulator, mercuric resistance operon regulatory protein	155.67314190434774	265.8536432193926	131.52822299754234	519.5888881126439	660.0626024706455	500.0278530058531	361.4068992246116	365.7919880303493	70.59549452539822	220.3929259460344	96.52137613927076	209.2043280100021	399.6176367982858	491.7059851387035	5.732563659462782
K08368	yaaU; MFS transporter, putative metabolite transport protein	526.8588147315469	1129.0650549056847	2955.316510446728	1525.2575449770895	1753.7381095465012	1681.722708879975	999.7745546073588	2805.708986355848	594.8522476619803	948.0297719934774	137.93589662382692	403.4225572361709	142.01354559227084	312.2936754614185	52.01178488135653
K08369	ydjE; MFS transporter, putative metabolite:H+ symporter	2485.1648929784333	3469.745990808886	1629.731671002032	2132.581107616128	2092.570317582986	1610.87088834429	945.1776520812176	3010.234729897122	1095.68333836824	1161.7218378322032	214.2010708545468	741.3695125491738	1073.7319658181436	667.1066459288764	132.45991307697392
K08372	pepD; putative serine protease PepD [EC:3.4.21.-]	16.060337106406056	11.638006392381548	597.1834469049259	1277.0741281903872	956.726635596383	395.9990897965961	221.7882326700123	43.03436545295282	13.162248366936696	112.24445742203515	69.17972004844553	106.5647583669984	49.66190390893665	43.293449475132654	1.255562122236067
K08384	spoVD; stage V sporulation protein D (sporulation-specific penicillin-binding protein)	53067.45231774279	43798.87332674032	29493.994445459743	33109.5421910608	157836.1267797475	79606.33736065312	19458.408788341625	51354.13815211847	16972.747509552122	10529.849928987514	10085.564990263632	6249.286908076169	7163.027730931493	75089.58137678758	1231.9571609876712
K08475	pgtB; two-component system, NtrC family, phosphoglycerate transport system sensor histidine kinase PgtB [EC:2.7.13.3]	1.7090818427195504	3.715395678805173	2.53936964493244e-07	8.615718438163637e-07	1.8177886917982495e-06	1.835229417381577e-06	21.992004601097527	1.5374056671957756	8.391314435658161e-07	8.615718438163637e-07	3.734640704909798e-07	0.3843515144960751	0.7251434788785706	8.118076401519367e-07	1.7929065899660366e-07
K08476	pgtA; two-component system, NtrC family, phosphoglycerate transport system response regulator PgtA	1.7090818427195469	3.715395678805152	2.53936956149165e-07	8.615718155060955e-07	1.8177886320677864e-06	1.8352293570780315e-06	21.99200460109749	1.537405667195749	8.391314159929139e-07	8.615718155060955e-07	3.734640582193764e-07	0.3843515144960651	0.7251434788785424	8.118076134768635e-07	1.7929065310531708e-07
K08478	pgtC; phosphoglycerate transport regulatory protein PgtC	1.7090818427195489	3.715395678805165	2.539369611946899e-07	8.615718326248405e-07	1.8177886681857973e-06	1.8352293935425757e-06	21.992004601097516	1.537405667195765	8.39131432665786e-07	8.615718326248405e-07	3.734640656398094e-07	0.3843515144960711	0.7251434788785593	8.118076296068335e-07	1.7929065666767937e-07
K08479	sasA; two-component system, OmpR family, clock-associated histidine kinase SasA [EC:2.7.13.3]	38.82690593759862	20.73103667107219	17.087347552861672	15.004480923015738	32.367750285077584	28.80036617627321	103.62232476663333	18.150717066171826	110.40744297568077	56.62970416759758	5.497881658570045	12.06609265211026	16.48602818732872	32.384821303874844	1.209834775999033
K08480	kaiA; circadian clock protein KaiA	2.000308326169271	5.618419642657703	0.3791984119893364	7.219834850674948	3.4837665805661	10.515897946240292	89.38237711828316	7.908021813553316	5.420753300146254	4.060022841225457	4.857356231566251	10.142872381919416	9.132748116670244	28.57800382981315	1.0689245337000493
K08481	kaiB; circadian clock protein KaiB	13.54933759785784	10.286019810589163	52.790126551380574	13.19437915510218	149.26664662039548	19.2179942517776	685.2189901507849	117.07141610952264	313.9065249867474	125.4197653898862	38.87690662407492	1249.0666773081996	108.76366182607406	622.2944476797331	4.286401365664741
K08482	kaiC; circadian clock protein KaiC	33.56683879420494	52.66117863329707	120.07997778948274	159.3636599151429	291.0897902342819	324.82802670636283	1168.6005116708127	190.994331557309	348.12486071753113	202.4320593734612	61.67974482847151	1446.3939963430753	184.6054544278824	826.0342830426226	164.98961262123692
K08483	PTS-EI.PTSI, ptsI; phosphotransferase system, enzyme I, PtsI [EC:2.7.3.9]	48058.05811751115	46111.01872493194	39711.04574186184	30155.39490858764	97721.94182834472	58538.33416500123	17442.22946933125	60723.70478158344	16193.82074413888	10430.903291223203	5800.184669911756	6175.44303444053	5783.287501785586	38489.17929356502	1287.883658448202
K08484	PTS-EI.PTSP, ptsP; phosphotransferase system, enzyme I, PtsP [EC:2.7.3.9]	43.1963063674644	53.699404450040326	65.7489780430228	91.815785563622	205.3187829907648	256.18997577039903	250.3518820305227	92.1920968124773	85.57657919422235	93.68099674546814	34.35465979603646	157.6928776337685	92.24682802362824	308.7836948279654	15.5002599983551
K08485	PTS-HPR.PTSO, ptsO, npr; phosphocarrier protein NPr	11.262959583759772	54.438866221007714	22.63559301031705	75.0032627378018	158.6489065030008	159.1537418954526	252.59251256068853	78.75144945842223	76.19808017749243	74.4559608242138	36.4918362519013	39.753830993244456	76.89934139332534	205.95503511293396	15.613121837186892
K08488	STX7; syntaxin 7	4.785282537922421e-09	164.97717825710131	61.56015412379257	264.9730264134232	1759.0602843237623	1000.1265975948816	45.76558470271051	29.63898457347817	72.63484561134258	565.6162259235075	172.14315508459526	45.43775696815861	10.74686381465818	667.8900561289358	3.4211760396403847
K08566	pla; plasminogen activator [EC:3.4.23.48]	0.360519983880922	1.943705768900346	0.7991567499002171	2.7145687099774616	5.721217170748786	5.776496201180219	3.0735503202918437	2.5624016319357072	2.640655590973723	2.711469330129125	1.1753707901919417	0.9482053249177432	2.6955856248038645	2.5566996782140694	0.5641027695904217
K08582	CAPN15; calpain-15 [EC:3.4.22.-]	0.0	4.4059566180969626e-18	1.5437175519203795e-14	0.0	4.080868481101824e-14	0.0	6.53036352405435e-14	0.0	0.0	0.0	0.0	0.0	0.0	0.0	0.0
K08585	CAPNN; calpain, invertebrate [EC:3.4.22.-]	0.0	1.9796809276523546e-16	0.0	0.0	0.0	0.0	0.0	0.0	0.0	0.0	0.0	0.0	0.0	0.0	0.0
K08586	tpr; thiol protease [EC:3.4.22.-]	38.58463069919808	9.058269568727694	262.6702108490149	4.621254889920894	1.1860463590469743	0.0	0.7565674885445276	63.85790614540294	45.3731978022922	9.058269568727694	0.0	2.39232179532776	0.0	0.5928675712370733	3.210380892207086e-06
K08587	cloSI; clostripain [EC:3.4.22.8]	0.972446796898284	0.6916450755905608	0.0141225917525502	0.9509172078485676	0.2453168498285368	0.3691046119508827	0.5523483726547402	0.2755767767384751	0.7357570594437678	0.3358470707405995	0.0247125686321784	0.0255937554156244	0.0400153212554153	38.505060090503726	7.529181118942977e-06
K08589	rgpA_B; gingipain R [EC:3.4.22.37]	0.0213288236527055	0.0151699567468227	0.0003097529550923	0.0208566118981671	0.0053805718171109	0.0080956276505923	0.0121147409532206	0.0060442674011408	0.0161374716047828	0.007366184935723	0.0005420245303315	0.0005613517342147	0.0008776621334817	14.458161658310017	0.0031252262680258
K08591	plsY; glycerol-3-phosphate acyltransferase PlsY [EC:2.3.1.15]	44468.83261833145	45523.79854070731	54033.59768963934	37228.48910699529	162877.84475112794	87846.32905056085	21201.16025849334	66384.27632554469	17989.543296900334	12312.684829249618	10077.54764257855	5751.431359182315	6454.392987081323	72169.77454583049	1283.4246746001247
K08596	SENP7; sentrin-specific protease 7 [EC:3.4.22.68]	51.87486320561823	19.439597542896653	6.406582380774996	4.491173227370847	0.5702291921658523	33.05979618464251	76.93954450215749	83.23715109896933	0.063220928454927	0.7817133313686501	9.749857691222706e-06	0.4828576300748352	8.164971952451044	0.91324480361398	0.0
K08600	srtB; sortase B [EC:3.4.22.70]	78562.05911408685	84459.70076498372	43383.279971870565	43717.17776252134	212177.92471514983	115023.78998703812	30994.79886833138	80068.11844737755	25597.419716992947	15628.02413142764	12851.17266792784	7839.5705293039555	6807.662657277404	91343.17102745756	1946.9360268519724
K08602	pepF, pepB; oligoendopeptidase F [EC:3.4.24.-]	9460.587852984148	18765.21991213097	23826.370879235477	21082.672761410904	72081.50596657423	36431.76596062719	16143.955091630234	21145.043348433268	7793.700249804895	7512.567399525847	5680.11565680805	3156.964649245944	2718.808770148132	36419.32857095879	435.54566699278007
K08603	npr; thermolysin [EC:3.4.24.27]	17.468585358400137	49.76142276281366	3.0656055206947137	104.44081053596516	561.4042050831019	391.1973815993792	21.432522353208785	305.84786918745147	140.94194921713938	6.191631637420668	3.77635831386196	30.447423618156428	47.12640954431309	6.4990645356641945	0.0
K08604	hap, nprV; vibriolysin [EC:3.4.24.25]	0.0	0.0	0.0	0.0	0.0	0.0	4.201359235131884e-15	0.0	0.0	2.422856387928387e-15	0.0	0.0	0.0	3.393740439155755e-15	0.0
K08605	gelE; coccolysin [EC:3.4.24.30]	1.1571181385582635e-09	5.1321594596535315e-09	1.2341218411836502e-09	2.4180295832707986e-08	1.2100307014191858e-08	1.4677134960179508e-08	1.5554771375899543e-08	3.347058334733371e-09	3.139262957535245e-09	4.471087365396999e-09	2.159541338806599e-09	2.2365450414319852e-09	3.496793138863535e-09	1.5940453976514167e-08	0.0
K08606	MEP1B; meprin B [EC:3.4.24.63]	0.0111056472631154	0.0311932845107971	0.0021052973440104	0.040084290056963	0.0193417596100699	0.0583839259768065	0.4962480727735849	0.0439050818623238	0.0300958473572347	0.0225411157694825	0.0269678850171953	0.0563129000838166	0.0507047227668445	0.158664154853401	0.0059346345095196
K08607	ADAM1; disintegrin and metalloproteinase domain-containing protein 1 [EC:3.4.24.-]	0.0	3.7754745068799874e-14	3.042816417136333e-12	0.0	8.04378598599447e-12	0.0	1.2871977335583038e-11	0.0	0.0	0.0	0.0	0.0	0.0	0.0	0.0
K08637	CPA4; carboxypeptidase A4 [EC:3.4.17.-]	0.0	2.3292202155198318e-30	0.0	0.0	0.0	0.0	0.0	0.0	0.0	0.0	0.0	0.0	0.0	0.0	0.0
K08640	E3.4.17.14; zinc D-Ala-D-Ala carboxypeptidase [EC:3.4.17.14]	0.0	0.721464716967775	1.826031693795654	0.0	4.827175266248449	0.0	7.724632496466789	0.0	0.0	0.0	0.0	0.0	0.0	0.0	0.0
K08641	vanX; zinc D-Ala-D-Ala dipeptidase [EC:3.4.13.22]	10677.751944824668	11669.537546799504	60527.80500253833	8144.643844807655	1708.207390272803	1615.2715389348389	2614.1354082020785	23406.3409261764	10544.750188183836	2740.988344330197	140.17398938070994	1759.4426295572357	1568.7388129099645	1073.801119411553	253.54334344267247
K08642	lasA; LasA protease [EC:3.4.24.-]	0.0014587289398746	0.7573743141971782	0.845225471369753	0.0304830562502891	2.2455230453530977	0.0185028311348885	3.5885714493665466	0.0042194921102932	0.0039575334388401	0.0056365070387183	0.0027224406417981	0.0028195158891338	0.004408256320976	0.0200954429417673	0.0
K08643	zmpB; zinc metalloprotease ZmpB [EC:3.4.24.-]	2.3018312983759226	234.69171185101888	99.99564027969296	372.5609574187464	2479.1777258738134	1406.2115218420593	120.6179462322208	47.89753156345749	113.3270277518454	795.2753738810837	253.17203233147907	92.10260431178617	20.430450776402797	968.6558075196522	4.810288194226768
K08644	tetX; tentoxilysin [EC:3.4.24.68]	0.0010209070964555	0.0007261120795	1.4826368071252344e-05	0.0009983046154615	0.0002575418148004	0.000387498338086	0.0005798737526387	0.0002893096957982	0.000772422312099	0.0003525834615698	2.594407917092124e-05	2.686917846004673e-05	4.200941950439523e-05	0.0001915038140519	0.0
K08645	lef; anthrax lethal toxin endopeptidase [EC:3.4.24.83]	2.2689303532617292e-11	1.0063373814445556e-10	2.4199227475370197e-11	4.741383384935742e-10	2.372683734998188e-10	2.8779599852753817e-10	3.0500509616761236e-10	6.563065599573446e-11	6.155610886971895e-11	8.767113311415318e-11	4.2345277715954206e-11	4.385520165870712e-11	6.856672475751135e-11	3.1256773761362565e-10	0.0
K08646	MEP; peptidyl-Lys metalloendopeptidase [EC:3.4.24.20]	0.0120460710789257	0.0311464487578622	0.0020592265953887	0.0401059927812481	0.019070814466118	0.0570765868257321	0.4817310786072	0.0429193288900403	0.0301408668885001	0.0222911872621899	0.0261718877352352	0.0546164614880537	0.0491995979412107	0.1540297345698074	51.33425791018336
K08651	E3.4.21.66; thermitase [EC:3.4.21.66]	3.167691168481074	24.69704079902261	525.549943106281	1449.7797486296763	949.1286249057448	433.0595592416032	55.754640809394765	46.04558793521544	16.794568772444872	128.59665751635606	51.96530611673332	100.51238815425566	64.17702557808614	25.161145471701985	21.5356557758398
K08652	C5AP, scpA, scpB; C5a peptidase [EC:3.4.21.110]	6.383884223642595e-26	7.566563726508633e-26	1.487655869297586e-38	2.91478181622482e-37	1.4586155231399486e-37	1.7692358436053823e-37	1.87502936588054e-37	1.7261950558159177e-25	3.7841830589163375e-38	5.389613196453691e-38	5.9069347848084335e-27	2.696013672883034e-38	4.215163092617004e-38	1.921520965440921e-37	0.0
K08659	pepDA, pepDB; dipeptidase [EC:3.4.-.-]	2666.5291251485246	13947.175456100353	40642.837253187565	1023.768559978617	4578.354067606452	6820.316935843561	7784.662940588652	24603.821864291167	1589.4916807773325	3689.947363193297	635.8124081356394	457.66573540503305	185.9323093082584	504.2038546089794	21.930939903729524
K08666	KLK4, PRSS17; kallikrein 4 [EC:3.4.21.-]	0.0	0.0106425506531468	0.0	0.0	0.0	0.0	0.0	0.0	0.0	0.0	0.0	0.0	0.0	0.0	0.0
K08669	HTRA2, PRSS25; HtrA serine peptidase 2 [EC:3.4.21.108]	4.949173043170359e-07	1.3901122480408696e-06	9.382146412521708e-08	1.7863352140083335e-06	8.619553007737911e-07	2.6018488229728454e-06	2.2115033246672577e-05	1.956606782685024e-06	1.3412055409547058e-06	1.0045329181291715e-06	1.2018095514495662e-06	2.509554647960044e-06	2.259629188048699e-06	7.070784255194951e-06	2.64473852263716e-07
K08670	ST14, PRSS14; suppressor of tumorigenicity protein 14 [EC:3.4.21.109]	0.0	0.0	0.0	0.0	0.0	0.0	0.0	0.0	0.0	0.0	0.0	0.0	0.0	0.0	0.0016172195798194
K08673	PCSK7; proprotein convertase subtilisin/kexin type 7 [EC:3.4.21.-]	0.0	0.0	0.0	0.0	25.5	0.0	129.0	25.5	76.0	29.5	7.5	307.5	22.0	138.0	0.0
K08675	PRSS15, PIM1; ATP-dependent Lon protease [EC:3.4.21.53]	0.713642962929267	2.9504092154413737	4.1511915460487865	0.0869841938705681	2.0339747362758045	0.7712923591589559	22.05689047016898	1.105603103763373	1.6875955796004365	2.6897110296632394	0.0545444722503916	0.1132562071426952	3.2112869709697707	0.3218213886236938	0.0118692690190404
K08676	tri; tricorn protease [EC:3.4.21.-]	3970.215439995466	2759.689185613921	9845.248649449177	2862.4558472728067	400.41773204470746	336.3276733239205	204.1830182191408	5729.04524388878	3071.5648886237377	901.3916161138932	1.5350445190270925	183.1145020427283	28.409863582868045	75.99917568085142	208.98887098192407
K08677	K08677; kumamolisin	10.145373384045069	31.761832915282955	16.01630431014086	68.95963160103028	185.896132659172	108.29339956889808	383.6360441229775	52.09577538820518	36.15534206791647	30.457768431192854	29.951195548341275	72.47692157774567	33.89920867799327	138.5235539375232	2.997665669109029
K08678	UXS1, uxs; UDP-glucuronate decarboxylase [EC:4.1.1.35]	5695.274273670585	3651.440138487782	22701.04547492152	7204.963311028128	2123.3504347662074	1623.2864537866153	1564.3621835782783	8970.516547388597	4340.637830549283	1690.4094940495154	211.79288277351623	897.0557996611542	1314.075017086187	922.604929298858	79.91965210402223
K08679	E5.1.3.6; UDP-glucuronate 4-epimerase [EC:5.1.3.6]	10104.346009244611	2399.283578510561	14469.08520112991	1418.1253009783095	3369.8658538853324	3529.511208774145	1634.1798346402093	7644.678391430651	3665.7223667270646	1294.1693531440296	141.25942210537494	515.9726761584193	403.5488655164071	781.7950800829317	130.80804616393007
K08680	menH; 2-succinyl-6-hydroxy-2,4-cyclohexadiene-1-carboxylate synthase [EC:4.2.99.20]	188.08280633024285	628.1837903908078	3429.810420840332	3092.869019139337	364.35773126449794	552.9346009456144	261.3925012588636	505.4497223054068	2385.5746833118183	420.574064017074	90.2572372319769	39.87685762883861	198.7142449753653	519.9162064264362	31.425157436098463
K08681	pdxT, pdx2; 5'-phosphate synthase pdxT subunit [EC:4.3.3.6]	17465.50086757757	15132.394820452882	47412.13662923439	9921.11783358337	20213.129813555617	17823.82437231687	6862.463468333539	28297.91160859036	10471.446248800296	5184.230229796184	729.626025545406	1521.792351215481	1873.8905202385588	2172.7461913963216	383.57671503442265
K08682	acpH; acyl carrier protein phosphodiesterase [EC:3.1.4.14]	10.000005524016188	53.53175186506064	21.868662904998345	74.64588627565588	182.1035014787756	158.63051685334156	227.77375330934004	96.12275824143784	151.51650958630603	103.90493944530752	39.9841139194935	334.1698162723883	96.35447730341414	209.9629669872726	15.503552637220016
K08683	HSD17B10; 3-hydroxyacyl-CoA dehydrogenase / 3-hydroxy-2-methylbutyryl-CoA dehydrogenase [EC:1.1.1.35 1.1.1.178]	0.8480706422206268	3.7629180748063353	0.9045079042103537	17.722130811534985	8.868511173265766	10.757110148793592	11.400344105564226	2.4531133139300536	2.300816713333625	3.2769324125549013	1.5827628563368918	1.6392001183266185	2.5628563792834864	11.683017135998355	0.0
K08685	qhpA; quinohemoprotein amine dehydrogenase [EC:1.4.9.1]	0.0524151767728232	0.1675258407454587	0.1778055279011081	0.6393022251836515	0.6293081640108192	1.0719412548563754	20.525217495149946	0.2309376125594247	0.1107190482058087	5.232394870091803	0.0586839071472122	0.1534865150944098	0.2856160889505897	7.252586985086525	0.0272522226151497
K08687	E3.5.1.59; N-carbamoylsarcosine amidase [EC:3.5.1.59]	2.420756820706722	152.95211566559854	22.83509424996259	109.7643106819564	1432.382455375508	1422.599548687589	27.875954485019577	21.011460223866948	5.017807829776893	54.685110885937256	114.7568068641298	16.180129088539143	15.553153457217386	194.9022901922289	2.2687628645605757
K08688	E3.5.3.3; creatinase [EC:3.5.3.3]	0.8358516715596105	3.707601634801738	8.016475787551695	36.21679100178774	51.99073399004754	10.602122100909682	73.86108836645901	7.417768947412927	12.017666630643594	11.729718490726055	1.5599584672422675	23.11558258323435	2.525930838711931	37.01468865425405	0.0
K08689	bphAa, bphA1, bphA; biphenyl 2,3-dioxygenase subunit alpha [EC:1.14.12.18]	4.36885651878677e-18	0.0010136845898192	388.68633702187	943.4454845923736	698.1192141771469	286.7201332132866	30.286170505261744	1.2637272839469205e-17	1.1852713201179446e-17	80.26325154198443	37.35470196431512	70.7730558090036	28.77148519260745	4.284343320099315	0.0
K08690	bphB; cis-2,3-dihydrobiphenyl-2,3-diol dehydrogenase [EC:1.3.1.56]	0.0022929752273157	0.0122573969001493	388.6889936335562	943.4934008919164	698.1437503600696	286.74921780348546	30.31788701822272	0.0066326173535618	0.0062208446603605	80.27211156433403	37.35898136727947	70.6746750903783	28.77841452832113	4.070748849577702	0.0
K08691	mcl; malyl-CoA/(S)-citramalyl-CoA lyase [EC:4.1.3.24 4.1.3.25]	7.34	0.3997409325837894	554.44	1263.96	967.31	380.48	40.19	0.0	0.0	106.51	49.57	94.26112532334244	38.18	6.507362989461382	0.0002379948039948
K08692	mtkB; malate-CoA ligase subunit alpha [EC:6.2.1.9]	0.0	0.0009679885260537	0.0	6.0	20.45	0.0	0.0	0.0	0.0	0.0	0.0	0.0	0.0	0.0	0.0002379948039948
K08693	yfkN; 2',3'-cyclic-nucleotide 2'-phosphodiesterase / 3'-nucleotidase / 5'-nucleotidase [EC:3.1.4.16 3.1.3.6 3.1.3.5]	0.2171649094506901	0.8648116511839562	0.8831210851725332	4.042389473231168	1.9907947296964568	2.4478681212680877	2.575355269167579	5.120448910208484	0.5482061443941243	0.7356025886454947	4.664442991936757	0.367966042183014	0.5753074978613001	2.848454793494081	2.298139487205685e-05
K08696	ccmK; carbon dioxide concentrating mechanism protein CcmK	7.327740134291211	20.58198657085877	1.389119560240541	26.448459423034063	12.76210065065558	38.52294489837296	327.4349376739887	28.96949838578101	19.857874406613792	14.873103276414213	17.793978927619342	37.15643836384017	33.4560447683873	104.68995348466532	3.915796931727384
K08697	ccmL; carbon dioxide concentrating mechanism protein CcmL	441.17075497217246	1735.590647391838	952.9539287086964	2027.2837106366317	734.7045402818871	725.029135094334	3049.515231595766	902.23787446329	1722.6836554456577	1201.1487224042964	204.207106537242	375.1563155577917	176.2267427783022	274.22473329928465	54.29658093640671
K08698	ccmM; carbon dioxide concentrating mechanism protein CcmM	26.769551117984903	91.73268581953435	82.41397169070507	85.56448372670233	21.14285233472078	30.70736796807204	156.38385864753278	79.10287522359127	25.06975420869862	26.175197505700453	10.159023076651074	17.13764450147958	22.435342250650542	49.14996755698648	3.1515757407115745
K08699	ccmN; carbon dioxide concentrating mechanism protein CcmN	2.5916993304552456	7.279504982103621	0.4913083936137584	9.354378474405353	4.513741904782446	13.624922373142342	115.80827010583062	10.24602786044558	7.023398600483185	5.260368285017372	6.29343323148652	13.14161182914012	11.832844401802346	37.02708848556108	1.3849519906778482
K08700	ccmO; carbon dioxide concentrating mechanism protein CcmO	60.01292143340423	26.934161288906576	17.982275690802773	42.47083680628785	9.679086254406172	22.609993312168445	179.21046537806225	64.82362631051802	11.257577315609634	9.74417884622244	8.063724256418027	27.41334847175776	74.23914812936042	44.84145167077092	1.9774484877377343
K08710	atzC; N-isopropylammelide isopropylaminohydrolase [EC:3.5.4.42]	0.000175504033836	0.0007784120371506	0.0001871834466641	0.0036675075055665	0.0018352946176191	0.0022261308546051	0.0023592449473392	0.0005076596932118	0.0004761426633636	0.0006781449897919	0.0003275449615443	0.0003392243743723	0.0005303704789603	0.0024177427358818	0.0
K08713	lctB; potassium channel LctB	0.1459671374968326	0.6474072098085931	0.8357589678533979	3.050275031488724	1.5264190568260614	1.851478518400408	11.882189837406482	0.4222218180458926	0.3960090266428671	0.5640148593975185	4.5815658830234405	0.2821337482336284	0.4411104345269703	2.0108425923137645	0.0
K08714	VGSC; voltage-gated sodium channel	5.646613703452147	6.378692647098479	1055.6511632522977	2528.686515019993	1866.321448814752	778.236306869416	105.41040968288708	3.964037515368373	5.07113692401706	218.11554715387464	101.35778557148554	190.86656269845557	80.57734558953939	28.330752311373807	0.648584920465417
K08715	IRPC; inward rectifier potassium channel	3.026306608383749	8.5002198265155	0.5736968871642053	10.923033031552729	5.270660371155937	15.90971303346114	147.22283494948385	22.08807165924541	8.201166450207738	6.142490032137073	7.348791719031713	15.34535517143656	13.817117899575525	43.23623549099648	3.0791512746560263
K08717	utp; urea transporter	8382.01659243141	5505.748677610547	27790.96832090235	5586.338832164842	896.0822001254448	729.8833435545555	456.7862626477493	11650.559563249348	6226.090322269334	1704.1253533511597	25.60838058783117	682.535280339227	88.05135984595756	213.16585931327316	301.73165923324666
K08720	ompU; outer membrane protein OmpU	17.63685588801613	13.33	86.05714987354543	37.5	170.17000000000002	72.0	125.25	10.0	19.5	17.0	15.33	43.0	6.67	51.0	0.0
K08721	oprJ; outer membrane protein, multidrug efflux system	0.03144419126372	0.0750267651843909	0.1544753697652424	0.2046762523250602	3.979366955105665	4.372722805468589	0.1390278327887181	0.1324095241495712	2.484073604645607	8.606779916938597	0.0198549259174408	38.542540147776585	0.2212364743784716	0.0148984196658526	0.0270368023228034
K08722	yfbR; 5'-deoxynucleotidase [EC:3.1.3.89]	18601.458833154946	21328.907240591918	8238.951693590203	9292.760221903594	9798.094850785796	9226.559018367743	7564.124237131867	24603.17954473133	7480.534056626359	4944.7652210784745	633.9050842962351	1166.6363384998851	3200.5801034777387	1190.0626011635602	497.1185129748745
K08723	yjjG; 5'-nucleotidase [EC:3.1.3.5]	11.288106437541249	57.153084573621015	22.112981372261338	79.29773323091752	209.848200882992	165.4033698521347	440.8079702341079	126.7149771211923	231.0072105502015	136.01967456152676	50.61192885304524	648.2008543552021	124.23528679443274	366.3657287844384	16.23971444615023
K08724	pbpB; penicillin-binding protein 2B	889.5174509088645	5788.938386569401	16976.696644570486	851.0400209250713	2426.170166621296	2168.1517952420736	3267.2063572548377	9300.209123405282	551.0056816328931	1659.26918994409	308.77256265960693	405.4371959046868	151.1410202663646	692.8159815858427	4.544689009530784
K08726	EPHX2; soluble epoxide hydrolase / lipid-phosphate phosphatase [EC:3.3.2.10 3.1.3.76]	0.0	7.364020242992582e-11	0.0	0.0	0.0	0.0	0.0	0.0	0.0	0.0	0.0	0.0	0.0	0.0	0.0
K08728	E2.4.2.6; nucleoside deoxyribosyltransferase [EC:2.4.2.6]	1482.5497575165589	10172.833614938403	30334.03831371258	71.89544324714848	777.1530236117023	1165.113303982448	3485.191659022202	15957.171284623002	414.5007066821788	937.1710064903144	116.28048613620427	268.7805034705738	4.890787166104732	113.00358836927607	0.0
K08732	RALGDS; ral guanine nucleotide dissociation stimulator	0.0	0.0	0.0	0.0	0.0	0.0	0.0	0.0	0.0	0.0	0.0	0.0514063570590703	0.0	0.122591243177263	0.0
K08738	CYC; cytochrome c	43.48380215394936	61.781006723661896	99.39729222487404	153.5380806538184	687.0979963045173	346.766158614203	1748.3024387204491	249.4422304216292	546.722506596765	344.97908351685805	102.51710949167185	2453.7568234698765	206.38417987579277	1445.7929856471803	130.25989775517596
K08744	CRLS; cardiolipin synthase (CMP-forming) [EC:2.7.8.41]	17268.740069991938	19581.15473782134	8817.07077430184	11289.142318171273	20773.12575635857	18463.869245919534	6899.865107252196	26004.038072894728	6787.842310574071	5096.17220412783	808.4206674168626	1989.650028509727	3305.438317067503	1609.1004498602117	559.8157670239682
K08745	SLC27A1_4, FATP1, FATP4; solute carrier family 27 (fatty acid transporter), member 1/4 [EC:6.2.1.-]	8.072406760916198e-07	3.5803499521515077e-06	8.609607923852986e-07	1.6868907076688896e-05	8.44154083283396e-06	1.0239214090192644e-05	1.0851479847664214e-05	2.3350093158290035e-06	2.1900449641448027e-06	3.119166027597485e-06	1.5065614757004029e-06	1.5602815919940816e-06	2.439468852407593e-06	1.1120543716686991e-05	0.0
K08746	SLC27A2, FACVL1, FATP2; solute carrier family 27 (fatty acid transporter), member 2 [EC:6.2.1.- 6.2.1.3]	0.1210718101853486	0.5369891070191948	0.1291288765791448	2.530037417727156	1.2660816775649513	1.5357008405189063	1.6275298647084346	0.3502100588337871	0.3284679725012104	0.4678196830445776	0.225957549490303	0.2340146158840992	0.3658771399897106	1.66788468160862	0.0
K08749	SLC27A6, FATP6; solute carrier family 27 (fatty acid transporter), member 6	0.2488519204279393	1.1037314989016476	0.2654124760357404	5.200258170684698	2.6023139193040032	3.1564911995689098	3.3452372750228347	0.7198244212302614	0.675135571450211	0.961560138246951	0.4644348675366354	0.4809954231444365	0.7520266591185379	3.428182872918463	0.0
K08752	FABP3; fatty acid-binding protein 3, muscle and heart	0.0	6.317167164144938e-16	0.0	0.0	0.0	0.0	0.0	0.0	0.0	0.0	0.0	0.0	0.0	0.0	0.0
K08753	FABP4, aP2; fatty acid-binding protein 4, adipocyte	0.0	8.446666823204747e-16	7.461140191432429e-13	0.0	1.972377123161002e-12	0.0	3.156274131454539e-12	0.0	0.0	0.0	0.0	0.0	0.0	0.0	0.0
K08757	APOA1; apolipoprotein A-I	4.037410540739943e-09	2.1769225768395772e-08	8.951984386777701e-09	3.0372804169424345e-08	6.408210801414038e-08	6.469694210663884e-08	3.441021471016429e-08	2.8704554331778505e-08	2.9581717637076315e-08	3.0372804169424345e-08	1.3165647367367204e-08	1.0620234224423549e-08	3.0196551729574784e-08	2.861847755882871e-08	1.1440880926865978e-05
K08762	DBI, ACBP; diazepam-binding inhibitor (GABA receptor modulator, acyl-CoA-binding protein)	0.0	7.922428263110195e-05	0.2775785742728384	0.0	0.7337881553332449	0.0	1.175844100171079	0.0	0.0	0.0	0.0	0.0	0.0	0.0	0.0173203333825286
K08764	SCP2, SCPX; sterol carrier protein 2 [EC:2.3.1.176]	1.5821233443305271e-06	7.017182617205815e-06	1.6874102216715964e-06	3.306162891665636e-05	1.6544704955167727e-05	2.0067992259910867e-05	2.126798127993894e-05	4.576420461972637e-06	4.292302612503312e-06	6.113301191656745e-06	2.952732872574086e-06	3.058019749915155e-06	4.781152304970328e-06	2.1795323671006105e-05	0.0
K08765	CPT1A; carnitine O-palmitoyltransferase 1, liver isoform [EC:2.3.1.21]	0.0	3.485731227154536e-17	0.0	0.0	0.0	0.0	0.0	0.0	0.0	0.0	0.0	0.0	0.0	0.0	0.0
K08766	CPT2; carnitine O-palmitoyltransferase 2 [EC:2.3.1.21]	0.0006777021829403	0.0019035141766349	0.000128471990148	0.0024460718254078	0.0011802961501568	0.0035627742486045	0.0302826475783681	0.0026792287847186	0.0018365450448959	0.0013755311150234	0.0016456667596617	0.0034363936122168	0.0030941646614873	0.0096821951527004	0.0003621504147184
K08770	UBC; ubiquitin C	1.6118432424437094e-07	2.6506165504597582e-06	0.0067823534225399	3.368268557850257e-06	0.0179306070221195	2.044496582991596e-06	0.0286927200848308	4.6623876846549405e-07	4.372932733265829e-07	6.228138438197802e-07	3.008199420389597e-07	3.115464092495179e-07	4.870965377937437e-07	2.2204744846142246e-06	6.065895171329679e-08
K08776	NPEPPS; puromycin-sensitive aminopeptidase [EC:3.4.11.-]	18.661125583980912	52.50978967354664	3.5887315329332936	68.36289382654235	33.008759737623016	98.53724337988666	832.0374291426535	86.67747480483573	50.57106030445214	37.983428139446815	45.28210792324409	94.44113470183692	85.11052259705319	266.5779698027648	9.940966966749558
K08777	nprB; neutral peptidase B [EC:3.4.24.-]	0.0412882822742916	0.1785839319895248	0.0424484925375842	0.832246617678161	0.4162122494572833	0.5072061689077682	0.5662034426270539	0.1178520337386159	0.1102500134029217	0.1550291825572419	0.0758076644781579	0.0803742957331677	0.1232120617533808	0.5569149723893562	0.000443068708207
K08803	DAPK; death-associated protein kinase [EC:2.7.11.1]	33.86932324908775	3.7809613835934632	19.09930905633839	8.805833138953359	2.398005494869145	4.349923557025111	30.194136168225445	26.727927350918726	7.517520212984604	5.0307775557384975	6.354432904700712	147.4084014607896	42.89080119404733	0.0050017396823856	8.407429371421988e-05
K08809	SPEG; striated muscle-specific serine/threonine protein kinase [EC:2.7.11.1]	0.0384544213389984	0.1080098869616869	0.0072898039341974	0.1387958884706153	0.0669727892361283	0.2021602195482787	1.718308895194226	0.1520257646273667	0.1042099003696052	0.0780508819265043	0.0933790159639881	0.194989083962357	0.1755702055862282	0.5493906043993296	0.020549269260511
K08815	TTBK; tau tubulin kinase [EC:2.7.11.26]	5.79925754603228e-05	4.124675958199678e-05	8.422110808708838e-07	5.6708642682121375e-05	1.4629649633015798e-05	2.201182329932046e-05	3.293969889533955e-05	1.6434222490210133e-05	4.387740997898623e-05	2.0028485522473106e-05	1.4737520919306109e-06	1.5263023097899638e-06	2.3863429288631285e-06	19.787652091867333	0.0
K08816	VRK; vaccinia related kinase [EC:2.7.11.1]	22.724808545130504	0.1254621755890352	1.591171008268354	0.0494284189883349	0.2828981402373169	3.334473044359516	14.912316198105104	6.695264994337708	0.0942674191294457	0.0070567213112178	0.5543044927473751	1.8096383784480063	0.351977877090155	0.0002860406801439	0.0
K08823	CLK; CDC-like kinase [EC:2.7.12.1]	33.86932324908775	3.7809613835934632	19.09930905633839	8.805833138953359	2.398005494869145	4.349923557025111	30.194136168225445	26.727927350918726	7.517520212984604	5.0307775557384975	6.354432904700712	147.4084014607896	42.89080119404733	0.0050017396823856	0.0
K08827	PRPF4B; serine/threonine-protein kinase PRP4 [EC:2.7.11.1]	0.0011736480904003	0.1544545846572456	1.7125626434236714e-05	0.001147663983963	0.000296287657181	0.0004454731347317	0.0006669732410438	0.0003325941931316	0.0008879867470066	0.0004053345380935	2.9825651209461267e-05	3.08891573971275e-05	4.829457562920089e-05	0.0002201552764378	6.104152551902062e-05
K08832	SRPK3, STK23; serine/threonine-protein kinase SRPK3 [EC:2.7.11.1]	33.86932324908775	3.7809613835934632	19.09930905633839	8.805833138953359	2.398005494869145	4.349923557025111	30.194136168225445	26.727927350918726	7.517520212984604	5.0307775557384975	6.354432904700712	147.4084014607896	42.89080119404733	0.0050017396823856	0.0
K08838	STK24_25_MST4; serine/threonine-protein kinase 24/25/MST4 [EC:2.7.11.1]	30.98426073204458	73.8073741465189	55.34991303592888	46.20688898381383	10.694948875410264	9.46987967774546	9.471335137548078	35.87979671910633	8.927387615467028	10.89111345882285	1.516105331744244	1.0134059503613524	5.165150986540546	1.263343146042714	4.472700306435003
K08844	LRRK2; leucine-rich repeat kinase 2 [EC:2.7.11.1]	0.0111056472631154	0.0311932845107971	0.0021052973440104	0.040084290056963	0.0193417596100699	0.0583839259768065	0.4962480727735849	0.0439050818623238	0.0300958473572347	0.0225411157694825	0.0269678850171953	0.0563129000838166	0.0507047227668445	0.158664154853401	0.0059346345095196
K08850	AURKX; aurora kinase, other [EC:2.7.11.1]	0.0	0.0	0.0	0.0	0.0	0.0	0.0	0.0	0.0	0.0	0.0	0.0	0.0	0.0	6.098583436818278e-10
K08857	NEK1_4_5; NIMA (never in mitosis gene a)-related kinase 1/4/5 [EC:2.7.11.1]	89.77835858707762	219.56815492540463	403.40794218926777	98.83837876665577	26.686910566305777	24.80671521331804	25.719123555595104	85.78542300312552	26.378597123846028	24.895555151724	3.715696075750527	2.8106564551909448	11.067123791702016	9.660139583776882	8.334577313617046
K08866	TTK, MPS1; serine/threonine-protein kinase TTK/MPS1 [EC:2.7.12.1]	8.950792594090885	9.427538261453606	5.046361161442583	2.3453502411877247	0.8892705182269197	0.0302594500888308	0.9397111620225044	13.014754890613654	12.341639383735677	3.301335454012777	0.0020259533825379	0.2364150102069147	0.0032804835732531	0.3855530291469282	0.0
K08867	WNK, PRKWNK; WNK lysine deficient protein kinase [EC:2.7.11.1]	4.94942455717105e-07	2.195215442096354e-06	5.278798027404656e-07	1.0342811680679536e-05	5.175751264254744e-06	6.277956397031144e-06	6.653354127261575e-06	1.4316613113380266e-06	1.342779501564267e-06	1.912450325178173e-06	9.237161339319232e-07	9.56653480955284e-07	1.4957084550072468e-06	6.818324917291195e-06	4.70982085407377e-89
K08869	ADCK, ABC1; aarF domain-containing kinase	1.3882494125070931e-10	3.8992827586109997e-10	2.6317041517092147e-11	5.010693280991497e-10	2.4177957195452177e-10	7.298219456902488e-10	6.203295307007768e-09	5.488307224008253e-10	3.7620988153788786e-10	2.8177277724432464e-10	3.3710912695760514e-10	7.039333107361419e-10	6.338288973591882e-10	1.983364089842132e-09	7.418525616825024e-11
K08874	TRRAP; transformation/transcription domain-associated protein	0.0	0.0	0.0	0.0	0.0	0.0	0.0	0.0	0.0	0.0	0.0	0.8972637371219688	0.0	2.139748530814262	3.036135474835212e-09
K08884	K08884; serine/threonine protein kinase, bacterial [EC:2.7.11.1]	67022.61505864808	82073.1732413045	98191.87201883736	46716.60992419558	170084.26595468406	93329.49467735316	30686.25696896633	86535.06471858379	26647.40964515504	16750.100757137385	10812.76154834723	8710.112119126828	9182.702210573556	74747.31525889467	1852.9035346257408
K08899	LMTK3; lemur tyrosine kinase 3 [EC:2.7.10.1]	0.001277815593281	0.0035890988079488	0.0002422354781251	0.0046120977613355	0.0022254625458285	0.0067176535723325	0.0570982951738215	0.0050517180042521	0.0034628277069273	0.0025935804134406	0.0031029244110094	0.0064793613668031	0.0058340845760202	0.0182558950741924	0.0006828389500424
K08900	BCS1; mitochondrial chaperone BCS1	33.86932324908775	3.7809613835934632	19.09930905633839	8.805833138953359	2.398005494869145	4.349923557025111	30.194136168225445	33.1397071169499	7.517520212984604	5.0307775557384975	6.354432904700712	147.4084014607896	42.89080119404733	0.0050017396823856	0.0
K08902	psb27; photosystem II Psb27 protein	2.333250338046321	6.553579445235905	0.4423142229553834	8.421542761978369	4.063623315185086	12.266220220616848	110.13073242220672	9.224275242150624	6.323012459910973	4.735794748655888	5.665840571197171	11.83110628709722	10.652851538802988	33.33467957127225	1.2468420477846842
K08903	psb28; photosystem II 13kDa protein	3.242964227111888	9.108762722062396	0.6147686678953452	11.705028589884089	5.647994485939909	17.048712145754852	150.78066065497944	12.820739439547635	8.78829968679809	6.582239679302891	7.874902229435285	16.443951097138182	14.80630513312116	46.33157943197401	1.7329748513870733
K08904	psb28-2; photosystem II Psb28-2 protein	1.6528044705173175	4.64235887094995	0.3133221125711627	5.965567988433437	2.8785487233487714	8.68902204208444	79.7254852188773	6.53419957083323	4.479032142615329	3.354694781094464	4.013511311929858	8.380800398320403	7.546160118349595	23.613285947188096	0.8832254632107033
K08905	psaG; photosystem I subunit V	1.6118432424437094e-07	7.148999111268863e-07	1.719107914549292e-07	3.368268557850257e-06	1.6855494216537428e-06	2.044496582991596e-06	2.16674964245564e-06	4.6623876846549405e-07	4.372932733265829e-07	6.228138438197802e-07	3.008199420389597e-07	3.115464092495179e-07	4.870965377937437e-07	2.2204744846142246e-06	0.0
K08906	petJ; cytochrome c6	4.63850846282215	13.028535010931408	0.8793219625644892	16.742051521211337	8.078494977521444	24.385281498689263	213.13957779270945	31.16011495184169	12.570167173053974	9.4147737435763	11.263707545631314	23.52027373247908	21.177899863629907	66.26944000628761	2.497000228913792
K08907	LHCA1; light-harvesting complex I chlorophyll a/b binding protein 1	1.6118432424437094e-07	7.148999111268863e-07	1.719107914549292e-07	3.368268557850257e-06	1.6855494216537428e-06	2.044496582991596e-06	2.16674964245564e-06	4.6623876846549405e-07	4.372932733265829e-07	6.228138438197802e-07	3.008199420389597e-07	3.115464092495179e-07	4.870965377937437e-07	2.2204744846142246e-06	0.0
K08908	LHCA2; light-harvesting complex I chlorophyll a/b binding protein 2	1.6118432424437094e-07	7.148999111268863e-07	1.719107914549292e-07	3.368268557850257e-06	1.6855494216537428e-06	2.044496582991596e-06	2.16674964245564e-06	4.6623876846549405e-07	4.372932733265829e-07	6.228138438197802e-07	3.008199420389597e-07	3.115464092495179e-07	4.870965377937437e-07	2.2204744846142246e-06	0.0
K08909	LHCA3; light-harvesting complex I chlorophyll a/b binding protein 3	1.6118432424437094e-07	7.148999111268863e-07	1.719107914549292e-07	3.368268557850257e-06	1.6855494216537428e-06	2.044496582991596e-06	2.16674964245564e-06	4.6623876846549405e-07	4.372932733265829e-07	6.228138438197802e-07	3.008199420389597e-07	3.115464092495179e-07	4.870965377937437e-07	2.2204744846142246e-06	0.0
K08910	LHCA4; light-harvesting complex I chlorophyll a/b binding protein 4	1.6118432424437094e-07	7.148999111268863e-07	1.719107914549292e-07	3.368268557850257e-06	1.6855494216537428e-06	2.044496582991596e-06	2.16674964245564e-06	4.6623876846549405e-07	4.372932733265829e-07	6.228138438197802e-07	3.008199420389597e-07	3.115464092495179e-07	4.870965377937437e-07	2.2204744846142246e-06	0.0
K08912	LHCB1; light-harvesting complex II chlorophyll a/b binding protein 1	8.059216212218537e-07	3.574499555634427e-06	8.595539572746449e-07	1.6841342789251266e-05	8.427747108268703e-06	1.0222482914957968e-05	1.0833748212278184e-05	2.3311938423274643e-06	2.1864663666329093e-06	3.114069219098896e-06	1.5040997101947963e-06	1.5577320462475876e-06	2.4354826889687157e-06	1.1102372423071111e-05	0.0
K08913	LHCB2; light-harvesting complex II chlorophyll a/b binding protein 2	3.223686484887411e-07	1.429799822253894e-06	3.438215829098576e-07	6.7365371157005e-06	3.371098843307478e-06	4.088993165983183e-06	4.333499284911269e-06	9.32477536930985e-07	8.745865466531631e-07	1.2456276876395572e-06	6.01639884077918e-07	6.230928184990344e-07	9.741930755874852e-07	4.440948969228439e-06	0.0
K08914	LHCB3; light-harvesting complex II chlorophyll a/b binding protein 3	1.6118432424437094e-07	7.148999111268863e-07	1.719107914549292e-07	3.368268557850257e-06	1.6855494216537428e-06	2.044496582991596e-06	2.16674964245564e-06	4.6623876846549405e-07	4.372932733265829e-07	6.228138438197802e-07	3.008199420389597e-07	3.115464092495179e-07	4.870965377937437e-07	2.2204744846142246e-06	0.0
K08916	LHCB5; light-harvesting complex II chlorophyll a/b binding protein 5	1.6118432424437094e-07	7.148999111268863e-07	1.719107914549292e-07	3.368268557850257e-06	1.6855494216537428e-06	2.044496582991596e-06	2.16674964245564e-06	4.6623876846549405e-07	4.372932733265829e-07	6.228138438197802e-07	3.008199420389597e-07	3.115464092495179e-07	4.870965377937437e-07	2.2204744846142246e-06	0.0
K08918	pcbA; chlorophyll a/b binding light-harvesting protein PcbA	1.2168509492784843e-06	3.417862729545206e-06	2.3067841170155118e-07	4.392054353191855e-06	2.1192856197048917e-06	6.397153994206438e-06	5.437413273854786e-05	4.810700292972239e-06	3.297616028884769e-06	2.469840565978554e-06	2.9548837366909897e-06	6.170230721373667e-06	5.555740117611775e-06	1.738490543374838e-05	6.502606705791902e-07
K08919	pcbB; chlorophyll a/b binding light-harvesting protein PcbB	8.725614487792458e-09	2.4508303640547475e-08	1.6541145752957522e-09	3.1493892590630114e-08	1.519665930986198e-08	4.587176400329418e-08	3.898979744938693e-07	3.4495856865358314e-08	2.364605641625588e-08	1.7710366777310153e-08	2.118844247761076e-08	4.424457622140436e-08	3.983827804825809e-08	1.2466110398447864e-07	4.662792868273386e-09
K08920	pcbC; chlorophyll a/b binding light-harvesting protein PcbC	5.959815332199904e-07	1.6739791106689074e-06	1.129802081086101e-07	2.151112499811814e-06	1.0379702573365396e-06	3.133157473371872e-06	2.6631017559087007e-05	2.356154250582171e-06	1.615085444960099e-06	1.2096628335570743e-06	1.4472241985956497e-06	3.022016433340333e-06	2.721055126290823e-06	8.514668621850005e-06	3.184805433025576e-07
K08921	pcbD; chlorophyll a/b binding light-harvesting protein PcbD	0.002945462610254	0.0082731470792094	0.0005583712919506	0.0106312378580181	0.0051298612677203	0.0154847049370731	0.131615934590292	0.0116445961195893	0.0079820825400291	0.0059784010890505	0.0071524779343201	0.0149354231898508	0.0134480108664222	0.042081233505443	0.001573995971524
K08922	pcbE; chlorophyll a/b binding light-harvesting protein PcbE	7.490969342573925e-09	2.104046098606424e-08	1.4200629182025702e-09	2.7037612560672865e-08	1.3046383055196984e-08	3.9381063456242416e-08	3.3472872056764135e-07	2.9614808972564778e-08	2.03002188481696e-08	1.5204409358238165e-08	1.8190349027994844e-08	3.7984117280611936e-08	3.420129550050038e-08	1.070219764425331e-07	4.0030233373105534e-09
K08923	pcbF; chlorophyll a/b binding light-harvesting protein PcbF	1.498193868514786e-08	4.20809219721285e-08	2.840125836405148e-09	5.407522512134584e-08	2.609276611039404e-08	7.876212691248491e-08	6.694574411352828e-07	5.922961794512956e-08	4.060043769633921e-08	3.0408818716476344e-08	3.63806980559897e-08	7.596823456122387e-08	6.84025910010008e-08	2.140439528850663e-07	8.006046674621105e-09
K08924	pcbG; chlorophyll a/b binding light-harvesting protein PcbG	5.884908307688926e-07	1.652939399321433e-06	1.1156019578501985e-07	2.1240758505588283e-06	1.0249243391034888e-06	3.0937778130010908e-06	2.629630076437812e-05	2.326540496738751e-06	1.5947859493768531e-06	1.1944589659080696e-06	1.42903449766123e-06	2.984033669374181e-06	2.686855049328782e-06	8.407650458432457e-06	3.144776625866833e-07
K08925	pcbH; chlorophyll a/b binding light-harvesting protein PcbH	7.490969342573925e-09	2.104046098606424e-08	1.4200629182025702e-09	2.7037612560672865e-08	1.3046383055196984e-08	3.9381063456242416e-08	3.3472872056764135e-07	2.9614808972564778e-08	2.03002188481696e-08	1.5204409358238165e-08	1.8190349027994844e-08	3.7984117280611936e-08	3.420129550050038e-08	1.070219764425331e-07	4.0030233373105534e-09
K08926	pufA; light-harvesting complex 1 alpha chain	12.555720559919196	0.0	66.11425063227206	6.0	20.45	0.0	0.0	0.0	0.0	0.0	0.0	0.5683391136716035	0.0	1.3553459625860078	0.3287434903348708
K08927	pufB; light-harvesting complex 1 beta chain	14.21255037713707	0.0	74.83856567797653	6.0	20.45	0.0	0.0	0.0	0.0	0.0	0.0	0.5683391136716035	0.0	1.3553459625860078	0.3287434903348708
K08928	pufL; photosynthetic reaction center L subunit	7.34	0.0	38.65	6.0	20.45	0.0	0.0	0.0	0.0	0.0	0.0	0.5683391136716035	0.0	1.3553459625860078	0.3287434903348708
K08929	pufM; photosynthetic reaction center M subunit	7.34	0.0	38.65	6.0	20.45	0.0	0.0	0.0	0.0	0.0	0.0	0.5683391136716035	0.0	1.3553459625860078	0.3287434903348708
K08939	pucB; light-harvesting protein B-800-850 beta chain	1.043144111983832	0.0	5.492850126454375	0.0	0.0	0.0	0.0	0.0	0.0	0.0	0.0	0.0	0.0	0.0	0.0
K08940	pscA; photosystem P840 reaction center large subunit	0.0	0.0	0.0	0.0	0.0	0.0	0.0	0.0	0.0	0.0	0.0	0.0	0.0	0.0	0.3771577728563743
K08941	pscB; photosystem P840 reaction center iron-sulfur protein	0.0	0.0	0.0	0.0	0.0	0.0	0.0	0.0	0.0	0.0	0.0	0.0	0.0	0.0	0.3771577728563743
K08942	pscC; photosystem P840 reaction center cytochrome c551	0.0	0.0	0.0	0.0	0.0	0.0	0.0	0.0	0.0	0.0	0.0	0.0	0.0	0.0	0.3771577728563743
K08943	pscD; photosystem P840 reaction center protein PscD	0.0	0.0	0.0	0.0	0.0	0.0	0.0	0.0	0.0	0.0	0.0	0.0	0.0	0.0	0.3360591975990905
K08944	fmoA; bacteriochlorophyll A protein	0.0	0.0	0.0	0.0	0.0	0.0	0.0	0.0	0.0	0.0	0.0	0.0	0.0	0.0	0.3771577728563743
K08945	csmA; chlorosome envelope protein A	0.0	0.0	0.0	0.0	0.0	0.0	0.0	0.0	0.0	0.0	0.0	0.0	0.0	0.0	0.3360591975990905
K08946	csmB; chlorosome envelope protein B	0.0	0.0	0.0	0.0	0.0	0.0	0.0	0.0	0.0	0.0	0.0	0.0	0.0	0.0	0.6516069862567
K08947	csmC; chlorosome envelope protein C	0.0	0.0	0.0	0.0	0.0	0.0	0.0	0.0	0.0	0.0	0.0	0.0	0.0	0.0	0.3360591975990905
K08948	csmD; chlorosome envelope protein D	0.0	0.0	0.0	0.0	0.0	0.0	0.0	0.0	0.0	0.0	0.0	0.0	0.0	0.0	0.0608991501239414
K08949	csmE; chlorosome envelope protein E	0.0	0.0	0.0	0.0	0.0	0.0	0.0	0.0	0.0	0.0	0.0	0.0	0.0	0.0	0.3551852137038153
K08950	csmF; chlorosome envelope protein F	0.0	0.0	0.0	0.0	0.0	0.0	0.0	0.0	0.0	0.0	0.0	0.0	0.0	0.0	0.2873048619501437
K08951	csmH; chlorosome envelope protein H	0.0	0.0	0.0	0.0	0.0	0.0	0.0	0.0	0.0	0.0	0.0	0.0	0.0	0.0	0.3360591975990905
K08952	csmI; chlorosome envelope protein I	0.0002904264918305	0.0012881269575805	0.0003097537450005	0.0060690419207056	0.0030370708047005	0.0036838319913643	0.0039041110249623	0.0008400822506508	0.0007879274356779	0.0011222036669636	0.0005420259125608	0.0005613531657307	0.0008776643716282	0.00400091397094	0.3339338898315777
K08953	csmJ; chlorosome envelope protein J	0.0	0.0	0.0	0.0	0.0	0.0	0.0	0.0	0.0	0.0	0.0	0.0	0.0	0.0	0.2462062866928599
K08954	csmX; chlorosome envelope protein X	0.0	1.2216735008712696e-17	4.2803844646694974e-14	0.0	1.1315338111649965e-13	0.0	1.8107241536661818e-13	0.0	0.0	0.0	0.0	0.0	0.0	0.0	0.3360591975990905
K08955	YME1; ATP-dependent metalloprotease [EC:3.4.24.-]	4.650702263547906	13.062784675655564	0.8816335411400658	16.786063349933055	8.09973188130408	24.449385998146305	207.8133746417828	18.386093017425356	12.603211871544056	9.439523482814115	11.293317797794366	23.58210428279666	21.233572736234738	66.44365039139757	2.4852417416873926
K08956	AFG3; AFG3 family protein [EC:3.4.24.-]	0.0	0.0	0.0	0.0	0.0	0.0	0.0	0.0	0.0	0.0	0.0	0.0	0.0	0.0	9.200294650242834e-06
K08961	K08961; chondroitin-sulfate-ABC endolyase/exolyase [EC:4.2.2.20 4.2.2.21]	2028.050722340425	284.92464122709487	11185.20310116986	248.97847828498345	94.31063954912196	0.0025351044872738	9.001541717492469	1849.4863280565623	1277.676550176203	107.74271974306812	0.0003730062408852	475.728924891036	0.0006039827256104	16.05486290652662	0.0055359596637387
K08963	mtnA; methylthioribose-1-phosphate isomerase [EC:5.3.1.23]	27696.4179028468	17425.462649903457	14977.381806794874	15605.95810326742	8424.422364743934	9348.098092631048	11936.426457270092	28670.12848407133	9777.560090535231	5503.706837157835	1060.8243987274318	2115.716149855595	4108.505514929838	2078.111424434293	594.5854129701034
K08964	mtnB; methylthioribulose-1-phosphate dehydratase [EC:4.2.1.109]	17.915534759872468	14.679805520385846	73.20361123513521	37.200974928157976	12.968812833916267	33.645591044819135	256.82908008320254	50.68920989047983	18.21105992478926	12.885448535874271	12.561184882205133	20.87375442420963	19.51243211309733	63.47616115077909	2.0926223313017505
K08965	mtnW; 2,3-diketo-5-methylthiopentyl-1-phosphate enolase [EC:5.3.2.5]	743.034359162177	1254.9289953460343	516.3550747415634	1126.5558087184313	793.5362970181352	747.5932985454707	1645.90531989104	958.0579837267852	1373.4410442639069	1304.071209554811	131.28622913263672	233.27469520311956	353.32823309815603	251.1843769424708	57.806374581283016
K08966	mtnX; 2-hydroxy-3-keto-5-methylthiopentenyl-1-phosphate phosphatase [EC:3.1.3.87]	262.1249819289118	1255.9996760535544	555.4207487901693	1264.3729168379382	380.70966115289855	471.2156925384597	2193.239985656668	624.5418600114222	1285.1570984203977	871.1820246963775	138.3850270468713	252.7080020618194	112.0011956276004	185.1531185371093	35.736062492935766
K08967	mtnD, mtnZ, ADI1; 1,2-dihydroxy-3-keto-5-methylthiopentene dioxygenase [EC:1.13.11.53 1.13.11.54]	18.647206116253532	21.419391592681368	78.5324037950852	60.19992154331192	52.09892862137024	138.3569679106516	409.0933369366527	59.0425318948615	26.753857112547067	34.007356432294465	14.33829267074475	174.55597050828266	26.13406655828472	144.68975524723982	2.4839812297223443
K08968	msrC; L-methionine (R)-S-oxide reductase [EC:1.8.4.14]	8.855688695363065e-07	2.078993992315191e-07	6.028632579014419e-06	1.0606397922039537e-07	2.722134990968595e-08	0.0	1.7364235536721737e-08	1.4656243362027396e-06	1.0413755621576603e-06	2.078993992315191e-07	0.0	5.490698419201153e-08	0.0	1.3607103536591902e-08	0.0222611880493171
K08969	mtnE, mtnV; aminotransferase [EC:2.6.1.-]	75.94255827220309	453.4035932085091	451.1587580549892	459.6277319407365	2532.464297418058	1436.8878088341637	129.37024272727757	1176.385435551118	234.35298124033724	952.0782597851075	259.1100760748729	76.71322630938452	24.421483038927622	961.0579868709935	6.242984080563245
K08970	rcnA; nickel/cobalt exporter	10.700832721785876	55.56491465853681	22.15571760995769	96.50896099981054	179.19524273714296	163.15339998050806	117.22841058953313	80.9867387808457	77.30942435970019	75.98435671172841	34.02785703087983	29.77777948510874	83.29188237056229	105.808559391164	15.820258427528453
K08971	K08971; putative membrane protein	5.875676993685371e-05	0.000165034652925	1.1138519778271552e-05	0.0002120743936089	0.0001023316599796	0.000308892478336	0.0026255051284047	0.0002322890987732	0.0001592284301246	0.0001192585287474	0.0001426792854209	0.0002979352789	0.0002682640335803	0.0008394461865279	3.139843597349381e-05
K08972	K08972; putative membrane protein	2325.283357603449	7078.602801247581	16975.422371943692	1739.4438079431734	5958.425589079215	4802.826287965398	2892.2662126949845	11453.644190481917	1193.236260792989	1801.8225890198305	602.1316135558033	1202.1245082344535	1080.169441081286	2213.3592389312184	100.63782913991308
K08973	K08973; putative membrane protein	20.342189794994397	45.50862709550234	93.04591719982491	116.16216307011194	382.29913653987313	378.9483541186686	744.9319917194083	119.8077236370751	201.5538759526005	168.62556883956034	41.72104207010263	953.2322939622392	119.91736157239036	719.6974985376562	60.03050231096112
K08974	K08974; putative membrane protein	25937.561537171325	13278.028149257454	12273.01636383914	17004.755677764868	102292.63057098178	51070.73295544457	7945.848187111773	27251.444681442663	6487.765733757389	3811.7672327128375	6107.523240537414	2078.640764879656	2282.0648885313217	47129.021342284905	447.99006263633686
K08976	K08976; putative membrane protein	3.5576720456156585	14.02888671677124	10.037751191983432	64.85596082845143	39.42240692307051	46.41844687170099	115.14585615033182	26.908438017016	4.46463400593106	10.779220100071534	59.62844986007196	7.104719092142867	31.30778044942361	47.1656449135981	2.865345656135263
K08977	cruF; bisanhydrobacterioruberin hydratase [EC:4.2.1.161]	4.598118771868085	11.73068177413775	6.247461483060878	16.368168015677544	58.93154252425626	21.095513327033736	429.58769105300667	132.82408219865124	163.24493197487897	67.17905814978995	24.157857265993755	633.8836669284966	61.1469859888311	331.83316128195725	4.217463812945171
K08978	TC.BAT1; bacterial/archaeal transporter family protein	33830.26585710178	27414.771814946154	47928.98673111783	21921.599742387167	79165.71348912823	42679.76609351452	11668.221477139978	40694.332797995296	14806.10722287617	6963.448733513705	4683.4075518733325	3607.675912785564	3514.304367028006	34180.83878733494	843.7237216788701
K08980	K08980; putative membrane protein	0.051902929185805	0.1802636245880089	0.0284299332035165	0.5538099840836153	0.2751547178658362	0.4303044491109056	1.6569677364907474	0.1827052221169746	0.140719297658533	0.1442315939634599	0.1141226049403719	0.1966649520560659	0.2042476944044551	0.7306984091095472	0.0164077800256184
K08981	K08981; putative membrane protein	161.51315950701766	1025.9923452210598	1166.8223672633485	2065.330574364983	1998.048339070776	1440.0504414494494	546.0008994694922	2099.206515065047	171.93602336238638	333.2092091260924	212.03205832047524	136.7843381006074	182.69224041736405	548.2136201509453	45.33852312382186
K08982	K08982; putative membrane protein	1797.7547197592323	2676.228526158001	1620.9887647964197	2233.180121443977	1213.2128554842825	1308.8304012100596	1714.6346802045784	4259.581343081469	1571.1347302349432	1041.411359774124	187.9758800628485	297.9103668116021	1678.2510472606336	447.15437547148906	58.48714148837821
K08983	K08983; putative membrane protein	4.669219958130732	20.20968950027861	14.542874991684648	49.905456414028144	239.96355631211748	99.6481820178528	457.0687648669296	63.64569514495699	178.33956954123315	88.95828088276501	31.95506934125501	794.3951246475395	53.72543762043981	395.33677002739233	0.4181416149607498
K08984	yjdF; putative membrane protein	266.61245109084405	490.6709703413509	2834.8389649272294	1850.734740885115	386.903518218049	540.279961434671	243.02966955821276	1066.8767783818057	1585.0269734925248	1051.660531733096	44.70195931408054	44.5568443681332	299.23545027703346	459.7398418444905	21.882269406073373
K08985	K08985; putative lipoprotein	0.0069581248480664	0.0195543496363528	5.191324729063834	10.405226302853102	27.88217479753205	83.91662790828623	93.88071668228628	5.487501393138892	6.578856251877616	19.144134770666184	0.0168928024478553	103.04527021384597	3.3117585096046094	35.88942577444955	0.0037148391077339
K08986	ycgQ; putative membrane protein	3205.2200379752594	2170.865145733681	949.8111319238616	1989.6787272224296	1554.8067052627882	1705.6799770736948	600.5452128765909	4843.980286218073	1524.9833831365063	1447.0653306370305	168.59523279150432	334.75932693621934	1101.1596448101063	582.5815849686039	106.78781252219582
K08987	K08987; putative membrane protein	1628.262284119683	7061.758426003881	22037.804017708	616.8885494356855	3950.787008274637	2960.4612614698926	2772.2926955499734	10134.043131841656	1581.7136774050664	2029.721620440168	515.9827812413466	959.5591807084596	92.15096925035596	1807.918313437188	9.100260722755657
K08988	K08988; putative membrane protein	0.036561611952816	0.087237081460947	5.369615639602759	16.617986521920812	48.79596905175215	93.81336284190208	105.23165407564248	5.6139586628325615	6.622873874966653	19.348109505863743	0.0230862384297652	114.68085562061434	3.537241856156991	63.32732307616708	0.6249594654374927
K08989	K08989; putative membrane protein	481.8920040612766	900.1045809592706	7624.261828012228	597.948410368392	304.7655185259602	352.0631624579063	459.6157718936752	249.9374755417154	219.91716107946436	179.12916238042664	51.96125953611918	249.37647615156047	136.50430797874645	434.15002045156245	61.4039142758996
K08990	ycjF; putative membrane protein	12.285656374731111	24.206837826478417	23.560311849565817	19.503352385279683	48.051213097133775	32.601236496871785	64.11108023606297	26.83684606829493	15.962489157474044	13.261935103224015	7.778869359388329	23.191685360454983	24.39724006343275	53.3471153045202	2.776005884909104
K08992	lapA; lipopolysaccharide assembly protein A	8.541673142863303	24.204773770242728	3.846045547213231	13.497722939167392	27.589948910665655	28.37914749530324	110.10725626969844	26.83320259275888	15.961001459886138	13.256773448240168	5.978323236437449	6.788588549561312	16.391152087530834	148.33670743754476	3.065853333154992
K08993	yhhL; putative membrane protein	10.032169930349257	57.27743542237016	22.893674319634385	76.58924625722749	161.6779731704895	173.46391470956743	136.95023246879074	71.67030233671944	76.66768028398506	77.79251457456581	32.504423613503285	43.99292044544596	75.1287103806246	77.9569837691734	15.527678071697665
K08994	yneE, BEST; ion channel-forming bestrophin family protein	30.305691214058367	119.7573285521846	66.06861897100576	240.58194199108377	682.8277763797746	489.6323758140104	1494.7786034053795	230.69538901701625	322.08566677242777	242.10278407289783	108.02619844360107	1053.1481842561875	193.63789083211168	1134.0081846533326	75.37798543906706
K08995	K08995; putative membrane protein	12.59235670922755	42.62643440412108	52.08221297224648	126.14261166004776	413.9139153714441	338.5496445614567	610.8873339488539	62.57714849456107	55.77927981063996	73.26101423810921	35.61038585077329	380.1992442891666	42.238315167855134	394.7412022352837	82.35505629908367
K08996	yagU; putative membrane protein	115.79067169633969	639.5635387505708	1615.2611216775576	89.18583328706617	968.0266158491936	1661.6691608012582	474.5636038914738	2019.041912801309	316.0428511070512	569.0293416009662	104.15371217203088	36.16966663973084	103.99555272865292	116.357144879374	15.436765557896384
K08997	ydiU; uncharacterized protein	10.002989328218504	53.54784017390048	21.875278771442524	74.66833296527378	156.65086066190693	158.67833042278244	144.79918380176258	78.64397202919142	75.53837163207932	74.42738613498051	32.49384384754066	26.677665040514523	74.3767937355548	205.97411716056527	15.504693096060036
K08998	K08998; uncharacterized protein	33338.46779822019	41100.60432047853	85421.28274312954	26130.89829687553	78028.07813473136	42106.66855644611	16792.820835032864	51185.91019854019	20441.81563924782	9398.291916861335	5474.684293327171	4539.330994787872	5086.741888195733	37589.52489983929	798.5888975164785
K08999	K08999; uncharacterized protein	15657.24001278543	10127.662003347948	64172.77289935251	13551.453575417929	2338.846323707554	1900.977456128716	1703.0523353151414	23826.807752657784	16098.410393741604	3603.0758774280034	139.52221413729012	1123.3862254481696	340.6410911508514	1076.5203798928278	534.8779724595378
K09000	cmr4; CRISPR-associated protein Cmr4	5040.399224751114	6834.810215490047	9945.214025433832	6347.094358502316	1937.994370137108	2146.930527806376	4899.513874720731	8262.040772044995	6106.941224190523	3155.8390089792188	342.2848810472021	848.9336985018786	409.9639929236901	651.8822073424335	309.04469425415
K09001	anmK; anhydro-N-acetylmuramic acid kinase [EC:2.7.1.170]	1487.5068169701403	2932.9955103445345	9419.96435236129	4421.5004301434765	13238.779626773558	6094.496359515943	5669.460890303869	2364.5609130320945	3178.68431985928	2528.741248749235	1189.674180102389	1912.816858255394	776.1064496296581	7838.392245987571	155.59213325346332
K09002	csm3; CRISPR-associated protein Csm3	685.684566059203	1366.4675313222788	863.3555883187202	984.537194740495	533.7018407899053	630.3603954682021	1162.2473934533823	1022.025958433981	246.81368054147788	332.7056583247751	95.88854208059844	203.37316008979303	254.84309698924085	295.77733075141106	51.02687762872653
K09003	K09003; uncharacterized protein	47.829708233560496	84.8739430194965	2082.105085193853	179.520676953852	184.87435783591127	268.80200133732654	77.18172485525314	448.3602886588167	204.81876331549648	94.20482846166291	10.87689302697506	53.07642072443611	80.79331478601009	121.40481630794964	8.050755555600112
K09004	K09004; uncharacterized protein	6312.5369034979	3313.095329530899	2101.110428946002	4325.883506171739	15762.577380494791	13683.848242087912	3879.078022863666	12957.091100089265	2563.155858127031	2024.68775696836	307.4499083536847	901.8741627123002	371.076656705269	925.8448951479828	182.2873502753182
K09005	K09005; uncharacterized protein	1338.2575978883945	1704.9792354380038	4270.135373027083	1653.0319397393685	809.6225131400563	700.8312753925806	2216.730127185081	3516.4494666436703	1379.4579081130207	623.0033215420108	172.6850462781001	1160.5438061332493	948.5370811906396	1068.5309356822922	40.47918590287992
K09007	folE2; GTP cyclohydrolase IB [EC:3.5.4.16]	394.3740168589084	735.8170404598909	4455.247280701743	3327.37411653999	592.2863704809066	878.7528311325661	785.2622133715613	1354.7495710358762	2454.1822223031827	439.7168430283744	100.85434208680748	349.53010103965903	229.020518500248	681.2024035091542	26.512407433647805
K09009	K09009; uncharacterized protein	2.3903996639573535e-18	1.9657583220763024	518.577907941462	1251.96	933.7799269872085	380.48	51.9836421119887	6.914425460965552e-18	6.4851572788547936e-18	106.51	60.97	93.78	38.18	5.36	0.0
K09010	K09010; uncharacterized protein	16.381627602865855	39.08704527301448	80.47775692768198	106.63114584880144	213.2698200191116	418.1982598066168	72.42998123491377	68.98200998394293	28.170979085443022	97.72514150404488	10.343913752912538	58.63056790952172	115.25860229773724	7.761699475438739	14.085489542721511
K09011	cimA; (R)-citramalate synthase [EC:2.3.1.182]	11046.085582985736	7155.180080782915	38646.07777134521	7090.5721735246025	971.4820138009824	847.9851828795342	452.7927676216891	16999.10102291788	8445.75502173802	2224.417967386731	35.457174440568146	775.2007506758998	845.445993807215	186.6677139504564	347.31417410937377
K09012	sufR; DeoR family transcriptional regulator, suf operon transcriptional repressor	2.468268222566813	6.93281454845407	0.467909560799314	8.908871048009289	4.2987724608030575	12.976027941736437	116.1639120645846	9.758055140998836	6.68890537427726	5.0098403485044525	5.993705007978506	12.5157353285564	11.269298670697282	35.26365300523743	2.652398980892909
K09013	sufC; Fe-S cluster assembly ATP-binding protein	48583.35372783688	42111.38922032507	107328.31311786384	26671.130325086368	29240.46298978317	25963.26505823234	12110.055890687585	73460.10550833239	26019.2809831259	10300.810493691202	1391.8968470388063	4347.739577294661	4690.815477333383	5860.561874268693	1243.3326973229869
K09014	sufB; Fe-S cluster assembly protein SufB	22044.34191760757	25354.366822773685	90746.6426614462	16724.511492900092	8105.159030859677	6054.638823056561	5551.963040531765	41958.132021526406	19448.470376639416	6871.94436283507	846.5382149276058	2097.8439112883298	1632.2539971102854	3913.056846102056	705.4503211872144
K09015	sufD; Fe-S cluster assembly protein SufD	18340.40140886133	16407.193260559812	88156.31449369511	14924.078243590106	6372.984976126583	4632.625004218773	3478.384138070377	35698.08233650599	17938.709466900335	5336.507413897274	594.6408272326253	1558.0259893211885	568.4539893844835	2470.414464012581	555.3040887007463
K09016	rutG; putative pyrimidine permease RutG	9.850258116375834	53.11114482397074	21.840275295729345	74.10539383111448	156.34269920558734	157.84327401012615	83.95346976670572	70.03074663092548	72.1707002791463	74.10099736506983	32.12048172796408	25.910498903675045	73.67078003248707	69.82355579678263	15.420000003086155
K09017	rutR; TetR/AcrR family transcriptional regulator	151.65230411170114	801.4655904094698	691.4483790129125	1939.54920777887	1585.0251804967284	1629.1994500869737	3636.47704579082	898.9970824706621	1343.833558975447	656.1785685204135	194.73445853517316	3576.5219445953016	707.7015459750345	1990.1365779367293	69.03846107080177
K09018	rutA; pyrimidine oxygenase [EC:1.14.99.46]	9.922330308315738	53.517258961386325	21.91371725638013	81.65135816212965	177.53024608603147	171.94749530753114	121.0549243289915	84.50769852725576	72.35247697694801	74.36857523761513	34.05083311426946	43.77043091312778	79.83859350594861	209.7890226172808	15.641532558539332
K09019	rutE; 3-hydroxypropanoate dehydrogenase [EC:1.1.1.-]	13.593634269994476	54.08520729024386	44.89046680843352	74.11078763256825	216.292891905866	171.0465479570722	369.6424564627373	132.55089046216418	224.5034224828747	144.03295550685738	48.92096344307117	669.3288696934007	117.67156003548553	386.7866542825205	15.4200010574921
K09020	rutB; ureidoacrylate peracid hydrolase [EC:3.5.1.110]	557.8757445265878	755.8894632016846	364.242580166438	667.2773105157853	339.3670468167726	352.40085585969337	248.91792182849545	1786.7734030632444	277.2867557191199	217.88328599985755	64.9731083941793	79.23607214757041	793.5801562945215	237.13181056057192	31.56862647111678
K09021	rutC; aminoacrylate peracid reductase	9.850258114404456	53.11114481334131	21.84027529135829	80.10539381628412	176.79269917429744	171.04327397853606	120.0713961075567	84.31179600413465	72.1707002647022	74.10099735023947	33.92048172153558	43.19590418312495	79.63408052887726	207.73336541718413	15.42
K09022	ridA, tdcF, RIDA; 2-iminobutanoate/2-iminopropanoate deaminase [EC:3.5.99.10]	54239.78016071564	46348.09089529198	92533.06845504578	38026.643771487645	91046.94728197464	53670.47894992567	17077.02416808621	70613.20963060437	27298.76604712913	11943.37696863862	5707.241087143594	6802.348901226085	7091.491987811929	38598.67725812236	1492.511456736975
K09023	rutD; aminoacrylate hydrolase [EC:3.5.1.-]	9.850778598731385	53.113950123537805	21.84144007775973	80.1093246955531	176.80098600505067	171.05161057411397	120.0758887771678	84.31549162028962	72.17450850500946	74.10490867045093	33.92217737458359	43.197272493634735	81.67466769956059	216.13844785022596	15.420813011318918
K09024	rutF; flavin reductase [EC:1.5.1.-]	9.850258114404456	53.140754679378446	24.206560088879957	77.74505829497207	167.61737803927434	197.45456678468216	193.2112959622769	94.2240168110226	74.6343862738791	81.7974478708044	33.92048172153558	79.59636597893433	80.78291804509813	353.8404285499474	15.42125314206216
K09065	argF; N-acetylornithine carbamoyltransferase [EC:2.1.3.9]	1.4408194533640957	6.390441219541991	1.5366936656876675	30.10862043177238	15.066959359842649	18.275585468600923	34.368805637876136	4.167698589438071	3.908944947623747	8.36728581030679	2.689021879204813	2.7849323034356006	4.354150319209432	19.84872729791613	1.552434554881359
K09116	K09116; uncharacterized protein	4740.525168531808	6551.383148162849	3428.829523404724	3502.677030013133	2949.011827279527	3329.17478546079	4695.305314346026	4703.0134472279005	3226.470982397864	2319.160084752695	344.27702117364913	834.6011033518338	817.3698051573156	829.5966894451069	178.50518585674266
K09117	K09117; uncharacterized protein	24533.40680495628	25773.4532501441	93567.0479256093	26482.650950449715	77970.16793898054	35995.55708421795	11014.921217287185	43201.20741285996	22611.2464850689	8691.063414377524	5623.264944798911	4051.013022676952	1975.7975668093227	41345.01142389349	888.3197108622701
K09118	K09118; uncharacterized protein	569.650389663102	1312.6870289095891	1836.1560478255772	2896.498088822535	1901.9969266789012	1352.354667474713	2025.4952119263664	1386.6037638374155	1441.4440706549788	1633.1764187827291	195.9377041751368	366.0361965184945	373.2165466030559	408.9682368191404	28.797490915263893
K09120	K09120; uncharacterized protein	0.119078059925115	0.3344636934917309	0.022573625593434	0.4297957048674202	0.2073881112319332	0.6260098552940898	5.32091973996988	0.470763373367939	0.3226966452468086	0.2416925615215725	0.2891577007669423	0.6038036984128372	0.5436711497374501	1.7012443572155014	0.3677957482333042
K09121	larC; pyridinium-3,5-bisthiocarboxylic acid mononucleotide nickel chelatase [EC:4.99.1.12]	17160.072544483985	17558.169494457008	13638.48825400323	19547.44209392661	67436.78033274045	32675.09763425196	12076.996372120157	18535.073067209763	11180.36614134966	6553.739610693743	4906.6032610364455	3333.147481308009	3301.389332172844	34474.10924182786	576.5917229625118
K09122	K09122; uncharacterized protein	7.176007987588617	19.864803523742992	40.91715951705902	71.36125617557921	199.85906286868376	160.265836858635	177.32720381017742	35.62175685917221	28.59969498785106	51.18895235639306	11.288530030482487	61.20895434684992	38.07289872727979	64.0096661206013	59.361355918535466
K09123	lhpI; cis-L-3-hydroxyproline dehydratase [EC:4.2.1.171]	5762.698213393975	3938.2515857023977	2143.081173678919	2893.2886152172687	1435.227315410703	1422.827137432835	1880.036085956192	9266.457884887986	1571.8086189650187	967.0237261624706	255.3085981081488	2558.6340997110706	3517.6706737041054	756.6480817534102	124.5147682962645
K09124	K09124; uncharacterized protein	987.63993044164	688.4456424896409	4518.637332683657	374.23122539553816	1044.1390642246372	1077.02070285513	224.65134568329745	1500.4844492119328	664.0260300055112	192.6751999540158	97.50700846410632	232.1251081083607	121.84694191835705	285.05815535419856	9.068353810306965
K09125	K09125; uncharacterized protein	19759.769369641384	14077.26708267958	69369.87537755075	16183.707279117209	4679.48719831373	4394.572460620395	5226.9325873321295	28559.72875865936	16665.065588067075	4387.029687840777	429.0693623594049	3116.4771377488382	1467.505798303424	1432.1551388885086	629.9545134907855
K09126	K09126; uncharacterized protein	3380.3544163649585	3291.167627184953	1970.9403981372843	3934.0083175866457	8179.611806441344	7270.270041310916	4563.015535099675	7149.687331297233	2876.8750662260536	2048.322845015516	323.6411442055252	577.852703016192	304.2491493357292	513.7997940084553	126.56253850773176
K09127	cmr3; CRISPR-associated protein Cmr3	4505.218072568448	4950.59778512797	9101.77190186979	4744.397544818078	933.7502409760432	1169.735915156179	2549.2369221673357	6864.54742432382	4618.147105329547	2068.1940250519565	155.2516181762301	553.2454104254527	234.32081342362628	383.3945417568628	262.0140042810804
K09128	K09128; uncharacterized protein	5423.680045117111	3909.025604063773	2061.8700784909743	2853.634743161655	1326.7917629723156	1333.024598888664	1583.0256949732172	9010.51489233426	1490.9108169352694	918.7376567603156	225.95982911680903	1985.8179807363765	3407.507122915894	604.9880608248792	101.7818809362214
K09129	K09129; uncharacterized protein	1.3323644428143897	3.985029470460313	0.3834413507454125	7.388693073327908	3.6210410020088544	8.112713185255398	54.87381215198072	12.87253115356648	3.611106837621745	2.978015439806168	3.151523355793578	6.287729107484336	5.852783611983559	18.958999941769484	3.1737845443070607
K09130	K09130; uncharacterized protein	10.546390648057772	25.16399827422608	51.81108273333528	68.64847294994956	137.30179258677785	269.2334561119528	46.62997446000175	44.41019186955577	18.136302300106703	62.9148423724439	6.659347771337949	37.74599741133912	74.20277611294324	4.996934171942813	9.068151150053351
K09131	K09131; uncharacterized protein	269.2926654764651	712.8463040571111	4268.705737712136	4612.820404153867	1609.9687233501886	1590.813994443199	1310.410290454887	755.7931718554355	2393.234287831258	659.2737485352739	155.59818223039608	339.29992605441805	452.9876014568314	859.7681586706583	58.46325976077116
K09132	K09132; uncharacterized protein	261.8134373332039	77.88194475688513	31.827184088827096	60.09234120278811	90.16640489919617	161.62708170678158	212.0595110205284	284.13532148411696	60.46885023874161	44.33792851085085	9.45655033530706	22.14995382805729	27.90535922984673	43.49749899822732	25.187407037132985
K09133	K09133; uncharacterized protein	1695.9155959298917	1076.559733419227	1593.4597542167237	739.1572728708438	242.0004233335172	247.82648778323264	691.4127307012459	2848.4146088693674	833.6217592209584	247.53067788489963	58.75486457197896	290.86748520077924	190.12999479484483	211.21182908015945	103.00689227516943
K09134	flA; adenosyl-fluoride synthase [EC:2.5.1.63]	1363.8621920365167	2563.1074055570207	2184.733530035417	7655.155230513893	59184.31284628762	24208.231003716857	1840.191988490856	2047.5273881984124	422.8797426566021	538.1160751203175	4100.991316998585	579.8296008164639	875.7374883843773	32261.958186836844	102.78168684134596
K09136	ycaO; ribosomal protein S12 methylthiotransferase accessory factor	3754.3558912757862	5023.812944576193	6396.722280404002	394.53478694162527	422.7570743297584	494.47723869947015	605.5824682117138	3090.7344576703654	1738.932616748974	314.6216038287517	58.80581098573765	531.6293583914246	193.22041305412887	512.4121772122754	103.5258372841975
K09137	K09137; uncharacterized protein	1037.9597916345829	551.9096723593008	6451.7854783660605	963.589429004551	637.852381535651	469.1523728177448	852.2451001585486	1635.6068385062829	1085.915602681732	300.1983649463325	74.99902036793326	181.5350993894049	144.9269320050423	373.8406238740933	16.829604854027256
K09138	K09138; uncharacterized protein	1175.1661161445522	1315.4607443078294	906.0786623992518	1208.3116363180573	1831.9188475404976	1986.9897615731304	375.83234188913127	2633.799189676341	435.3941049516183	409.8531928868141	167.0300443170785	125.64840389312812	876.1471649846517	294.7153276254364	44.94489870789043
K09139	K09139; uncharacterized protein	45.28479134799872	35.80520953117567	180.00589770288457	105.55840843587411	39.76890994839035	75.20599441049146	512.2849599800747	132.5242732858195	44.93095350799004	26.41303679294446	30.588532851398217	49.14873459957459	47.0491139864733	157.07584887677223	4.735382433786937
K09141	K09141; uncharacterized protein	81.59726717554129	78.2367103793686	245.3861487838528	180.8728255372401	293.43543016677035	586.2552993550588	423.5272440432319	284.7397565238744	67.27636336707428	142.23887498958882	38.53046204234116	132.50482015515172	180.7494196072188	98.87895996287446	27.915753956906755
K09143	K09143; uncharacterized protein	1.5253055314393429	6.769538156324941	3.26216425159912	31.87430717439408	20.27365492131572	19.34730291959408	27.4222047326693	4.41207031667485	4.138155815046918	5.893758003384036	2.8466932110819823	2.948198986198564	4.609449752169043	21.01260175069588	0.977653356827882
K09144	K09144; uncharacterized protein	20.739805085764168	20.468342978098427	73.12825018444266	37.71668779763563	12.6916346164797	38.31024017004715	367.21611957279566	61.836890111980935	25.863013151592373	14.79098132545441	19.733990722245903	36.9565245655855	33.27131696701882	104.12441692872802	4.454292823316495
K09145	K09145; uncharacterized protein	1682.9315076156315	571.6654028919774	258.3774726288346	1081.898167069394	318.8138924025903	495.2891636633228	397.3596789209209	1128.9000465022964	728.7193285210305	1100.912402213101	64.99672439653186	47.06918191549974	256.20058189697124	34.77114375181462	2.511837430048652
K09146	K09146; uncharacterized protein	0.0	2.1563392226709985	515.79	1251.96	926.41	380.48	40.19	0.0	0.0	106.51	60.97	93.78	38.18	5.36	0.0
K09147	K09147; uncharacterized protein	0.0704061664604023	0.3122720672825241	0.0750915441452301	1.4712775443833292	0.7362569140301046	0.8930469350828151	0.946447718907607	0.2036555632612692	0.1910120176895595	0.27204838539595	0.1313997438218204	0.1360851215066482	0.2127663473663734	0.9699150144886683	0.9778443881029646
K09153	K09153; uncharacterized protein	9690.216416683696	7989.796092241831	4418.728299686763	4016.026471676644	14277.588515034811	7227.130160803231	3682.939158835516	5687.650852760487	2835.271595163321	1785.1617560039056	1029.8069482907515	825.1542253072407	1197.6808006348756	6977.721417355142	173.65964723096238
K09154	K09154; uncharacterized protein	0.0058189493764416	0.0258087528770057	0.006206187837619	6.121598575520758	20.51085037612729	0.0738088035080845	0.0782222870615977	0.0168317843794933	0.0157868169381559	0.0224843342869998	0.0108599643442681	0.0112472028054455	0.017584775120964	0.0801618189499707	0.0
K09155	K09155; uncharacterized protein	10262.521694013429	15592.489398981186	28760.98525624489	8880.94216470451	8593.401639729711	7002.46789273881	5839.469404900567	15918.639320263845	7799.004190166959	5491.345392149081	1102.3829424140224	651.5302982656846	2095.334807029793	2621.082086426415	212.7800947287273
K09157	K09157; uncharacterized protein	35219.32713812306	37961.33256073667	36991.93322697918	22036.7913247331	82087.94975738048	45424.759424926175	13832.096831799634	48711.23652257372	11508.974692744829	7078.6723234509445	4984.944760709016	4156.468040138654	5082.306159724551	35865.136379699805	775.39859179824
K09158	K09158; uncharacterized protein	239.0144976485285	278.4875857448286	1003.9825561029476	256.5079472485651	435.9838324932432	369.4782352322645	986.559110511744	847.6842981429093	414.34316711360657	208.3807001523892	75.85860351418361	982.6324824142604	156.28996204849727	766.3980413358489	70.08857219148871
K09159	cptB; antitoxin CptB	67.0700055236048	86.36175186293265	80.95866290415694	138.51588627269768	425.8136664582154	351.8405168471251	737.9737533045728	159.08275823862323	264.576509583453	197.88493944240443	64.61411391818109	945.9365790371692	139.13447730043902	710.8152469944087	66.50025999775306
K09160	K09160; uncharacterized protein	24.106302872782763	68.2615201714779	66.18174133269738	91.65270412866592	206.17718143928292	258.1688430139673	284.8785271232509	98.48808700730712	82.24210916305663	94.10940446582111	34.34491932255826	159.46446873198423	89.14201057997833	308.3056897501817	15.69615962041346
K09161	K09161; uncharacterized protein	17.719032328140454	53.56543256215678	23.162945354085476	74.6920186021414	156.63006258322545	158.6342390966793	133.4360905466397	71.14732138360799	76.64557827667548	74.45239015132975	32.48466159684645	33.18350958912984	74.35536411874291	87.51555895982696	15.50033190503287
K09162	cld; chlorite dismutase [EC:1.13.11.49]	7.414873195237368	22.461465637265047	532.7970815060193	1296.0503874399842	959.9540647824432	421.6318640746929	357.827011660361	48.23690962209589	16.307946540264712	121.071950800036	127.85749882580478	119.90204600047912	83.39405684204212	89.75818043700814	2.4908162401089853
K09163	K09163; uncharacterized protein	13075.470799148205	11316.817899674212	13114.631291168418	12254.039651412922	17607.01346162017	16183.557984085315	7886.799716912147	23611.740958314724	5725.616079151783	3623.976471676568	645.9819904599844	1944.2505601374107	2926.357555502813	2181.002995201386	485.6967732074199
K09164	K09164; uncharacterized protein	0.0004464882448329	0.5539380195338135	2.071380217630229	0.0093302641157611	5.479172414462148	0.0056633527806516	14.889882246480306	15.047469235797967	0.0012113231668162	2.801725223971303	0.0008332855478432	0.0008629983722171	0.0013492805782651	46.54615081993848	4.228344049584643
K09165	K09165; uncharacterized protein	157.88617579643932	183.5265590224456	938.9767860949272	1439.1274947255197	1308.3891367847025	699.3386239475814	421.1227298558374	90.44481076125408	299.7412732987965	297.93947087336073	82.3283426515466	306.48233451934954	82.4497362577516	356.43102815347726	2.994352667566657
K09166	K09166; uncharacterized protein	20.604096802246904	20.725053743539195	76.79687909631487	41.51989490846434	22.007790419599218	39.47853903904844	373.9936624826816	86.73159053734605	25.494058388205016	14.978169028729535	23.570691500732337	35.48204584812596	32.27373657751693	107.48076825810176	5.111398924429192
K09167	K09167; uncharacterized protein	3980.839385219078	3484.026861422576	7784.611824673989	4369.164237163247	3735.181671696768	3221.209730843114	332.538887849806	5100.443292603235	3269.318500570176	2085.903319333201	364.0434155337463	347.94859463575085	178.14125978272455	510.2907164644715	182.45553823567275
K09173	RFX1_2_3; regulatory factor X 1/2/3	0.0	3.002259222029556e-16	0.0	0.0	0.0	0.0	0.0	0.0	0.0	0.0	0.0	0.254976202763556	0.0	0.6080541681155167	0.0
K09181	yfiQ; acetyltransferase	4546.973678230639	1802.9620253056803	23853.354162903157	1338.9708087032727	1573.9714315958076	1262.623624573354	1365.3431428344488	6740.9608868637415	3194.772103801184	584.7174149404723	230.928389679992	2115.3556767892105	548.6730987152282	731.2414328996695	104.48066164694802
K09185	NR6AN; nuclear receptor subfamily 6 group A	1746.494817839043	974.6343027409746	573.1396280918127	348.3281736052112	40.50897204723246	73.56120649392585	81.61694586376439	1353.2875488662028	277.47312715972424	55.169890175550734	7.74830101435615	11.86172365375796	65.83924107891463	9.610958322308337	19.48740180200976
K09187	MLL2, ALR; histone-lysine N-methyltransferase MLL2 [EC:2.1.1.43]	0.0044308233300487	0.0196520053654136	0.0047256850133318	0.0925909078190934	0.0463343550089338	0.0562015146360648	0.0595621498006993	0.0128165168813724	0.0120208292376606	0.0171206357839771	0.0082692905999306	0.0085641522832137	0.0133898796533738	0.0610390011332032	0.0
K09190	K09190; uncharacterized protein	2.596200201937033	0.4588058873708082	13.496090759213628	12.877748321418636	41.34866909388554	3.52211236013186	4.357945223673697	0.8151845207163615	0.1145385068305009	2.3493745633623746	0.0784250539475737	0.712509565217722	0.1309952531265857	5.1359424346171165	0.1405255763345992
K09228	KRAB; KRAB domain-containing zinc finger protein	0.0473419876718813	0.1331643335093253	0.0089750537713107	0.1708828801197165	0.0824558200280675	0.2488870628095659	2.1154281116987543	0.1871613571051219	0.1282948411315007	0.0960908699898236	0.1149604485616366	0.2400533090044292	0.2161471383119685	0.6763652290912919	0.0252983414498779
K09251	patA; putrescine aminotransferase [EC:2.6.1.82]	1710.644836285975	2165.334473874592	1429.003664516338	1869.971181198184	791.8179666566375	940.6638612393076	884.1595648005887	4226.742020944239	637.2617134966606	451.4434160808895	142.70009724445535	176.26872922824634	1813.8619517534005	345.30558914057616	44.99769671320003
K09252	FAEB; feruloyl esterase [EC:3.1.1.73]	109.23243258382529	41.33697461843127	425.9984505008481	1061.0787970388744	1483.900379570385	494.1616016247695	2457.511257710441	533.824009731694	1107.1939246535023	565.0055145162993	184.5735266812031	4468.202457149906	394.5911144549595	2163.388035426477	21.08692837412936
K09276	YBX1, NSEP1; Y-box-binding protein 1	6.753565174205321e-13	2.995404897754896e-12	7.203000289779294e-13	1.411292403049095e-11	7.062391412346157e-12	8.56636709953265e-12	9.078603018693536e-12	1.9535236595334735e-12	1.832243076674867e-12	2.60956758999541e-12	1.2604247303730788e-12	1.305368241930476e-12	2.0409169623296654e-12	9.303708173734424e-12	0.0
K09291	TPR, MLP1, MLP2; nucleoprotein TPR	0.0111056472631154	0.0311932845107971	0.0021052973440104	0.040084290056963	0.0193417596100699	0.0583839259768065	0.4962480727735849	0.0439050818623238	0.0300958473572347	0.0225411157694825	0.0269678850171953	0.0563129000838166	0.0507047227668445	0.158664154853401	0.0059346345095196
K09340	TLX1, HOX11; T-cell leukemia homeobox protein 1	0.0	1.2530885251033024e-17	0.0	0.0	0.0	0.0	0.0	0.0	0.0	0.0	0.0	0.0	0.0	0.0	0.0
K09378	ATBF1; AT-binding transcription factor 1	214.5398303072238	80.26808958231071	68.37327938992821	31.75870463402275	8.45176152957595	17.572913950490985	9.462692128139436	165.79711829346485	14.11244005302089	7.79771884057363	0.946055348712924	9.473724521615232	3.2230733679334365	0.7100544588874484	0.6138383772310307
K09384	K09384; uncharacterized protein	8080.175987161503	5294.164208821887	11196.040428240583	1288.1644456491292	3552.609641250452	4219.943462371306	1714.6846964121	8159.244922871853	3346.488416454498	2356.147769179357	280.03822409406945	885.3277982810461	663.1591685421618	539.5870637932719	154.4702155079249
K09386	K09386; uncharacterized protein	7.494204046144425	10.89756883434994	424.4151132648316	984.4564670776736	811.6591603978659	329.60755438107424	497.0994481536282	84.20840849063063	239.5384070509589	187.30248675738497	62.08932499739941	1162.7345470511489	106.38985282911388	507.5038233686274	0.4372543699905379
K09388	K09388; uncharacterized protein	2.189259334485017	6.906965349951121	3.511183705558948	149.65579608846653	12.40656638746356	14.89845211482839	26.516829051734376	10.423874050499531	14.738726741097528	21.735167202509277	2.125861771757576	6.332210690351608	4.669738290546121	15.923230821567945	0.0
K09395	FOXB; forkhead box protein B	5.773830308815871e-06	2.56086365345068e-05	6.158066193894526e-06	0.000120655722439	6.03785534565798e-05	7.323650356501471e-05	7.761576577545645e-05	1.6701273806438803e-05	1.56644088512379e-05	2.230999487732346e-05	1.0775758169929085e-05	1.115999405500774e-05	1.7448425995625385e-05	7.954025888882707e-05	0.0
K09404	FOXK; forkhead box protein K	0.0	0.0	0.0	0.0	0.0	0.0	0.0	0.0	0.0	0.0	0.0	0.0	0.0	0.0	9.986545305346951e-07
K09454	GABPB; GA-binding protein transcription factor, beta	0.0	0.0	0.0	0.0	25.5	0.0	129.0	25.5	76.0	29.5	7.5	307.5	22.0	138.0	0.0
K09456	aidB; putative acyl-CoA dehydrogenase	18.650707788138437	87.1314896797733	563.9868785770587	1401.257935583789	1380.6542850161277	754.9030761697845	961.0311351997368	171.46885126305665	276.89972146221925	321.74636260278186	125.47743171918977	1133.6098921705536	195.7180500440461	790.6097455026145	69.09889893433777
K09457	queF; 7-cyano-7-deazaguanine reductase [EC:1.7.1.13]	21543.297240855696	23792.486771757525	81472.69654426757	20476.417869623947	49736.99593098324	22020.38015898388	5591.372919012974	33641.239262758725	20447.874315085235	5828.209011965588	3531.06323195328	1813.6725934332223	1831.838221398375	28239.952256780874	807.443880707016
K09458	fabF; 3-oxoacyl-[acyl-carrier-protein] synthase II [EC:2.3.1.179]	64581.19346105245	76630.14916382477	130164.65868602751	48445.4484081742	89684.32784557139	53556.77092661734	25359.16466278549	88872.61630044345	36602.35849952438	14820.306575578805	5929.4390316696845	9295.855844029247	7923.072377668609	40374.28160679039	1884.5421259164
K09459	E4.1.1.82; phosphonopyruvate decarboxylase [EC:4.1.1.82]	4946.412399179314	1739.9400186779458	1507.3178342741612	968.8485649805832	1343.3518950280593	1308.9678031743838	1635.5320876681362	3284.294213561729	1363.9056727684451	530.3799809393183	72.55131595074268	1367.4988456925992	310.3346038840259	1043.4028966135938	89.93124103330226
K09461	E1.14.13.40; anthraniloyl-CoA monooxygenase [EC:1.14.13.40]	0.007082128028723	6.147243940270517	2.803392354292343	10.11615784327816	75.64604902104621	33.21044950865412	321.3231522749479	51.02182563668015	157.04522095587208	75.32137900852767	15.013927345816398	740.0224409849263	44.02335203225164	342.3815306484638	52.334613660980914
K09469	aepZ; 2-aminoethylphosphonate-pyruvate transaminase	4304.576966749448	683.6103040964086	939.0177299157564	173.1573857684965	632.2931725542193	692.9895514369623	345.1819648634337	1637.8294361257724	858.9220197297277	245.4914509887185	5.822618368339169	18.12684004166394	61.77556148166981	44.191888046949074	18.535598415501426
K09470	puuA; gamma-glutamylputrescine synthase [EC:6.3.1.11]	2.171167805813367	10.545987180677145	3.902820607882481	14.578704593459902	28.111551886040065	29.9536312632298	88.66221878447243	19.15190321559301	15.175167049682338	13.864657034669367	6.705587340660682	6.807222995086437	14.928546186514073	104.62496292984316	2.9353058354377213
K09471	puuB, ordL; gamma-glutamylputrescine oxidase [EC:1.4.3.-]	25.840471240827945	58.709829790945946	108.72341467129336	176.523479727942	533.5910313085529	405.40691341371695	881.0977516833854	91.28991160302624	100.19436507488112	123.3946370951748	53.77183848205855	463.3425166558251	72.75938737554553	456.3821742159236	5.341041012064473
K09472	puuC, aldH; 4-(gamma-glutamylamino)butanal dehydrogenase [EC:1.2.1.99]	58.11012712646845	55.807036937644696	54.25635320055211	78.69730602440708	371.8153935041867	303.8849091331666	242.0865233031709	34.38013324038833	68.80185012387886	77.1905252817311	36.99843404820091	120.42370560977923	41.379566154020765	196.7665888575749	55.1496769164265
K09473	puuD; gamma-glutamyl-gamma-aminobutyrate hydrolase [EC:3.5.1.94]	1.8716729866587651	9.704773077429632	3.846045380613619	13.497719674961417	27.58994727719125	28.37914551397133	29.49725416989048	12.833202140924543	14.363548406657294	13.256772844668143	5.978322944911332	5.288588247640122	13.561151615483132	14.34670528567179	2.775261828359409
K09474	phoN; acid phosphatase (class A) [EC:3.1.3.2]	1722.9674287763517	610.086224299393	11568.43865961413	162.07882060404992	78.95810373091433	34.413824650502946	64.75385040644879	3127.686717973082	2103.116530638988	177.4374913204727	0.0032789039198142	46.82490301752142	7.212495031857096	61.66912710091099	0.0056470216641699
K09475	ompC; outer membrane pore protein C	10.000263638385768	53.53289667830399	21.868938196350022	74.65128009181414	156.60620065301222	158.63379083169428	98.7772230576856	70.62350485820967	75.51720985091369	74.40593679547622	32.484595640944406	26.670315170700828	74.35525732099767	71.96652276958321	15.50002200353846
K09476	ompF; outer membrane pore protein F	31.83464228114942	99.83228017707565	40.95009287603886	139.2867796050718	292.9611901279054	296.4299693693928	171.97041366554686	131.68375315675962	141.5003108563537	139.03122844845734	60.47676765502405	49.2834746084292	138.61712994093816	132.8066673712568	28.94407567313361
K09477	citT; citrate:succinate antiporter	11.44207900075238	55.11363798347995	27.626478577851508	74.81025207826401	156.70831527028966	158.7533440963214	98.87759861247584	71.06590676039542	75.69130518307699	74.4849940228934	32.49424511458154	26.68487744467085	74.3802744168423	72.04501194248475	15.501521782604035
K09478	ACADSB; short/branched chain acyl-CoA dehydrogenase [EC:1.3.99.12]	0.0	1.6378227404595318e-16	5.738448946584887e-13	0.0	1.5169779865104528e-12	0.0	2.4275268256688745e-12	21.21983348556349	0.0	0.0	0.0	0.0	0.0	0.0	1.239307066249308
K09482	gatD; glutamyl-tRNA(Gln) amidotransferase subunit D [EC:6.3.5.7]	0.0182045299539093	0.0129478276202079	0.0002643796508006	0.017801488831247	0.0045924136468411	0.0069097620412942	0.0103401466558979	0.0051588896202228	0.0137736187420901	0.0062871697235581	0.0004626275672227	0.000479123679139	0.000749100225054	0.0034148424533777	1.0398570147486923
K09483	quiC; 3-dehydroshikimate dehydratase [EC:4.2.1.118]	6.16318057026144e-16	2.7335519521481803e-15	6.573326870837363e-16	1.2879197421017322e-14	6.445009770306213e-15	7.817510589401971e-15	29.52439749881907	5.134677825881578	1.6720716597641101e-15	2.381443852629461e-15	1.1502406518830173e-15	2.68409699096985e-09	1.862503647079601e-15	85.99943524263496	0.0
K09487	HSP90B, TRA1; heat shock protein 90kDa beta	1.2009561476801682e-22	3.276535873342292e-19	9.640117770653144e-24	4.54773555193274e-22	9.451934224419202e-23	2.5195176574123816e-22	1.8872879399552484e-22	2.6144940340904803e-23	1.5601616807498553e-22	3.492508383448372e-23	1.6868863613005614e-23	1.7470363848431576e-23	2.7314562106708583e-23	1.2451595014629146e-22	0.0001346111683408
K09490	HSPA5, BIP; heat shock 70kDa protein 5	109.17352993515776	12.18745641179992	61.56423538988628	28.38450242212685	7.729670969608835	14.02143485938479	97.32702376675836	86.15413290930863	24.23178674030732	16.216082619641032	20.48272018428886	475.1525565249285	138.25313643452674	0.01612248266453	0.0
K09502	DNAJA1; DnaJ homolog subfamily A member 1	33.86932324908775	3.7809613835934632	19.09930905633839	8.805833138953359	2.398005494869145	4.349923557025111	30.194136168225445	26.727927350918726	7.517520212984604	5.0307775557384975	6.354432904700712	147.4084014607896	42.89080119404733	0.0050017396823856	0.0
K09503	DNAJA2; DnaJ homolog subfamily A member 2	33.86932324908775	3.780961383625547	19.099309168749706	8.805833138953359	2.398005792032176	4.349923557025111	30.19413664375721	26.727927350918726	7.517520212984604	5.0307775557384975	6.354432904700712	147.4084014607896	42.89080119404733	0.0050017396823856	0.0
K09516	RETSAT; all-trans-retinol 13,14-reductase [EC:1.3.99.23]	6595.042276159873	3956.468003474134	28235.097327387382	5534.108998902826	934.006400636264	913.2136926276492	952.2106278928728	11244.24028732034	6444.4511697636735	1568.8581332736376	100.16696367905992	311.4399312997035	410.9473102521543	132.11834358491046	208.83732094222896
K09522	DNAJC2; DnaJ homolog subfamily C member 2	3.0471069071505235e-10	10.505191603747402	3.91994347981173	16.872590752885028	112.01104010013628	63.68469655460338	2.9141984439221087	1.8873108097392213	4.625142570123455	36.01653810719824	10.9614968963711	2.893323476845613	0.6843241271615355	42.52899148837312	0.2178489787876157
K09527	DNAJC7; DnaJ homolog subfamily C member 7	0.0002110173986291	0.0005927007761202	4.000256431243508e-05	0.0007616379679021	0.0003675110239979	0.00110934769397	0.0094291647222747	0.000834236487229	0.0005718484720791	0.0004283017008537	0.0005124143427243	0.0010699963183969	0.0009634358487151	0.0030147632478884	0.0001161861088134
K09529	DNAJC9; DnaJ homolog subfamily C member 9	0.0	0.0	0.0	0.0	0.0	0.0	0.0	0.0	0.0	0.0	0.0	0.0	0.0	0.0	1.1436713428145902e-05
K09536	DNAJC16; DnaJ homolog subfamily C member 16	0.0	0.056381715173124	0.0	0.0	0.0	0.0	0.0	0.0	0.0	0.0	0.0	0.0	0.0	0.0	4.588907396423415e-05
K09553	STIP1; stress-induced-phosphoprotein 1	0.001859419042618	0.0052226930900115	0.0003524900331409	0.0067113145659956	0.0032383917195136	0.0097752234671306	0.0830868381208425	0.0073510299173325	0.005038949135871	0.0037740600714771	0.0045152342544362	0.009428471504642	0.0084894941131857	0.0265651468955932	0.0009936361345302
K09560	ST13; suppressor of tumorigenicity protein 13	4.1159386404712207e-11	1.8255399103299294e-10	4.38984543056794e-11	8.601076298041001e-10	4.3041518010712147e-10	5.220744961208824e-10	5.532925499684142e-10	1.1905687304327646e-10	1.1166546680893375e-10	1.5903926002827558e-10	7.681618104408857e-11	7.955524894505574e-11	1.2438302985999187e-10	5.670115114636081e-10	1.826465894550858e-12
K09565	PPIF; peptidyl-prolyl isomerase F (cyclophilin D) [EC:5.2.1.8]	0.0235599128395427	0.0661745368679318	0.0044662522364594	0.0850362304513069	0.041032292830893	0.1238577252324968	1.0527582106958042	0.0931417933040947	0.0638463948808766	0.0478195201281834	0.0572106249567379	0.1194641776641807	0.1075667919786684	0.3365957490403105	0.0126584260586234
K09568	FKBP1; FK506-binding protein 1 [EC:5.2.1.8]	0.0	0.0001437315702459	5.8956977509398546e-21	0.0	1.55854722879735e-20	0.0	2.494047534388122e-20	0.0	0.0	0.0	0.0	0.0	0.0	0.0	0.0
K09583	PDIA5; protein disulfide isomerase family A, member 5 [EC:5.3.4.1]	3.6023395726811002e-68	8.595288171581006e-68	1.7697155345570294e-67	2.344831696114664e-67	4.6898289409229264e-67	9.196229929339848e-67	1.592743981101326e-67	1.5169226794336822e-67	6.19483211441759e-68	2.148987591588849e-67	2.274639050029334e-68	1.2892932257371507e-67	2.534550498977373e-67	1.706807030989988e-68	3.097416057208795e-68
K09584	PDIA6, TXNDC7; protein disulfide-isomerase A6 [EC:5.3.4.1]	35.454272730487766	13.936195548369216	16.15306413855167	6.625713874201206	27.562863000666205	16.38584097200291	2.3826723372083367	8.921262730591852	101.11043490250576	50.45671778821509	0.0002014786760407	0.56837045509074	5.962905062438674	0.0383427943236874	0.0
K09591	DET2; steroid 5-alpha-reductase [EC:1.3.1.22]	0.0	0.0	0.0	0.0	0.0	0.0	0.0	0.0	0.0	0.0	0.0	0.0	0.0	0.0	0.0014244298597956
K09607	ina; immune inhibitor A [EC:3.4.24.-]	4631.071287974827	1609.3948763335557	31133.206415708264	524.5168199782204	997.8781492165596	907.6921234701712	187.77464750328204	8223.454847286688	5600.698577137852	639.4702821383855	89.38523832255166	96.78945505205218	24.202555415309565	153.82718975691495	1.486467332696584
K09612	iap; alkaline phosphatase isozyme conversion protein [EC:3.4.11.-]	10.25361883708273	55.88189716276239	21.889020538341097	76.01662772500606	156.9571242595402	159.16257894952366	99.56996017688924	74.00365529013605	77.60135737710671	74.88906098737615	32.519736941835035	33.528177492635635	76.43930421405628	72.22591500408419	15.500022005081696
K09632	CTRL; chymotrypsin-like protease [EC:3.4.21.-]	0.0	3.1771311642716065e-18	0.0	0.0	0.0	0.0	0.0	0.0	0.0	0.0	0.0	0.0	0.0	0.0	0.0
K09636	TMPRSS5; transmembrane protease serine 5 [EC:3.4.21.-]	0.0	0.0	0.0	0.0	0.0	0.0	0.0	0.0	0.0	0.0	0.0	0.0	0.0	0.0	0.0016172195798194
K09641	TMPRSS11D; transmembrane protease serine 11D [EC:3.4.21.-]	0.0	4.878882575025247e-08	0.0	0.0	0.0	0.0	0.0	0.0	0.0	0.0	0.0	0.0	0.0	0.0	0.0
K09645	CPVL; vitellogenic carboxypeptidase-like protein [EC:3.4.16.-]	0.0	0.1541535204630308	0.2771522700113486	0.0	0.7326612058975084	0.0	1.1724327889123611	0.0	0.0	0.0	0.0	0.0	0.0	0.0	0.0
K09647	IMP1; mitochondrial inner membrane protease subunit 1 [EC:3.4.21.-]	0.0	3.083268448067216e-26	1.080286537777923e-22	0.0	2.8557732449776013e-22	0.0	4.569918760757712e-22	0.0	0.0	0.0	0.0	0.0	0.0	0.0	0.0
K09648	IMP2; mitochondrial inner membrane protease subunit 2 [EC:3.4.21.-]	0.0002310196818145	0.0010246402730044	0.0002463935406162	0.0048276179097963	0.0024158372279602	0.0029303032555299	0.0031055241588692	0.0006682432205827	0.0006267566857828	0.0008926566321102	0.0004311543794293	0.0004465282382309	0.000698137909512	0.0031825260385446	0.0
K09650	PARL, PSARL, PCP1; rhomboid-like protein [EC:3.4.21.105]	0.0	0.0	0.0	0.0	0.0	0.0	0.0	0.0	0.0	0.0	0.0	0.0	0.0	0.0	0.0221836042438408
K09667	OGT; protein O-GlcNAc transferase [EC:2.4.1.255]	0.0722978755970822	0.2030685965073033	0.0137055069250826	0.2609491322096116	0.1259150499730015	0.3800799464574814	9.353948257598818	0.2858225253654817	0.195924269578474	0.1467428908114189	0.1755612032236142	0.3665975470238818	0.3300882561754848	1.0329052469913744	0.0389115572835576
K09680	coaW; type II pantothenate kinase [EC:2.7.1.33]	7703.244458738289	3005.0607659520674	42498.03981516755	1760.563400170404	1345.44503859222	1009.5895629591428	772.5949444566072	12573.873375294686	6923.358029393255	1739.412421767183	129.97418056364518	516.2336412012442	287.3520267583881	123.03811265671692	12.54722494052482
K09681	gltC; LysR family transcriptional regulator, transcription activator of glutamate synthase operon	214.68983650242149	91.1779311107542	34.94357211705962	50.85174864197338	14.420612714538002	21.17768434207963	26.379328261096745	289.01042867813794	21.41333210137892	12.258220643815129	13.140000838546277	14.389524963327196	5.32370228788024	3.5479300918915966	0.909670035387989
K09682	hpr; MarR family transcriptional regulator, protease production regulatory protein HPr	0.1111491348118084	0.4929791217061693	0.1185458686792609	2.3226832868144096	1.1623174944439465	1.4098394951899351	65.34414249333338	0.3215079132142913	0.3015477417989143	0.4294786122280337	17.18743875962204	0.2148354934894907	0.3358909683023517	1.5311899528293402	0.0
K09683	hutP; hut operon positive regulatory protein	41.17198533144632	41.08101965789145	88.52542834231875	38.26590461865608	12.657691773501169	14.362425798902756	77.97453025895217	24.79709696932225	7.986977006837773	8.445010593385614	55.05715742642795	1.6669333093909118	4.521931789060372	8.790132648709262	2.3928289290304106
K09684	pucR; purine catabolism regulatory protein	1652.6990498200223	1187.2466887037904	1401.979327104662	1728.900723221666	1534.9833311601578	946.7057037103378	634.8324297969436	1757.1216315990605	611.3481258374663	1203.8180676761722	253.89848654501367	564.3141043113086	331.29914465769656	323.07857504562554	91.76038217547128
K09685	purR; purine operon repressor	1993.3657344106027	11123.693573147992	19406.671685530026	11582.48826792566	65344.4120509543	30059.067240066837	9580.780022477276	11857.845263617724	4943.3352592460415	5348.305136889117	4996.984025106797	1350.2354975876742	845.568910630609	34270.07937722184	176.32783599041815
K09688	ABC-2.CPSE.P; capsular polysaccharide transport system permease protein	13.571360299789246	60.78841799650393	19.1338635147114	70.72859309945008	160.5651063242308	141.65420007575693	98.56845620594112	65.59836004746903	65.36031550640338	70.47211290640067	28.004167215624225	70.86485276642986	82.4457206704448	167.49562754963492	13.6725705298697
K09689	ABC-2.CPSE.A; capsular polysaccharide transport system ATP-binding protein [EC:3.6.3.38]	13.565051252521585	65.78185933965595	19.1333570852334	80.6947022363253	174.07997590344613	162.2009641584952	136.52854161496822	65.5969865615224	67.78211942535565	70.47107961471498	28.00328103457108	156.79403258345005	74.4453012883537	170.751272466248	13.6725705298697
K09690	ABC-2.LPSE.P; lipopolysaccharide transport system permease protein	8230.849786736191	7778.381605019317	6036.490794200349	2445.5730200741864	9863.57312527661	8388.318125718448	3303.658125748388	11281.076656817968	2235.2816418997872	985.2863901576372	267.14484242374334	1396.1561611354196	893.8973596861226	1487.8398733968047	237.06203316240712
K09691	ABC-2.LPSE.A; lipopolysaccharide transport system ATP-binding protein	14325.58357547462	14562.42842701996	8951.81455564568	5771.887075865629	9524.139870871031	8689.79946243033	5116.846150849211	17399.918603561277	4561.365822781344	1962.2642148633656	453.6745966459226	1664.6410321706503	2022.6473931420164	1467.4916229652783	395.15977343742406
K09692	tagG; teichoic acid transport system permease protein	18589.28898213997	14247.985448325451	7594.955767333755	4297.240690735696	7608.838600808536	6585.177855857502	5765.7656991133645	10601.148122008755	4794.161543233664	2519.935227277177	710.4402471795311	2098.087594390942	1152.3271628036457	1244.7182598299069	211.65844864348816
K09693	tagH; teichoic acid transport system ATP-binding protein [EC:3.6.3.40]	20732.10424331812	21082.42062073836	23219.7560336217	3581.5584838139084	7581.454164625016	6369.441650920606	6109.919606027526	19134.046710394075	4198.256018529129	2028.4261440406256	680.1604391327381	2161.9937579694733	1104.403091740497	1226.072816438479	209.48881036573036
K09694	nodJ; lipooligosaccharide transport system permease protein	119.18242701096324	152.10680001780324	1225.5581925020751	2042.746900162832	1672.589770469797	737.0000593123326	941.2951885005796	165.75486073081973	220.7553120649577	279.01619183067515	134.81657396500535	851.3234837641487	158.68775453555364	519.6179274752798	5.026930377157736
K09695	nodI; lipooligosaccharide transport system ATP-binding protein	152.1714683155956	181.1749340225632	946.1445780509032	1463.4882702425623	1254.4060762942531	585.7288538131384	857.1550594953013	161.69955524438873	408.96174401349634	602.2272435565608	109.05441935952462	802.9745164363616	146.94912309439013	531.9998506786941	4.260609899218676
K09696	natB; sodium transport system permease protein	2824.3802632135075	4874.5563828357845	1510.554130539526	3169.1711471531407	15290.22762717105	8156.363794655812	1892.8077643183735	1816.4303189026775	1569.1818732790025	1269.162928658497	1174.9531770687745	306.95176704595445	592.1669228593914	7283.941413581148	128.90357908974946
K09697	natA; sodium transport system ATP-binding protein [EC:3.6.3.7]	3114.0160145919526	7163.055531493389	9360.659069005293	4800.423584300504	15696.912426299044	8697.967633490425	4613.580535027724	2496.156448195795	3087.423550388084	2215.4230183947434	1353.9818513867565	657.7860182612734	724.2863548332365	7997.189543066132	182.734709406349
K09698	gltX; nondiscriminating glutamyl-tRNA synthetase [EC:6.1.1.24]	1464.7171345119043	7321.314179060922	18187.12933746643	2100.385721463954	7416.422007036433	6302.605429397211	4958.774813295599	10277.580841055102	1579.8082350576494	2724.443295808825	873.0419561111329	616.3173569352239	311.1574404077366	2285.1788451034054	52.52064949573442
K09699	DBT, bkdB; 2-oxoisovalerate dehydrogenase E2 component (dihydrolipoyl transacylase) [EC:2.3.1.168]	180.28219710344305	87.92936661146388	41.05119006641701	115.360192851419	94.0822999331387	175.74750675030694	263.8800192559357	190.85537940125948	30.07280068422906	43.11347045950206	61.82430363778428	194.51834355561	36.50938394055167	152.4190004163808	51.93519322278339
K09700	K09700; uncharacterized protein	210.76811191796065	430.8673128727106	332.89885256910964	2452.900803246567	536.9062483911184	588.2420167226549	746.5126298737705	1344.722136772993	97.16683938119282	185.4585821557387	97.94622792437914	36.46126836846605	376.1253362744903	39.35638998049481	43.26249146722596
K09701	K09701; uncharacterized protein	25.85217239139004	17.813370698715925	112.73690272511898	43.8798121589939	100.90779802065548	127.67940550914236	680.6326537358732	125.13066493565373	187.055220888374	111.79072143578044	33.62525517109058	858.3555582703061	83.18792486594283	474.89370890605466	3.386878930699816
K09702	K09702; uncharacterized protein	21265.914794602068	12921.15675216802	31300.28447207072	11419.197869175396	5545.32537794683	5600.053377255819	7166.249446517279	20908.94049785379	11648.827488538936	5152.36533569293	422.8737798078445	1846.880672196688	1359.7816184163833	1655.5075932719865	580.6531108508298
K09703	K09703; uncharacterized protein	1041.265498555149	629.438698945477	1330.1831991016993	2879.1923142907503	2526.9900615243305	1787.981136938737	1154.098142701206	890.5793497763764	604.2750090848232	472.3474930431597	205.21952547422453	1493.5154370336786	398.1302906633489	643.8923447302437	21.231521639615977
K09704	K09704; uncharacterized protein	16934.31780011943	8400.58789497715	72265.6701923697	8044.614865669531	1808.823086779085	1616.7734904581744	1814.2956322479995	21886.325923548226	10685.036701450634	2643.731316851365	116.5890231918037	2053.226440144824	643.049277050097	424.6217484606461	419.9645743693622
K09705	K09705; uncharacterized protein	682.4097072154407	509.5095168379283	2784.356448231215	1333.173317152321	3084.4316830938005	2468.8801692813345	821.2484600331443	1283.7822384285982	780.296783516208	516.7374552093702	280.39626307305974	268.77897590738206	227.99856733595092	609.223874655427	32.86250154006537
K09706	K09706; uncharacterized protein	8653.360803247255	4751.287094256095	3178.041796326859	2579.4258890321244	4985.660684613948	5094.528709815018	3706.688669831323	5374.971871980712	3435.616082048922	2014.7446429501936	417.07117652641	720.0855870541237	668.2364058171745	1357.259520804687	158.97775342490115
K09707	K09707; uncharacterized protein	6922.074116383772	10476.55327969464	17486.488464668906	5353.468650816609	10264.270546969556	8817.421610188328	6531.0792847810335	17270.312043578175	3238.471399652746	2511.2417280358054	463.5650914986531	1419.1904989013112	620.4266111177733	1067.249714548358	250.9780124223256
K09709	meh; 3-methylfumaryl-CoA hydratase [EC:4.2.1.153]	3.743118128176928	0.4884254322735218	28.243367332772827	24.75000181785834	125.91949279258128	16.14000110341711	346.85244581731564	56.0000002516296	167.6100002360077	81.4119000062832	15.000000162352862	718.3600001707902	44.00000026288655	306.50000120471014	20.91211593578692
K09710	ybeB; ribosome-associated protein	53517.43316605162	52361.54647819739	113187.12966165744	35118.79723600272	33742.25225291659	31086.11657723556	20569.365776313123	78630.48190170915	31496.500852066947	14211.07003483093	2088.119594836916	6186.774182194835	6159.304904019569	6904.647289797576	1497.874799707372
K09711	K09711; uncharacterized protein	22.24607220211516	122.11674828651908	89.80091244093701	90.46188350389546	898.3325252853061	907.1565654542736	33.71586430466683	23.092927185716214	8.503531630306071	39.46493133930591	74.08010513698103	12.406188885533483	13.292728246114704	138.4538253541656	1.7688903886183145
K09712	K09712; uncharacterized protein	14.691830368274616	82.40634279606248	44.98909931360937	138.48373821397826	498.4394307944018	322.29157686734305	294.602170995383	91.9155469418136	111.93652685860488	154.27143252222265	61.020148247018206	227.46117626015092	84.96077106779265	349.5863487633701	15.762638561892429
K09717	K09717; uncharacterized protein	0.0	0.0001437316143911	2.8679613477063946e-13	0.0	7.581550818227e-13	0.0	1.213229074849929e-12	0.0	0.0	0.0	0.0	0.0	0.0	0.0	0.0
K09726	K09726; uncharacterized protein	13.890653801380909	13.25145578330867	15.564126934053654	21.0167428731042	40.53116558161839	75.31224437294532	20.18528395487888	18.94608572389189	15.444133752719097	21.993194102802946	1.965241192301472	65.60858355397147	20.8469662572506	2.6305068816236794	24.96506737655981
K09729	K09729; uncharacterized protein	241.3375221410912	659.1504659133734	735.8021549339106	1365.5721267306055	2886.320613123963	2918.666916755076	427.59239430165263	904.0292014594604	472.2207567723809	1073.8483861873212	240.27116724278676	144.8922578250502	261.33980456354186	551.3781582492475	6.737012069117887
K09732	K09732; uncharacterized protein	0.0	1.2068247399597677e-07	0.0004228358775513	0.0	0.0011177806479116	0.0	0.001788715810083	0.0074228656150324	0.0	0.0	0.0	0.0	0.0	0.0	0.0
K09733	mfnB; (5-formylfuran-3-yl)methyl phosphate synthase [EC:4.2.3.153]	0.0	0.234913916048926	0.0814323281517674	0.0	0.2152690567545146	0.0	0.3444818676704106	0.0	0.0	0.0	0.0	0.0	0.0	0.0	0.0
K09740	K09740; uncharacterized protein	450.7458051293586	1453.2702043089062	1077.787570364579	1728.14154189209	741.0981113084358	923.2222319436852	2534.0810192233425	854.2754309339703	1539.2122251639585	1073.234077641351	169.01153272892017	931.7985456580452	265.33278085758246	512.1751102609355	52.99188810780777
K09744	K09744; uncharacterized protein	2.2251909976783764	6.250064875730224	0.4218294158223705	8.031517593696698	3.875425568984241	11.698137300308506	111.42554475436437	8.797073290527301	6.030176091513233	4.516466865868039	5.403439668572141	11.283174708406328	10.159488228595745	31.790857450211444	1.1890973098842292
K09746	K09746; uncharacterized protein	0.0	4.6430447616967655e-12	1.6267862610229527e-08	0.0	4.300463365101686e-08	0.0	6.881767747734321e-08	0.0	0.0	0.0	0.0	0.0	0.0	0.0	0.0
K09747	K09747; uncharacterized protein	36298.62126667405	42781.46329847406	45115.96629466202	30183.461695633603	100236.50053990484	56033.13464798442	19763.50537207077	51773.55439111719	16417.61505797932	10602.242770935904	6589.981523944936	5537.398189065616	5913.171334187893	44984.49002343839	1022.6048726776064
K09748	rimP; ribosome maturation factor RimP	53076.451937441874	52466.03913204752	109300.12361479591	38027.47683951176	90486.45003048675	52664.73062102188	20585.28973158841	77033.78034177354	29125.9310715379	13959.527021358725	5962.69319136091	6388.394432898555	6250.673029624312	38549.5579551342	1528.1821980835798
K09749	K09749; uncharacterized protein	25391.62025692913	15115.781933574754	10036.343396009495	11869.473096396256	12970.959172936646	12735.812450396796	10409.757439133948	25342.04442253692	10226.329693300577	7350.919575895298	754.2309401779191	1554.6909962894683	3302.741500139562	1713.499070465336	589.8449423003892
K09758	asdA; aspartate 4-decarboxylase [EC:4.1.1.12]	3903.638641527596	3750.6371568820464	18795.971364989426	10015.505940460624	72496.07914924825	30468.426826036128	1119.555965965702	5529.327485425916	2919.90460205609	946.780877239549	4972.69450162781	943.2194656510856	313.7396541312633	39120.14643006214	212.59894914940605
K09759	aspC, aspS; nondiscriminating aspartyl-tRNA synthetase [EC:6.1.1.23]	5097.534609717399	3709.029294805311	2421.025945502225	4035.813671800392	5169.904849525401	5559.298730954091	3743.070694627753	6020.992917482476	3341.4487273684576	1767.8953555466392	392.0405287890785	1804.2791715511817	1636.0919158049978	1079.3829676752312	202.77861486886675
K09760	rmuC; DNA recombination protein RmuC	27892.06869347203	22493.873835166763	74765.34975656806	20936.728644668816	21407.89718358703	18809.64086929036	7111.556873698552	42671.98350724916	21268.8416911475	6475.983629103828	705.8023131864045	3219.8857993085608	1722.0186439303116	3162.1260750632955	839.5453247364126
K09761	rsmE; 16S rRNA (uracil1498-N3)-methyltransferase [EC:2.1.1.193]	45261.68811669925	46581.2610493988	108664.5106669614	35464.37198565289	89198.6920053263	50633.41853246014	17874.01298098301	67336.07546091388	28752.25425024312	12407.651917223406	5624.336900388114	6225.853273041295	4742.594509238716	38922.23788541239	1321.9008638937569
K09762	K09762; uncharacterized protein	36473.19341835125	42215.835744021366	40328.43707170033	26572.302230119167	100359.5933156579	55008.914855022085	17962.63260413473	50943.76166306252	13749.932764773936	10486.869206312887	6626.397863699562	4352.246509934799	5444.252995599964	43960.786863599584	942.571625129993
K09763	K09763; uncharacterized protein	27.400315892955675	39.852604049371294	617.2367087831648	1341.2543125512057	1009.0927189422156	534.2448138576684	617.0660464453028	98.43655230607536	40.3446043983325	150.82526754707482	131.60271548736657	156.0253171592168	129.2436485214218	154.31300090861004	8.825665358344848
K09764	K09764; uncharacterized protein	4014.770626762157	5761.172803269868	4162.315960487087	11971.705277604931	61447.92151311449	26412.91200988393	5000.753127551957	5979.467044944254	3882.1261253618095	3281.574887039605	4389.089300228088	1272.2214031656715	1682.2882749647215	32941.64179395665	221.58350403236025
K09765	queH; epoxyqueuosine reductase [EC:1.17.99.6]	29553.521041632244	35044.998369396715	46490.32230548912	17015.788590974436	18926.85783303302	17113.734166613	14613.180987033958	39472.24419276049	12432.018337369742	8334.0834292193	1348.233793470151	3720.693006406735	4090.72088714994	4956.827595767059	683.1343541977496
K09766	K09766; uncharacterized protein	11085.594451829304	5005.205741431737	3821.678176136983	2579.6714493593536	2907.6589633529443	2993.0850367166995	2330.457834662424	5634.141956483519	3437.8821891427665	2804.954427349353	126.749325255478	272.4793324302412	565.1577428050946	513.4025681902958	92.94308122560577
K09767	yajQ; cyclic-di-GMP-binding protein	474.1289989565465	719.849301797313	1924.8033949582064	1788.903390507238	1483.2679838915897	901.9673921923436	1710.6914774457478	737.3870641427809	423.2797286023937	423.8453127302121	173.4211296817647	1101.4992678083113	276.4484694769783	933.0216088334756	81.99624360224449
K09768	K09768; uncharacterized protein	11985.811266238708	13711.515997318173	13496.588606712909	11768.751831548196	69673.15915203323	33738.456232888806	4754.855832614348	16699.347716532648	3511.10617992661	3103.380258602725	4512.173483894592	1180.6580497492637	2666.8406102547965	34525.55369431336	420.294008549012
K09769	K09769; uncharacterized protein	20291.09150801776	21438.949368212063	20287.050247383337	20163.08467141041	20621.515172616644	19272.76700942001	8295.531083601685	33613.642695709714	8612.85942707465	4817.928266608073	872.0855425155673	2037.1568483632664	4411.227074340452	3720.600892025802	649.3378113705666
K09770	K09770; uncharacterized protein	12114.685841608178	8686.444227760961	5685.849746130253	10073.28597431125	51141.36535457951	23491.420282828803	6469.739333520796	8471.3389128953	5662.217540558688	4126.879388681036	3624.8450531499248	946.3189384450882	1718.5654118526509	26556.662833466795	213.0151690505164
K09771	TC.SMR3; small multidrug resistance family-3 protein	564.4833360499854	770.9624880702899	902.6720195270814	2017.635571132464	1593.0692440532152	871.5191497628766	1058.9122025971212	1914.5411857339195	776.2688290691688	996.584095549789	161.33962087872212	1293.4392212150578	946.4298121985828	949.8356909209732	57.95315685201487
K09772	sepF; cell division inhibitor SepF	36687.03700046379	43434.87459286426	41094.87828549502	27106.39804693637	89856.90031895602	51499.724922618254	21157.72339758673	51454.95064014319	15406.789444687303	11620.589685368252	6087.339444563744	4725.572091727085	5622.835705475465	38074.18693416363	971.6571063734542
K09773	ppsR; [pyruvate, water dikinase]-phosphate phosphotransferase / [pyruvate, water dikinase] kinase [EC:2.7.4.28 2.7.11.33]	1446.337728908325	7408.820989623774	18890.726010349157	7144.119714273626	63826.550898202746	28286.1660361332	3990.257173941312	9358.590666942484	968.3179420808376	1927.4438631603311	4583.4925910728	1616.459388699137	585.4229348180651	34398.51044156066	147.37381195687232
K09774	lptA; lipopolysaccharide export system protein LptA	323.35096465217333	372.5416974678162	1325.5063643618423	400.38017797118016	737.5224545056137	926.2543178182378	1014.3242710116464	972.8520606161604	452.8548826195511	336.2355048895032	86.31130740615778	1078.074713011907	307.0406281445573	768.8468653847459	117.08776391824212
K09775	K09775; uncharacterized protein	22579.658673697424	13995.28829297024	8450.167349523259	9728.377897774437	21956.330967033984	19743.35450818428	6313.148298581374	29251.65677114312	6091.879656698875	3870.173064088609	821.032385080863	1362.9352724080593	3078.5178060623844	1898.782832454232	533.2112593740044
K09776	K09776; uncharacterized protein	538.4772444112534	2164.978987042994	1239.821918462243	2967.489792674133	693.0746395765465	915.231777739928	3581.196374243339	1118.6180404695197	2283.654547250767	2016.171694362264	238.70554510460025	446.8671259571224	231.46449039618344	468.70256216909775	66.3951380252433
K09777	K09777; uncharacterized protein	31815.470897758787	28083.97858306669	21304.13948849348	27380.840635316792	124846.96781557742	61108.66280676522	14872.606216554845	37678.72708076757	12145.022521822772	7216.889412353545	7855.825243966906	3675.3405865430286	5019.8374862763485	60331.923931813006	814.725208991628
K09778	K09778; uncharacterized protein	413.0389109813727	564.3339496461588	3285.5106432263315	3224.98288835612	738.885479937246	1009.7089698955508	361.29708502574783	622.2304034575801	2400.4387905796134	555.4931874737813	91.52142562164003	110.58014596895455	266.2845470769929	602.4562805558878	37.09451312668001
K09779	K09779; uncharacterized protein	33373.41499358695	29264.15205919196	20274.39755987456	23954.14153794968	127698.7742832134	63235.66329719713	9350.510919953256	39196.992411629006	9484.658927378818	5878.001332980198	7975.475885439007	2818.492155204062	5402.71413192659	61018.337658240096	816.705589391979
K09780	K09780; uncharacterized protein	48.38462116969473	151.6714396110029	137.36533214532687	297.55860213242454	861.7042551819275	558.2361260149893	1590.4723584017463	347.48923302144783	490.2098876081175	330.824441263001	142.59119969226094	1691.4749951543304	244.9046244864433	1273.024281988026	73.43768099220439
K09781	K09781; uncharacterized protein	32.97652844076528	101.40644710360776	103.06981718257884	153.615338579318	370.73389874517545	441.5079948167751	515.8851908439468	176.67309668494852	250.33644860225644	210.49851303820728	64.81795000103145	818.518119658572	194.48036935973536	626.5791877806219	75.99435236431265
K09785	K09785; uncharacterized protein	0.3429404915569916	0.963243300454792	0.0650112225720191	1.2377960338706513	0.5972702347828236	1.802885667007731	15.324055769031729	1.3557814325439603	0.9293546285044196	0.6960658067993504	0.8327636854418529	1.7389327409923143	1.5657531828580935	4.899522015129762	0.1832605005081612
K09786	K09786; uncharacterized protein	228.5204748463705	1313.970053178003	930.851107773035	7378.8873618274065	57945.2934559716	23073.56260348437	1333.8778007624592	770.933922487898	690.0711431059314	1168.4127514749343	3973.0188474432266	1226.2017228206166	572.9867718704336	32822.28599765594	127.29594582090384
K09787	K09787; uncharacterized protein	35390.32919073858	40377.207900504174	39068.83433591596	23927.830239845072	98344.98230447371	53785.09569862629	15770.635849715454	48991.29757525041	12390.345105531826	9246.001863029816	6350.618281335467	3819.913319696403	5119.686360977068	43570.531962238136	857.4231543072028
K09788	prpF; 2-methylaconitate isomerase [EC:5.3.3.-]	1481.095391533055	963.342784055658	675.9867665417696	554.4569784206668	642.2445382708194	480.59438064179074	1568.1653832429915	1469.0622414178963	781.7773468076437	351.0842890928708	137.70875747593593	2107.4146576248554	273.781822523831	1206.54869695748	98.14520283538522
K09789	bioG; pimeloyl-[acyl-carrier protein] methyl ester esterase [EC:3.1.1.85]	11968.66514895373	8275.442215964653	38101.66414106518	8874.307517704781	1318.830061368678	1091.6995870598716	458.6496382367135	15723.45199804246	8830.368538485738	2717.4499328126576	23.48937848005145	1102.8690677659697	87.62184666847027	310.4413647634084	501.0607775842277
K09790	K09790; uncharacterized protein	14422.262203214048	15237.140821789468	38297.4870192349	14024.955751113666	68914.68539566097	32527.071004620066	5946.521767860171	26805.965404771378	7073.244931589825	4111.105329219647	4427.927778334545	2160.8206340686343	1674.0363128523911	33668.03318919085	489.01380077220045
K09791	K09791; uncharacterized protein	266.99641697604926	290.42446314726897	1621.3592180682942	1577.3598237259685	1544.8273543713042	1043.5475752716156	840.1877677585521	1003.652194278838	423.2902985009622	376.4373506421597	140.4858512909003	1146.2367460866328	265.4979965896072	589.267424646461	83.11066772542236
K09792	K09792; uncharacterized protein	44.49804468727167	22.04788034616316	65.24632514485025	52.79445820397787	160.70181797551615	233.13080395437825	488.8686544600615	88.8976183754099	181.94455071340928	138.23139527766585	22.2043009793837	826.7606626892631	91.04425923339926	406.0217797169124	59.49018737826948
K09793	K09793; uncharacterized protein	9128.410373437511	6735.569412894005	31115.4414047094	9431.672482282724	1009.7635169933568	1106.9450979075923	496.8439605089311	13213.09344787111	8458.835041462788	2112.334951763028	76.427106717193	760.3420468229916	168.8170759530586	720.1860030494076	351.1522371596558
K09794	K09794; uncharacterized protein	64.79260962059075	99.37155750131654	73.12262729005896	154.43663725039542	316.6394753031842	493.8940369990592	369.281175244911	240.96372331213317	103.48662925737862	158.15531706739893	44.78715330646159	238.1222813910292	146.6351982421864	298.4584373947416	23.35044262181712
K09795	K09795; uncharacterized protein	0.0461888230958329	0.1612823407628033	0.0601001855017009	6.553295224796625	20.793407366338997	10.76588895035872	14.12242504854232	8.226275918916215	0.1183669222848404	0.159927594752423	1.8877862284989548	18.94910527151867	8.195288946875749	45.25701578685613	0.0156112139280832
K09796	pccA; periplasmic copper chaperone A	24.91087127906468	26.862565992189168	459.8749125977752	1033.99377385816	1101.0638117484496	590.1571958085826	1048.5752896563945	132.00084235976323	348.4091594437664	294.61642704317927	96.4396106150953	1798.6815590926117	145.19313062154097	919.122017704844	53.54956825290822
K09797	K09797; uncharacterized protein	20059.76029628983	11454.434595369314	63836.909340383856	10224.750081858638	2166.8699050679847	2208.054496775896	1488.9545890869997	28005.619975134832	14949.178314418104	3642.601077887568	63.59588025971885	1220.6766691345715	1029.0036265519034	580.3797173898521	561.6393960376205
K09798	K09798; uncharacterized protein	366.37366522863897	968.1919247558247	755.7303801672191	1351.511946178136	748.8426600399948	1162.1005143906318	1839.060001229785	722.1721473452428	956.5631269538046	797.6948137137316	149.9511192771201	439.54958179621474	338.77914956635584	402.3477253955272	57.28537538527232
K09799	K09799; uncharacterized protein	9.701385315934033	26.088799746904183	26.52492437883536	47.55788105018497	76.890774890613	143.1084878362108	338.28526297765904	55.408406840855655	21.95847477494181	46.31477462117898	17.51727981123019	59.368856692022895	54.93806317638632	232.59805620530972	108.58776419525132
K09800	tamB; translocation and assembly module TamB	87.63262180563635	181.078006354728	317.52733226513817	217.84144406418065	710.8984138939271	617.7079552233963	904.4725108347116	335.37806694060595	290.5405581476504	294.10101662848456	101.09126357448795	1001.5949976311769	191.33668073864823	815.5171195726709	76.34616886042883
K09801	K09801; uncharacterized protein	18.960923795789192	82.64635680367546	42.308662904991735	132.51588627553002	425.7735014787148	338.64051685315826	726.4737533077815	149.54535338835353	259.43650958621146	197.88493944523677	62.81411391940882	917.6154650589748	130.4093346809485	644.3029669867744	66.50002200353846
K09802	K09802; uncharacterized protein	16.70267840907652	86.48278887075237	28.734320189655836	104.73046746663506	352.1332233742102	270.02054237205687	138.90118419478685	80.00605519516395	83.66482646856717	137.29283924208556	51.64636272310677	33.27481222493436	78.47570329247978	146.5231823376539	15.882892130124588
K09803	K09803; uncharacterized protein	8458.41120831194	4687.224579926138	2465.9850356662946	768.8958282724587	2370.960180021183	2476.2647427275037	2267.478832679726	4292.152765768	1429.2502131395256	644.593541284398	87.16797654642401	138.47651259525543	544.4613082780942	567.8390969833317	79.52383793991675
K09804	K09804; uncharacterized protein	23.883172810538703	61.76595277220448	117.33047672089096	155.46013772448077	310.9312511717605	609.7014014822724	118.59742904880186	121.8105480068778	41.07115471371132	142.47585765331016	15.08064312577214	85.47892915830671	168.03831605208987	11.315970205728586	20.535577356855654
K09805	K09805; uncharacterized protein	3100.6249932531045	950.6587930927084	10763.389965560098	1135.393440424556	6820.038189055141	5869.549694574299	166.00940194571064	6211.864047214944	884.0402575541688	246.09239580662927	16.310840238631403	15.43166262941232	52.73379184721108	224.62878133270823	46.75527210328271
K09806	K09806; uncharacterized protein	9483.328668646362	7084.929043870668	2410.6958168182714	2162.444276119236	7868.919216281894	6883.26048428273	894.6027361174704	9931.893336690831	1431.5268281049382	547.5643309106495	96.71379563321572	294.0796857511042	434.42429849642247	509.55489821730254	144.51457778489774
K09807	K09807; uncharacterized protein	15754.04439925602	9061.162415544077	10074.543110929111	7289.096404571526	15857.072219820337	8915.467763676284	7522.931238724637	13633.141894830012	6830.968303315536	3999.235394989551	1338.0440463208793	1470.9662679412004	1520.2804214806306	7997.930070070261	282.1909645569659
K09808	lolC_E; lipoprotein-releasing system permease protein	36233.76868695527	22688.3558346998	146207.4259476596	27798.300129482075	5091.619093166752	4854.219381651968	4287.111479587558	57343.508500798926	34455.313616881496	8140.3887666871315	390.3097736868529	4111.037231734701	1475.2458166431934	2707.682786476156	1291.9351962335077
K09809	tagF; CDP-glycerol glycerophosphotransferase [EC:2.7.8.12]	11416.2423910857	7966.705273817077	12766.894810981235	8129.398015639728	59642.09247607169	30034.52240948301	3499.34324278685	14993.475022251465	3711.8989184762113	2998.4174071573125	3767.377865355452	1515.7210969932098	1147.9002177312686	27263.85338746914	329.50460509316724
K09810	lolD; lipoprotein-releasing system ATP-binding protein [EC:3.6.3.-]	22991.94611151204	13877.90923226337	74437.30343583405	17425.652964450128	10348.940079174816	9290.875419598073	2736.3416231339947	36816.8780148376	18960.84147100241	4951.923911099044	293.8351494517174	2209.9056577078204	1064.6224496310392	2140.458971942395	760.0455079003827
K09811	ftsX; cell division transport system permease protein	52471.59416916967	45934.690026666445	104967.4309915935	33495.76351678402	85849.85986591366	48949.447441543496	15773.81222371539	73313.99800868529	26784.899471622863	10906.607807049715	5212.9180748347135	5393.082841568314	5642.723294894369	37220.01330527767	1448.9038057535251
K09812	ftsE; cell division transport system ATP-binding protein	59315.86626551542	49603.46921844997	108306.05692998858	36595.956801075685	86995.61631523867	50442.81113790699	18848.76663465512	81560.5991324783	30635.681930789087	12321.147275338684	5404.499059762027	6056.020445455999	6274.017205011216	36885.80074318744	1605.3991265388097
K09813	hrtB; hemin transport system permease protein	1.6428956152401527e-05	1.182601209720627e-05	2.784385633327691e-07	1.6819656416901015e-05	4.531005335783512e-06	6.7018550069356536e-06	53.930009819247765	4.754541212300534e-06	1.250431055559913e-05	5.807219037193404e-06	16.980000487228708	5.046020314882996e-07	20.000000788935115	3.59643347680794e-06	0.0
K09814	hrtA; hemin transport system ATP-binding protein [EC:3.6.3.-]	0.0040616478067278	0.018014603279015	0.004331941659582	0.0848762475172318	3.3724737836243435	0.0515188130179507	53.9845994405738	0.0117486466517571	0.0110192555810263	0.0156941470245901	16.987580294569778	0.0078505884226297	20.012274236925148	0.0559532408787797	0.0
K09815	znuA; zinc transport system substrate-binding protein	45096.65654171417	46980.849151480106	91208.01043771366	32515.94554067748	74800.81884043895	39592.97245116572	11809.157811149822	62390.75781399704	26261.32229310268	11030.217351982705	5105.169388232032	4388.75662115022	5345.546906356035	37309.57815093591	1482.0623640993194
K09816	znuB; zinc transport system permease protein	43537.85256180672	42456.30324710185	77924.28352658372	29493.38083823671	74106.77145806645	39049.95940590715	11656.156159936529	58233.0916676584	23622.27463060615	10186.412107732756	5013.245606410977	4204.142590369871	5295.316143227024	36391.0835599654	1319.1214835833523
K09817	znuC; zinc transport system ATP-binding protein [EC:3.6.3.-]	42917.53339527539	42239.66208215672	76496.76642779112	31404.52427069386	74847.8166823079	39819.188218450254	12236.96889592796	57567.53407897264	23539.36033396676	10165.698511975068	5067.838405870675	4096.9505851949225	5067.040436130515	36363.68620067848	1348.9986202399095
K09818	ABC.MN.S; manganese/iron transport system substrate-binding protein	3516.7335220075865	1954.473254470932	1153.7143610408086	714.6808059540358	91.10891103235116	167.87796962777497	296.2990468918048	2712.3647823657884	563.7907969059206	117.60409208211978	23.233058715649037	38.99691531044616	145.72275818307034	66.22129104814721	40.98643155162404
K09819	ABC.MN.P; manganese/iron transport system permease protein	39.10042488402123	435.6528642681693	2960.125422943459	3029.2986109190315	181.09238043830683	394.0463421835992	220.40934403682388	496.5030419997149	2204.237820689536	299.33478317701304	20.919974721576025	53.36166940379213	112.88702303088644	486.2600128930959	15.347656162136712
K09820	ABC.MN.A; manganese/iron transport system ATP-binding protein	540.3036631395775	1095.018553216212	3254.057272643186	3601.9291554176007	348.2205344765018	579.884967246662	316.16838479859666	2165.095878656857	2402.7728535657425	436.7148959737358	51.03455201471105	86.46446432691863	822.1121490471019	501.7492347336249	25.797616067787576
K09822	K09822; uncharacterized protein	19.92068848395547	18.81944582402753	73.30920754314171	47.38837213150037	17.936678169149673	36.85154973250961	371.8499079256648	61.70369109998536	23.64437530062593	13.831673786715733	34.50941468223452	31.858148171005634	48.93956542924138	92.84157284056398	3.8306753464318
K09823	zur; Fur family transcriptional regulator, zinc uptake regulator	36.132471743704215	78.54504782320612	146.77898734927817	158.60193296253394	389.5075745097741	357.72063663612903	567.0389642653472	144.53013457213683	114.12532597436356	118.26739209579054	57.395626692068895	259.6274221039422	103.24480043934248	447.94443709997495	16.894730212532185
K09824	virK; uncharacterized protein	64.05253407107722	180.24076884036327	176.72338577337013	168.64104726007017	481.2465682028118	405.3736709810652	240.64646883272147	162.23384933527836	146.99165367550054	204.10121684819853	79.9513269268221	72.72130399490707	142.43437283637954	217.4643091360704	58.7419238945123
K09825	perR; Fur family transcriptional regulator, peroxide stress response regulator	62197.06458130573	54234.1136352793	84488.36881066568	41726.66010565906	100355.9475486485	62033.10402125005	22096.014634782303	85244.53463632631	30478.29399246768	14615.480990480006	5571.948763429656	5556.985010470502	6920.099236523259	36698.32548057079	1668.620958403399
K09826	irr; Fur family transcriptional regulator, iron response regulator	7.348710347695272	0.043635382312482	38.65069918272116	6.171224333988372	22.096932159707315	5.308934305318746	0.0136882053607898	8.719358735668392	0.5199015884874831	0.1795848152956257	1.8012234723828198	16.485119552738997	8.023542991933954	39.00919887185922	0.0002379948039948
K09833	HPT, HGGT, ubiA; homogentisate phytyltransferase / homogentisate geranylgeranyltransferase [EC:2.5.1.115 2.5.1.116]	2.5313840875123863	7.110092926337799	0.4798744341368821	9.13667898911668	4.4086959851539405	13.307836786339625	113.11312570225552	10.007577492248917	6.859946772605339	5.137946525922346	6.146969500203656	12.83577407210519	11.557464894460182	36.16537670779823	1.3601641560009874
K09834	VTE1, SXD1; tocopherol cyclase [EC:5.5.1.24]	2.717183418328301	7.631961778350193	0.5150964098055033	9.807295846681708	4.732286849082204	14.2846096046989	121.41543871972758	10.742116833916157	7.363455318017509	5.515063151958518	6.59814671401242	13.777898281886833	12.405763362445487	38.81985447913388	1.4520126857282418
K09835	crtISO, crtH; prolycopene isomerase [EC:5.2.1.13]	469.8254916428715	1221.150558057161	299.4342759640738	1483.9794363912763	12546.658444728318	5573.547115836973	366.4723770792546	470.5527703837853	372.8186727567998	263.7151928697832	845.4839766064191	116.03220957102864	364.1658448210949	6529.5214777033525	63.68332785628693
K09836	crtW; beta-carotene ketolase (CrtW type)	1.881155819392382	5.283746844575009	0.356610673507602	6.789770440244499	3.2762488115954684	9.8894967135343	84.05813077286284	7.436964121894508	5.09785490699281	3.8181791750393153	4.568017751229153	12.180268753895568	8.588737067160126	33.17519452906915	1.4441121505397891
K09838	ZEP, ABA1; zeaxanthin epoxidase [EC:1.14.15.21]	0.0111056472631154	0.0311932845107971	0.0021052973440104	0.040084290056963	0.0193417596100699	0.0583839259768065	0.4962480727735849	0.0439050818623238	0.0300958473572347	0.0225411157694825	0.0269678850171953	0.0563129000838166	0.0507047227668445	0.158664154853401	0.0059346345095196
K09841	ABA2; xanthoxin dehydrogenase [EC:1.1.1.288]	0.0	4.384359300707088e-25	0.0	0.0	0.0	0.0	0.0	0.0	0.0	0.0	0.0	0.0	0.0	0.0	0.0
K09844	crtC; carotenoid 1,2-hydratase [EC:4.2.1.131]	7.34	0.0	38.65	6.0	20.45	0.0	0.0	0.0	0.0	0.0	0.0	0.5683391136716035	0.0	1.3553459625860078	0.4336126723873361
K09845	crtD; 1-hydroxycarotenoid 3,4-desaturase [EC:1.3.99.27]	7.340286846093304	0.0012722468364791	38.65030593507871	6.005994222338596	20.452999629578983	0.0036384174475603	0.0038559808655049	0.0008297256566854	0.0007782138099952	0.0011083690600354	0.0005353437784117	0.5688935464354282	0.0008668444625922	1.359297553003861	0.0002379948039948
K09846	crtF; demethylspheroidene O-methyltransferase [EC:2.1.1.210]	7.34	0.0	38.65	6.0	20.45	0.0	0.0	0.0	0.0	0.0	0.0	0.5683391136716035	0.0	1.3553459625860078	0.3287434903348708
K09847	crtA; spheroidene monooxygenase [EC:1.14.15.9]	0.0	0.0	0.0	0.0	0.0	0.0	0.0	0.0	0.0	0.0	0.0	0.0	0.0	0.0	0.0087212131200995
K09857	K09857; uncharacterized protein	22.5656816015702	72.36061037605033	86.60096288625907	135.0037753891698	370.2227088608307	347.1369890702304	416.736732579538	200.4049253725696	103.13455605771333	118.71678048507344	55.04844739484763	261.32445736216124	85.76677094338767	208.14118769949167	36.54657727646757
K09858	K09858; SEC-C motif domain protein	236.95543640664488	330.6665279406604	1066.6011463404789	382.9704495809809	581.7002376770873	641.7310041382995	1534.0927319182572	1014.0290725929912	453.6265257971678	280.3985556917322	127.45617547311778	1087.1255297195376	263.36210411464987	953.4198072660806	51.83327296402453
K09859	K09859; uncharacterized protein	4.8505259700056165	11.573497626961933	25.274292200208905	34.463384308708	121.9088268548316	147.18358813180305	324.9109173495434	72.9456368184624	162.16797751078252	93.26285521728111	18.06278615936936	661.0441000604577	79.04089064459416	288.26417952302444	5.5217820894651775
K09860	K09860; uncharacterized protein	4.335607978564799	15.124888154737334	21.29947118146034	28.22130119870947	56.44459486432086	110.68153640132104	32.169524063314306	18.25697422223771	7.455811146962077	25.864212853745247	2.737649523229795	15.517332232105998	30.504668268302883	2.054233375873303	3.841005407129469
K09861	K09861; uncharacterized protein	30650.796913039263	30155.776689160462	83195.74701009147	23538.626027199687	77811.51090476247	40071.87212204485	11399.17556284758	49845.27784556717	18173.77345360569	8060.790688577335	5242.115458192526	4813.583398606969	3461.1707097559474	36250.394144204365	905.3214603309408
K09862	K09862; uncharacterized protein	215.0100055239813	253.36175186496263	1040.9586629049918	232.52588627553	436.2335014787148	334.85051685315824	738.0037533077816	855.3227582413001	396.4365095862115	195.08493944523676	64.61411391940881	936.783832522826	139.13447730325493	655.3855949951727	66.50002200353846
K09873	TIP; aquaporin TIP	9.136984199273223e-10	4.052521374302508e-09	9.745030681934304e-10	1.9093554374014375e-08	9.554799143740066e-09	1.1589546974767116e-08	1.2282557463145785e-08	2.642946999051364e-09	2.4788649563563182e-09	3.5305171745128223e-09	1.7052446446771952e-09	1.7660492929433035e-09	2.7611825096555918e-09	1.258710508972963e-08	0.0
K09874	NIP; aquaporin NIP	0.0	0.0013376019584978	0.0002280741205735	0.0	0.0006029214922416	0.0	0.0009648182829308	0.0	0.0	0.0	0.0	0.0	0.0	0.0	0.103763455208052
K09879	crtU; isorenieratene synthase	1.493596750939152	4.735470294144086	2.9192781760691533	5.390929855267122	9.569985858936894	7.852045007377058	77.89193336054107	5.904787543277801	4.047585770062928	3.031551108926361	3.626906607700369	7.573513061277598	6.81927017737666	21.33871719180333	1.00007430295423
K09880	mtnC, ENOPH1; enolase-phosphatase E1 [EC:3.1.3.77]	16.297749484792917	8.887436964779974	72.40662388881577	21.688167761587607	5.275360504187384	20.984703782972787	185.9797719333199	44.88705792206444	13.825225940204332	8.575421119862241	8.947185341259866	14.426339753297905	12.98995763304912	40.6490179037644	1.5271331534247423
K09882	cobS; cobaltochelatase CobS [EC:6.6.1.2]	198.3400012801361	185.33775882969144	1012.900002838394	147.5000096302628	197.76002031842677	92.3400205133694	159.7984178433637	693.0243247327593	164.55491463832553	25.45595230102788	17.131482361096182	185.8050960981037	14.670009574378623	117.55911084007649	0.0010398690897045
K09883	cobT; cobaltochelatase CobT [EC:6.6.1.2]	11.34	13.334690406318105	52.9	43.5	197.76	98.36504816955689	136.7984069329617	18.0	24.36	25.44791550071833	17.13	147.79676276594824	14.67	117.55138177635855	0.0002379948039948
K09884	AQPN; aquaporin rerated protein, invertebrate	9.136984199273223e-10	4.052521374302508e-09	9.745030681934304e-10	1.9093554374014375e-08	9.554799143740066e-09	1.1589546974767116e-08	1.2282557463145785e-08	2.642946999051364e-09	2.4788649563563182e-09	3.5305171745128223e-09	1.7052446446771952e-09	1.7660492929433035e-09	2.7611825096555918e-09	1.258710508972963e-08	0.0
K09888	zapA; cell division protein ZapA	35908.0893497478	33742.79211937534	70239.48092319242	18852.80669569185	72613.1402616505	36916.28386746075	11950.6321633739	44321.051633245865	17420.50030393521	7461.109412645007	4943.474717671108	3811.9934203551097	3875.0533514006593	35104.89617281105	741.0614598093339
K09889	yjgA; ribosome-associated protein	403.4841507725057	296.59020265770744	1063.2446707331385	269.9581018716742	443.9894155497928	357.7062821725932	781.815625407207	978.2350863379186	415.5225143292273	251.1376740002053	75.25857641701883	980.0846899346208	164.58638326558196	644.3213729862853	76.51948326113111
K09890	arfA; alternative ribosome-rescue factor	16.67231616194021	68.03271825125873	27.05837784417972	85.02719904949028	184.4718250298304	242.5091309227	226.95391510813096	82.08242564816993	82.07730745450073	93.5346992581271	32.48370463592557	131.17950040683763	80.46349649926692	107.75240225406812	15.499795562345058
K09891	K09891; uncharacterized protein	16.7195564375579	68.17092932201176	21.878056270751927	74.82473341026564	156.68980008303313	158.89101286944603	135.5979011898432	80.36854394494539	75.65079052419564	74.505512860991	32.60443858920708	28.421071834286348	77.41071043278075	72.67089095001374	15.530938593298783
K09892	zapB; cell division protein ZapB	25.63040414785277	89.41152652265599	71.07826827686029	143.35083393569334	301.12751462929134	471.25598723737687	266.5713981424633	211.4975889982172	97.48543038149045	149.78849391971997	43.7155802406059	182.45184239941807	143.50845842985055	111.99844997446344	23.21935079184353
K09893	rraB; regulator of ribonuclease activity B	16.671287160137425	68.03266341851902	21.86868151786008	74.64713953676646	182.10382479403185	167.63100331454362	273.88448127526266	102.12312143768456	151.51747927715243	103.90538207484914	39.984146489336105	335.6698500034987	99.18453004144344	209.96320739867	15.61339398951178
K09894	K09894; uncharacterized protein	16.67000552398131	68.03175186496267	21.868662904991734	74.64588627553002	156.60350147871478	158.6305168531582	133.38375330778163	76.62275824129998	75.51650958621148	74.40493944523675	32.48411391940882	28.16981627221141	77.18447730325491	71.96296698677435	15.613121837186892
K09895	K09895; uncharacterized protein	16.670005522619157	68.03175185761809	27.05866290197148	85.02588626528272	184.47350145709453	242.5105168313305	272.9537532961722	90.08275823161551	82.07650957623109	96.33493943498944	32.48411391496694	131.17981626862831	80.46447729306706	241.74296697711893	15.61312183505446
K09896	K09896; uncharacterized protein	16.692576418879742	68.04780539600632	21.86899077197745	74.6679576847909	156.60919592207577	158.63908446285916	133.39657381697504	76.62915472774438	75.53358703974669	74.41273484236869	32.48468761968285	28.170410403484567	77.18540633131381	71.96720111809235	15.500022066276442
K09897	K09897; uncharacterized protein	16.670005523335398	68.03175186147999	21.86866290355957	74.64588627067091	156.60350146846278	158.63051684280785	133.3837533022766	76.62275823670775	75.51650958147894	74.40493944037765	32.48411391730255	28.169816270512364	77.184477298424	71.96296698219591	15.727128979231347
K09898	K09898; uncharacterized protein	16.67000552398131	68.03175186496267	27.05866290499173	85.02588627553001	184.4735014787148	242.5105168531582	226.9537533077816	82.08275824129998	82.07650958621149	93.53493944523674	32.48411391940882	131.1798162722114	80.46447730325491	107.75296698677434	15.613121837186892
K09899	K09899; uncharacterized protein	16.67000552398131	68.03175186496267	21.868662904991734	74.64588627553002	156.60350147871478	158.6305168531582	133.38159807260604	76.62275824129998	75.51650958621148	74.40493944523675	32.48411391940882	28.16981627221141	77.18447730325491	71.96296698677435	15.613121837186892
K09900	K09900; uncharacterized protein	16.66974740920036	68.03060704959132	21.868387612798657	74.64049245641357	156.60080229844164	158.627242868589	121.35474690535015	76.62201162171354	75.51580931875073	74.40394209216497	32.4836321966455	28.169317372731637	77.18369728269627	71.95941120129676	15.500022002949065
K09901	K09901; uncharacterized protein	16.67000552398131	68.03175186496267	378.3686629049917	74.64588627553002	263.1035014787148	240.1305168531582	421.8837533077816	102.12275824129998	151.5165095862115	103.90493944523676	67.98411391940881	335.6698162722114	99.18447730325492	209.96296698677432	15.50002200353846
K09902	K09902; uncharacterized protein	16.670005523981313	68.03175186496269	27.05866290499174	85.02588627553006	184.4735014787149	242.5105168531582	272.95375330778165	90.08275824129998	82.07650958621149	96.33493944523676	32.48411391940882	131.17981627221144	80.46447730325491	241.7429669867744	15.50002200353846
K09903	pyrH; uridylate kinase [EC:2.7.4.22]	53764.22089012829	53038.1246998052	114751.1463153493	39441.95699386945	91043.54981881536	53407.915609046206	21203.8785096235	78136.2661822713	31946.4092079871	14275.429577784487	5925.135526725751	6776.134134383961	6172.476737894815	39279.78958902232	1520.7640773824262
K09904	K09904; uncharacterized protein	16.670005524967003	68.03175187027739	21.86866290717726	74.6458862829452	156.6035014943597	158.63051686895326	133.3837533161825	76.62275824830787	75.51650959343353	74.40493945265193	32.48411392262307	28.169816274804223	77.18447731062706	71.96296699376123	15.61312183872997
K09906	epmC; elongation factor P hydroxylase [EC:1.14.-.-]	16.67000552398131	68.03175186496267	21.868662904991734	74.64588627553002	156.60350147871478	158.6305168531582	179.38375330778163	84.62275824129998	75.51650958621148	74.40493944523675	32.48411391940882	28.16981627221141	77.18447730325491	205.95296698677436	15.50002200353846
K09907	K09907; uncharacterized protein	16.67000552398131	68.03175186496267	21.868662904991734	74.64588627553002	156.60350147871478	158.6305168531582	133.38375330778163	76.62275824129998	75.51650958621148	74.40493944523675	32.48411391940882	28.16981627221141	77.18447730325491	71.96296698677435	15.502690450765703
K09908	K09908; uncharacterized protein	16.67000552398131	68.03175186496267	27.05866290499173	85.02588627553001	184.4735014787148	242.5105168531582	226.9537533077816	82.08275824129998	82.07650958621149	93.53493944523674	32.48411391940882	131.1798162722114	80.46447730325491	107.75296698677434	15.613121837186892
K09909	K09909; uncharacterized protein	16.67000552398131	68.03175186496267	21.868662904991734	74.64588627553002	156.60350147871478	158.6305168531582	179.38375330778163	84.62275824129998	75.51650958621148	74.40493944523675	32.48411391940882	28.16981627221141	77.18447730325491	205.95296698677436	15.50002200353846
K09910	K09910; uncharacterized protein	16.67000552398131	68.03175186496267	21.868662904991734	74.64588627553002	156.60350147871478	158.6305168531582	133.38375330778163	76.62275824129998	75.51650958621148	74.40493944523675	32.48411391940882	28.16981627221141	77.18447730325491	71.96296698677435	15.50002200353846
K09911	K09911; uncharacterized protein	16.670005528277684	68.0317518881282	21.868662914517905	74.64588630785096	156.60350154690715	158.63051692200486	133.38375334439894	76.62275827184565	75.51650961769059	74.40493947755769	32.48411393341892	28.169816283512837	77.1844773353883	71.96296701722844	15.500022010264356
K09912	K09912; uncharacterized protein	10.000005523973195	53.53175186491892	27.058662904973737	85.02588627546895	184.47350147858597	242.51051685302812	250.94334029616948	84.08275824124227	82.07650958615201	103.60091888463302	32.48411391938235	129.67981627219007	77.63447730319419	251.92056280957152	66.61312183717419
K09913	ppnP; purine/pyrimidine-nucleoside phosphorylase [EC:2.4.2.1 2.4.2.2]	612.2169064824238	1060.878051777523	538.7486047898518	643.8026025196876	2045.4935153506983	1970.449642090001	1133.565220146124	349.4907925365775	782.1418120587075	537.7931368575864	208.4999945741037	1241.1085328876834	236.8744647586479	1243.6033493589407	29.3007231807397
K09914	K09914; putative lipoprotein	10.006862866516544	53.55249134143478	23.407784489999027	77.75451923871798	164.87429011652853	193.73593757243975	156.28074701927792	80.33795186904817	77.47749131776803	83.97688758878422	34.300255522219615	82.39289708763593	75.35640665878103	115.06499862309896	15.611312002276026
K09915	K09915; uncharacterized protein	14.000004253423784	66.86482367171236	41.47467106457192	122.52587671732569	413.281514242528	321.65049649328006	585.1738388918175	154.15349536117162	258.60251125369416	192.8809957474433	62.81410977623036	865.3698678137404	128.30446780051653	451.17301286432553	67.12878580686471
K09916	K09916; uncharacterized protein	10.000005523976386	53.53175186493612	27.05866290498081	85.02588627549297	184.4735014786366	242.5105168530793	238.34375330773963	84.08275824126497	82.0765095861754	93.5349394451997	32.48411391939276	129.67981627219845	77.63447730321806	241.74296698673945	15.50002200353075
K09917	K09917; uncharacterized protein	16.67000552398131	68.03175186496267	21.868662904991734	74.64588627553002	156.60350147871478	158.6305168531582	133.38159807260604	76.62275824129998	75.51650958621148	74.40493944523675	32.48411391940882	28.16981627221141	77.18447730325491	71.96296698677435	15.50002200353846
K09918	K09918; uncharacterized protein	10.000004252438114	53.53174500895666	27.05866988710076	85.02589631280956	184.47353392989496	242.51065488703864	192.34386837864145	76.08275951243112	82.07651265846708	93.53496600711802	32.48410977301618	129.6800074645259	77.63447398750948	107.75302556400538	15.500020012960176
K09919	K09919; uncharacterized protein	14.595148687691632	27.600282264354476	60.29631668896737	75.62346889486754	296.8287617230354	210.3246845781293	712.3987381973499	87.32863569057936	192.74131985915784	130.08744391667597	40.03434474224313	934.2749243763296	76.81153691419769	551.3755245303769	52.96578923348519
K09920	K09920; uncharacterized protein	10.000005523604814	53.53175186293266	27.058662904156947	85.02588627269769	184.473501472739	242.51051684712516	192.3437533045728	76.08275823862323	82.07650958345293	96.33493944240442	32.484113918181095	129.67981627122106	77.63447730043902	107.75296698410564	15.613121836597491
K09921	K09921; uncharacterized protein	25.04908725152752	82.24013789060642	80.95866290355957	132.51187222441365	467.6044874222055	374.6336901515255	680.4584967120476	138.62016308965417	259.43650958147896	197.8849394403776	70.47911391730256	928.4052986536948	132.3646199207304	537.8189158112634	66.61335983097972
K09922	K09922; uncharacterized protein	15149.134116984462	10081.2116485133	55192.654216707095	12944.858627996971	1386.0908832334264	1534.4818695093563	1246.8296027031683	23006.751708457385	14365.291359459488	3706.592505996311	50.404082591317824	1097.6527517881557	322.0211795111039	1124.0162245770798	573.4388713605656
K09923	K09923; uncharacterized protein	20.67000552360481	81.36175186293265	41.30866290415695	122.52588627269768	354.64350147273905	314.51051684712513	352.2037533046324	92.08275823862324	101.57650958345292	110.5349394424388	47.81411391818109	174.17981627122106	87.13447730043902	158.75296698415377	15.500764593154036
K09924	K09924; uncharacterized protein	135.85953833968748	35.17365935656703	620.2972125024062	121.13685410907031	222.56772685906827	163.62690794141236	259.46758074161926	280.8254322995501	27.814089034131538	44.920649776883096	18.68580635441164	210.5484314019345	20.918124638670985	138.13290435648753	51.4908442195025
K09925	K09925; uncharacterized protein	4445.250939871896	4342.752607584958	2136.201006981155	1686.1438003010685	621.8395263475962	702.2572317999684	1484.7446765721893	6594.951924183969	1341.2503886211148	804.0917218393975	143.0180828341068	393.3017091935603	310.9129631234492	528.7321330035725	161.5288517293346
K09926	K09926; uncharacterized protein	0.0	9.9949752781974	6.19	30.349960605838405	108.9799606058384	124.98292599531476	459.771842262631	56.46	164.42000000000002	103.68	15.0	893.74280781283	47.28	422.2848570957126	51.130148146218914
K09927	K09927; uncharacterized protein	1335.3212504259736	2148.0841656529005	1174.538042434949	2218.2251613397693	2237.780670807363	1410.3228207243365	1169.1660386654214	3008.0223289957626	968.1237680122229	1283.5355335613087	200.80934605896192	366.983491069953	965.1834995347584	487.6237507386608	84.69113692127762
K09928	K09928; uncharacterized protein	250.834005860263	627.4533641596502	3671.587552704688	3143.414709618241	436.0232143798005	814.4117428749607	516.765573341902	550.6463129658274	2401.572716585813	458.1991436295492	33.35964254393045	795.128743295291	245.70632701150777	818.9869095561478	24.518016949923545
K09929	K09929; uncharacterized protein	6.16318057026144e-16	2.7335519521481803e-15	6.573326870837363e-16	1.2879197421017322e-14	6.445009770306213e-15	7.817510589401971e-15	22.58446335068133	1.7827501107071854e-15	1.6720716597641101e-15	5.600000000000002	1.1502406518830173e-15	1.1912552819406097e-15	1.862503647079601e-15	8.490394623975725e-15	1.5044318314425882
K09930	K09930; uncharacterized protein	37.93525627435882	64.5945401911101	107.3283173180192	75.74418434074386	301.1770911460594	372.24399012904377	1108.1108937333674	157.287624086251	204.2848989869868	134.5163705710499	78.41064835713269	866.4959303056145	121.08972364634256	552.9163696934497	38.274692228906304
K09931	K09931; uncharacterized protein	43.49805149819102	181.36709282284045	43.8043468325584	176.22228223524593	1444.7036167666397	1465.5310947324867	145.4545373146044	66.49216013345496	38.61256668453875	75.26844150127464	123.28754653466255	29.544472179626915	30.969458385579625	251.50505722990755	3.993709316142288
K09932	K09932; uncharacterized protein	2.276796827794124	11.697043364407318	400.1005407475824	988.0024400869008	789.2974029749241	480.1193715893577	380.5016021625052	19.70524609543708	20.627814308283536	127.35049970563054	42.883454808980886	331.1176461827154	47.633452064550674	176.9698096759442	1.2322181559726768
K09933	mtfA; MtfA peptidase	23.5812987023138	94.9884752696962	86.41500126713822	193.06503792978887	536.2957919425885	563.3776724778661	698.1795866252348	177.26724886689308	271.67454692299606	235.32578301432625	69.9914857369019	874.8672273050864	194.1667996593748	491.1553561051942	75.15850877999213
K09934	K09934; uncharacterized protein	9.85	53.11	21.84	74.1	156.34	157.84	83.99840692871061	84.56466242557747	72.17	74.12791549826679	32.12	25.91	73.67	69.85910176262166	15.42
K09935	K09935; uncharacterized protein	10907.114630698728	7303.931378980353	2916.60703285735	3257.488931076889	1442.400256839353	1616.3077457769696	2741.948489482751	11700.722019625451	3480.05135542763	2006.6084544219243	291.55448237221685	1304.1576520461183	948.5689783723398	1192.9914947933005	316.54671870875654
K09936	TC.BAT2; bacterial/archaeal transporter family-2 protein	17844.83188001693	11801.67774439698	6908.01522976889	21569.497474349628	178068.97261581695	78798.97367483939	4582.207977481017	16265.628046879592	4140.213365832617	3025.2282297130496	11692.725181665908	2568.8186788837647	2540.4541757881334	91600.39877610764	484.69492789476953
K09937	K09937; uncharacterized protein	204.72872122344728	238.8485047896117	1016.7547410493512	216.13787641441056	336.91350147273903	237.7705168471251	260.02198189360547	868.2507711776254	237.86595813551708	108.62493944240444	54.66411391818109	213.12688959223155	81.02447730043902	127.96296698410563	15.613121836597491
K09938	K09938; uncharacterized protein	0.0	0.0	5.19	10.38	27.87	83.88	66.69195371524071	5.46	6.56	21.93	0.0	103.01	3.28	35.79	0.1130998336484305
K09939	K09939; uncharacterized protein	4933.8418664297205	2903.56985625528	10657.89122524273	2874.988623275057	722.3854386124608	444.6020952312557	687.3879271026981	7017.715650493126	2978.362302144151	831.7873885970275	46.83979882121236	994.0272161530723	80.68834965510568	524.9760433732525	189.21947388471304
K09940	K09940; uncharacterized protein	100.85946117532303	544.4602986145616	3387.3943733485025	3164.6586263259	1107.438359378168	1372.6470380162584	225.0140860709005	474.77114729907	2205.02907489324	360.71178024754624	169.58048571803386	127.43271591639471	124.2761486976176	621.0972349480043	15.382207766221017
K09941	K09941; uncharacterized protein	2.0	11.662990967839214	15.25	47.48598595374276	199.4609859537428	60.12317330871765	453.504743409771	61.0	177.36	104.35	22.665	786.801131169946	47.335	382.5459488290674	51.20793639568357
K09942	K09942; uncharacterized protein	349.8253737873929	935.8027974120072	958.2438225095028	859.9618770499196	316.0834485765928	425.9873822356087	1494.981101753836	455.9263898682593	796.8604880619307	556.8977685336969	98.4188580020198	183.64279725613468	115.36049231115076	211.7406114591622	25.48778336175013
K09943	K09943; uncharacterized protein	0.1497162610417458	10.137227402265047	0.7355086537390912	10.9645317653471	11.939132334122986	20.812030469149345	73.2385013179497	0.6304458179804764	0.2574624305230757	13.766688033021724	0.094535911154117	47.49584110339757	1.0533804947376508	81.98677010748848	0.1287312152615378
K09944	K09944; uncharacterized protein	56.304219785650574	45.92521559149713	84.71539959035137	112.2459232738762	224.49977128110984	440.2189380022468	89.24385963131623	72.61433175363794	34.794352223301665	102.8709637121002	10.888583633034871	61.71782338724569	121.32766770142932	8.170400091454843	14.827176111650834
K09945	K09945; uncharacterized protein	6.44686141199748	0.4228127367212682	38.37581277853736	16.925886275530022	81.22350147871481	96.0105168531582	237.3937533077905	47.130026380623306	87.82650958621147	57.35493944524183	9.664113919408818	504.5298162722381	33.96447730325491	214.93296698684523	51.08002200353846
K09946	K09946; uncharacterized protein	1760.9191484384196	2973.8172210400035	8413.191504059636	3275.948733370338	1010.8540468815428	1011.4577441115983	1664.7416790936347	3637.8365777074064	910.8759061576368	574.5841515118505	189.67896150472237	873.5168595678807	633.4663658879223	1380.5744697192272	119.51458986746266
K09947	K09947; uncharacterized protein	0.0	5.0	5.19	20.37	88.86	105.07	389.54	64.46	158.56	78.13	16.8	781.37	55.28	385.76	5.262065768080167e-13
K09948	K09948; uncharacterized protein	0.0	0.0	5.19	16.380000000000003	48.32	97.08	105.07	13.46	6.56	19.13	1.8	119.84730113450412	11.28	75.832853312093	0.1133378284524255
K09949	K09949; uncharacterized protein	185.08468986700512	538.8634985294607	3419.9170399635404	3097.369514858226	474.2650480227488	567.2551672008624	552.0820424500619	534.6790209446315	2254.32076656766	396.4162434026849	58.71275360094806	89.97788047985516	143.43777786384865	717.5088479141292	18.825977539268727
K09950	K09950; uncharacterized protein	0.0246856595269763	0.0693365080592002	11.218668683279796	20.849099456635283	109.2849599797146	167.88977593150273	464.81655210964897	65.66681125024874	166.02088614537172	112.37274737751942	15.05994427987175	825.4244997413838	50.67270658008283	358.6088703120385	2.526889181789432
K09951	cas2; CRISPR-associated protein Cas2	36212.70286997342	34452.056040004536	60779.56384685052	24648.562587705692	27804.56599139729	25902.850356511328	13798.705609365548	48214.69281062594	21079.72781226712	9753.912065266377	1213.578269354858	3783.219606227887	3698.187628643576	5066.882359602127	1075.9665320915817
K09952	csn1, cas9; CRISPR-associated endonuclease Csn1 [EC:3.1.-.-]	9918.490663385764	8878.861857360767	32356.40168187507	8306.209078816835	3233.7259757395177	2460.8807837326813	1156.3545596888034	15571.849643621865	9491.051066004871	2939.962687709929	249.56933083279648	613.1251862123275	617.8198536972872	1487.8046149540546	387.21572787718014
K09953	lpxR; lipid A 3-O-deacylase	0.0001146575654692	0.0006182196245757	0.0002542255055683	0.0008625508224639	0.0018198541914171	0.001837314734382	0.0009772083879331	0.0008151745492193	0.0008400849238491	0.0008625508224639	0.0003738884266874	0.0003016017788129	0.000857545466814	0.0008127300732042	0.0001794943816787
K09954	K09954; uncharacterized protein	32.000005523981315	472.5297428328019	2985.388662904992	3070.011872229273	409.2694874324576	613.9636901618759	520.5984967175526	487.7527582413	2425.936509586212	461.4149394452367	47.48411391940882	877.4809474421573	208.9644773032549	904.1689158158416	79.81487563267775
K09955	K09955; uncharacterized protein	26201.495427075875	15478.9909767664	84951.340876915	19425.9297861122	102643.9382265039	46038.44478903012	8906.78351454075	36301.90891503044	18552.68607496959	7428.140904798086	6734.426580605186	4794.999483425473	2555.790481146044	53013.786169219	752.5062864830929
K09956	K09956; uncharacterized protein	0.0	0.5603797489017244	7.125001218879824	24.75	114.7000032221492	9.0	358.484573680845	60.58598357042391	161.75	67.5	15.0	637.3256713356496	44.0	380.2498574839426	2.058589139140056e-05
K09957	K09957; uncharacterized protein	11.346582679127565	37.64242692032728	31.246805050975283	117.28507306386084	415.08188761776137	179.561572201422	537.6434210278682	79.08025154184573	193.1052526772836	99.04083150202638	50.04107179236515	705.6712949874496	64.4397051168992	410.5698227333174	51.0054476129694
K09958	K09958; uncharacterized protein	9.610932866945443	35.385266769268235	24.852175399268408	86.78864590685443	309.2511963582868	231.1032366920712	791.6457498073473	114.51104150317134	199.12586662896024	117.87787063661496	47.46835713704591	951.1292413416924	79.32954247442106	519.298937647385	24.17905697183898
K09959	K09959; uncharacterized protein	11.67396093712474	6.600970613286423	27.96846214882093	19.801695406506525	89.41617535524715	21.296489129106472	392.7262724442586	58.97349767507417	153.78223813402414	66.64988981491781	68.53549862410762	663.4801443854816	53.16019626488357	400.6721445106	1.19542502649787
K09960	K09960; uncharacterized protein	913.8648035992572	862.30274635265	907.8166711201096	2647.522203644984	690.6001576263541	719.4238148691877	1273.836118710724	2350.357130968695	448.95820023037663	567.2960438422833	109.39971123695209	94.07769129780742	460.64761690306295	92.72624582591692	73.07442169075915
K09961	K09961; uncharacterized protein	1215.178910210972	1110.534787717893	1847.892052952471	2784.6632549575447	633.6751306707114	699.0724810965114	1195.143123760678	3120.945629365538	594.0083444723198	568.6639728288314	110.52167086964612	218.42939401073548	452.3500066040084	93.73381276494987	73.69461188581792
K09962	K09962; uncharacterized protein	929.5532848436192	5141.097932228876	14475.743149457712	64.26700750788615	225.7084350392767	145.60836014139008	1763.4616460883633	7650.195628634565	522.042956328801	360.5460409020243	32.13129339750429	972.4467292039056	68.84960679347012	423.8734304845194	0.0885456112228443
K09963	K09963; uncharacterized protein	2483.278645064591	7481.62909324551	12347.091154957196	9655.354890572591	63474.02523660272	28467.73506969047	7715.356841382442	7393.597836575465	2036.332401704251	2643.203143509247	4850.836535882405	1377.7907659996797	954.8401929809402	33976.89457121689	163.8902145340344
K09964	K09964; uncharacterized protein	373.8616633888908	56.86635019877211	235.94830156287492	10.753998299133787	48.50810462485666	82.51223947973656	101.99662389414654	451.0483155039964	6.875109889498634	18.97059193797946	0.445853500442335	101.61620765248826	4.027060153552992	38.70614464939618	0.138957158035236
K09965	K09965; uncharacterized protein	12.255429658557247	59.09467704660168	32.163224777202856	156.077211961668	246.26780460721196	157.57136710136513	246.86946054355508	114.67695248913708	29.85877993257087	38.28807008149865	18.82187341783752	127.9680191047852	54.282578913976245	152.13311482823718	1.107599457352794
K09966	K09966; uncharacterized protein	11.337779446900331	21.459331242166638	21.4026504425911	27.46523094209521	13.93250633204649	40.29917584191791	408.22756082722094	42.218347604129605	20.72900991889129	20.347377971913616	18.409082808762268	40.23329107961378	34.72016999447992	250.67753210651756	4.177106189350955
K09967	K09967; uncharacterized protein	256.1294212366293	597.5930552895253	339.0644284712104	468.2661173126856	357.8443740709704	303.1877026838155	870.2087260237538	882.9599339009446	709.5254088721133	2097.077264282663	37.25325783842784	207.04799091129985	85.36748354621255	670.5795660597298	18.835920040303424
K09968	K09968; uncharacterized protein	1532.7444532357065	2059.23629846063	1545.0001354878254	186.79823509272617	463.1879183149093	515.4351408784885	173.0690672357439	989.6802681038362	500.0631264488214	128.68904033279088	32.912777701631605	61.56077292378926	130.40690886395305	51.48677893206397	56.90446589587462
K09969	aapJ, bztA; general L-amino acid transport system substrate-binding protein	221.7885170030077	286.2047054576898	1098.7518350036264	337.1671727235137	353.8003528099663	460.63825878552336	926.0089413355922	886.250035881503	476.7229418990513	498.9985653095657	56.47536008629574	1223.7947490680208	165.6356018619785	805.3010614303722	16.967305450088286
K09970	aapQ, bztB; general L-amino acid transport system permease protein	211.57284014008596	260.2867861847481	1044.0349625584415	282.9760847885115	241.2750213616746	349.15051236841407	384.49996910679823	831.8464531564127	321.74224804980304	432.6828935843964	40.69421755170505	330.3327108284857	119.19425513127769	292.9148884884248	16.795327159685122
K09971	aapM, bztC; general L-amino acid transport system permease protein	211.5876158456485	260.3262788142931	1044.369785544138	283.0254016014446	242.29280677720885	349.2213636185653	416.3392862192378	831.9048674551457	322.11431156223983	434.7050155382864	40.73009745391457	332.04887426103136	119.26171613272844	294.7720446193779	16.803223000543728
K09972	aapP, bztD; general L-amino acid transport system ATP-binding protein [EC:3.6.3.-]	23.593340218193102	90.17018586633957	76.45008527486904	186.042425763866	244.946195090631	353.9106113076999	397.9497565406418	158.35290000859985	185.961272954966	434.179675826493	41.58405985747363	293.5543721914247	134.68293792244657	356.57672148002155	17.19368130805003
K09973	K09973; uncharacterized protein	6814.790284249866	5162.8270712753465	34139.775288825214	3044.3415486015265	1023.8681594023448	1001.326905839966	1618.836518659981	13368.29896039929	5293.143522030063	1036.587399031078	161.921225865233	1192.5165156821772	1412.4913315018405	1853.6871388138013	181.5113897239866
K09974	K09974; uncharacterized protein	4039.738088453979	4351.754199554114	4547.075756800933	6425.76641768119	8155.764094441184	7428.047336270927	782.4007340866865	9087.237329649892	3179.0190306259456	1743.7571717599922	140.75964690822514	192.87385894768127	1358.1335852767093	709.8172320972353	102.63328979573738
K09975	K09975; uncharacterized protein	2322.6963424497467	888.4971481220277	15542.09156263374	342.75423314672867	474.13194262478993	361.7750569148672	681.0002612697494	4332.20543145659	3073.208311857955	420.3963857646608	65.7904800711313	943.7985443968388	147.8306045002335	550.5102373833953	67.06394495926595
K09976	K09976; uncharacterized protein	925.42829575472	5954.311253664268	16689.224758636443	917.6274186023496	4654.485863578334	3402.771666413406	2900.588250724967	9276.443503381455	555.0382364597967	2069.350485022196	580.6206552841705	391.8339255979896	160.92259735228748	1576.4636401765931	9.041453710633837
K09977	K09977; uncharacterized protein	4.011108066409286	13.359805026337586	19.457691881858075	47.92966236927808	198.09656046472392	156.00529146962046	284.4834899286217	23.50476450655608	26.086834478346997	47.29553415519581	15.35104414562136	146.0614028998285	10.008867268244323	236.48311627360505	51.04723079092926
K09978	K09978; uncharacterized protein	13.596887482795744	53.53175186496268	40.80864760637836	74.64588627553002	156.60350147871478	167.6305168531582	110.27375330778165	70.62275824129998	75.51650958621148	74.40493944523675	32.48411391940882	38.20657903813293	74.3544773032549	99.47524699701354	15.836081201137551
K09979	K09979; uncharacterized protein	39.227763162310886	95.3813394099312	312.9311237460034	146.9148739183753	225.4356503713513	289.221717078774	155.42263437283586	187.22275394496364	84.90933011464455	105.0543163044872	36.236409557310346	64.50930569494862	112.07237366362772	79.09378195987968	19.74080689912832
K09980	K09980; uncharacterized protein	9.85190181136018	53.12025433516135	23.319959657898607	77.06579272712479	164.29483950455906	181.72120947028887	129.82032719370912	71.59603680217613	75.64668048499995	79.55379849506632	32.126201642729846	58.733375308697546	74.61687073792659	88.4238792182655	15.536077085544267
K09981	K09981; uncharacterized protein	5.755673350387906	30.756119764529902	535.9812716516948	1313.5079603242448	1189.1767267348491	513.3079225208368	225.879717702245	15.498215207280284	25.337370415161097	161.45557921124092	75.63805650735463	153.68680124755397	51.04975261173183	132.50813327124155	3.628650121922641
K09982	K09982; uncharacterized protein	11.882263815444569	44.28670993876765	37.00688304851545	61.74704223992371	129.38885537174187	141.37980871259222	84.161893528024	158.1155454002823	62.953627345324726	61.506095409630426	34.26644166040333	65.3814852795811	63.567184348083735	92.38125103309018	12.815814864742665
K09983	K09983; uncharacterized protein	5.342268785527004	22.098124407604264	20.694453868574072	74.7107185531815	264.3637011329377	191.89461807095665	659.2882921565322	71.76652734717509	182.69749320724125	120.09795081038516	33.589436340147856	825.7232525645611	68.07835659518705	491.1908793407872	51.71728143951552
K09984	K09984; uncharacterized protein	4.115014135359263	18.724661933548497	14.486535659616957	48.64849912774689	232.199255477216	103.10635527121364	491.1597162900848	69.4285614981582	173.15436283005965	76.31295774008362	49.364927633815554	723.7243665098888	59.12820003209158	407.2094877906165	20.95255329785281
K09985	K09985; uncharacterized protein	46.400000000000006	0.0	38.65	6.0	20.45	13.2	11.5	8.0	5.14	0.0	1.8	27.940008280612737	8.0	66.52001974718047	0.0002379956604482
K09986	K09986; uncharacterized protein	9.328507924890909	7.450207138350573	45.535681062115074	49.60368047593889	65.43650199532185	117.55344416213282	172.44222628062823	26.534652912323534	10.87334133183024	25.273265534701338	4.767205691422536	134.02300863234558	16.084587120845278	258.20215344018834	0.1133378284524255
K09987	K09987; uncharacterized protein	7.34	0.0	38.65	6.0	20.45	13.2	11.5	8.0	0.0	0.0	1.8	27.94	8.0	66.52	0.0002379948039948
K09988	lyxA; D-lyxose ketol-isomerase [EC:5.3.1.15]	6268.511204527253	7432.098922225474	10973.254189279824	5651.465172435324	3520.0829485972786	4098.151830007413	7511.404523535156	6149.875300947226	4360.798520952515	2602.866696868773	517.7139926762579	1829.966810636228	1374.1714815461323	829.3270645225066	224.32065791769827
K09989	K09989; uncharacterized protein	16164.290829734564	5397.161024182321	4219.194170748628	2181.706186425142	2549.9976592001976	2760.1545272759267	1585.0887419504384	10164.436594900062	2726.545422487827	1053.6795106118516	96.7608422944179	1110.5566059470689	461.1249967004032	767.588623754851	164.0396615834665
K09990	K09990; uncharacterized protein	4.213860076660778	19.628007403492145	17.3390750689832	52.964464698991286	244.89969763756943	125.63443981847888	476.5915166370319	79.9961486779091	174.3486955330727	83.19620142963845	30.813286319864076	749.2016135875059	52.68191900776651	395.8129888526881	51.09749380444149
K09991	K09991; uncharacterized protein	7.34	5.843249678766121e-11	38.65000020473028	6.0	0.0401447323868099	13.2	11.500000866067188	8.0	0.0	0.0	1.8	27.94	8.0	66.52	0.0
K09992	K09992; uncharacterized protein	948.0525740859204	3058.297675877244	1388.719132771856	2974.727706231285	1016.0591905316976	1200.7421679292174	5549.570585139198	1947.030637263839	3578.582395311031	2721.065755640779	363.5000708735987	1225.430693495197	358.60153540503387	718.5825362755436	135.81551165238966
K09993	CDKN1C, P57, KIP2; cyclin-dependent kinase inhibitor 1C	0.0	7.093951250245199e-18	0.0	0.0	0.0	0.0	0.0	0.0	0.0	0.0	0.0	0.0	0.0	0.0	0.0
K09994	phnO; aminoalkylphosphonate N-acetyltransferase [EC:2.3.1.-]	643.6617977593285	695.3952995319621	332.35576227147504	599.4711754203564	688.6875931019697	516.869986534088	1028.6355769885345	1073.7375784813898	497.0895054673347	549.2452116976096	125.23758900773868	327.13756195681265	136.6592226960494	461.2179624325513	97.27487905326905
K09996	artJ; arginine transport system substrate-binding protein	10.000005523981311	53.53175186496268	21.868662904991734	74.64588627553002	156.60350147871478	158.6305168531582	98.77375330778165	70.62275824129998	75.51650958621148	74.40493944523675	32.48411391940882	26.66981627221141	74.3544773032549	71.96296698677435	15.50002200353846
K09997	artI; arginine transport system substrate-binding protein	18.37908725217344	71.74714692624991	21.868662904991734	74.64588627553002	156.60350147871478	158.6305168531582	133.38375330778163	78.16016309424643	75.51650958621148	74.40493944523675	32.48411391940882	28.55416748544802	77.9096199255613	71.96296698677435	15.500022014043182
K09998	artM; arginine transport system permease protein	16.67000552398131	68.03175186496267	21.868662904991734	74.64588627553002	156.60350147871478	158.6305168531582	133.38375330778163	76.62275824129998	75.51650958621148	74.40493944523675	32.48411391940882	28.16981627221141	77.18447730325491	71.96296698677435	15.50002200353846
K09999	artQ; arginine transport system permease protein	16.67000552398131	68.03175186496267	21.868662904991734	74.64588627553002	156.60350147871478	158.6305168531582	133.38375330778163	76.62275824129998	75.51650958621148	74.40493944523675	32.48411391940882	28.16981627221141	79.22117679212042	80.36435237834455	15.50002200353846
K10000	artP; arginine transport system ATP-binding protein [EC:3.6.3.-]	16.67000552398131	68.03175186496267	21.868662904991734	74.64588627553002	156.60350147871478	158.6305168531582	133.38375330778163	76.62275824129998	75.51650958621148	74.40493944523675	32.48411391940882	28.16981627221141	77.18447730325491	71.96296698677435	16.422985507930225
K10001	gltI, aatJ; glutamate/aspartate transport system substrate-binding protein	24.553743371797395	98.52177841480776	91.00876077637172	243.5077166029224	1311.7896004005406	609.3655965644999	3150.1351143127577	595.3905996304918	1537.2592054174306	762.1147840534933	217.0741139226224	6308.205665988794	499.47050275802	3002.558492613106	15.500022005081233
K10002	gltK, aatM; glutamate/aspartate transport system permease protein	16.68607667322709	72.23344657619269	55.78088390158808	138.99352493562128	446.4539959107117	339.33621135428984	697.7769742782369	145.6059249093916	259.7951273934766	195.3535361527369	63.13545937536704	917.1708327253832	130.9453670074952	634.5949717262064	15.570738258490882
K10003	gltJ, aatQ; glutamate/aspartate transport system permease protein	16.55374337081176	71.85974283280109	55.75579747992362	138.51187222927166	446.2195082267561	338.6336901618735	691.8484967174953	145.08275824129893	259.43650958621043	195.08493944520336	62.814113919408335	916.4809474421568	130.34117679211928	632.6903012073658	15.50002200353823
K10004	gltL, aatP; glutamate/aspartate transport system ATP-binding protein [EC:3.6.3.-]	203.6860767296286	244.23344682635	1015.780883961743	242.9935261142437	471.9539965005181	343.5362120696989	849.7769750365339	854.1059250725376	472.795127546494	224.85353637073456	72.43545948062977	1279.070832834399	152.94536717793974	798.5949725032817	45.659098312311954
K10005	gluB; glutamate transport system substrate-binding protein	5.920927404163169	8.921554388984102	1038.4512786683686	2505.477450238368	1863.151267193949	761.097878969482	120.35210715977558	8.22138775277785	7.923261068339479	215.1096190447108	122.85148795273486	190.6803841053396	76.94004098703786	10.963156726116914	0.0
K10006	gluC; glutamate transport system permease protein	5.920927404163169	8.316387852039423	522.6548442151618	1253.5174502383682	936.7242575037684	380.61787896948215	80.13488759589421	8.22138775277785	7.923261068339479	108.59961904471076	61.88148795273487	96.90038410533955	38.76004098703786	5.603156726116914	0.0
K10007	gluD; glutamate transport system permease protein	5.920927404163169	8.378515295177912	522.7738282754642	1253.5174502383682	944.1787958082904	387.7578789694821	80.63822395193708	8.22138775277785	12.78326106833948	116.51151871485902	61.88148795273487	173.76038410533957	38.76004098703786	5.603156726116914	0.0
K10008	gluA; glutamate transport system ATP-binding protein [EC:3.6.3.-]	106.42570195037456	110.06031959530452	590.5723137334405	1276.001161435389	956.6364833272588	387.1209683058936	100.4979743974128	69.78277087684907	13.948235873620536	124.93908725054716	62.15435829897381	97.25080716658498	49.67058484544196	7.621723405821703	2.97199042810136
K10009	ABC.CYST.P; cystine transport system permease protein	3173.385662788573	6309.183793476925	15770.577686167077	962.3649072723192	878.4815303020187	672.3749478761102	2105.370185175714	11714.90471297705	1032.0937978624163	659.6969552676233	119.18149119979633	461.2922649018716	336.0243155568148	507.1121298069514	94.88197296859512
K10010	ABC.CYST.A; cystine transport system ATP-binding protein [EC:3.6.3.-]	1017.1354517444178	5072.58010801894	15082.262580440816	331.78509582363654	414.7932109246953	334.09060476023524	1727.0496204287397	9061.148584697672	452.65926797852535	418.643358610984	65.35288535705085	345.0574505318639	179.92682076388485	282.74308201504243	16.968792239868915
K10011	arnA, pmrI; UDP-4-amino-4-deoxy-L-arabinose formyltransferase / UDP-glucuronic acid dehydrogenase (UDP-4-keto-hexauronic acid decarboxylating) [EC:2.1.2.13 1.1.1.305]	12018.749345840077	2256.716477112298	3078.8838821359936	806.8874116090132	3385.887914270377	3612.261521673608	844.7340500760997	5363.257267502911	2190.9687486969906	1187.5873203258295	52.46511991400241	509.2159612549133	406.9441300791392	390.3008865482925	103.68961377670873
K10012	arnC, pmrF; undecaprenyl-phosphate 4-deoxy-4-formamido-L-arabinose transferase [EC:2.4.2.53]	8017.5313576152785	4483.574854363193	2434.2207938097035	884.6917312202129	2291.76455166131	2355.0443715680103	2207.783104975546	4322.890707494833	1467.971522191482	813.615901746839	127.21531583340852	1116.9651070035625	772.1434562669584	412.2920494511741	121.43003899579108
K10013	ABC.ARG.S, argT; lysine/arginine/ornithine transport system substrate-binding protein	30.000005528277683	120.1817518881282	97.6693863427542	271.24733316432355	1031.890623308939	592.1786250454077	838.0951320616471	133.4100511861776	178.76848373892952	181.14186332709397	109.13411393341892	332.43824111204844	110.58046439600776	520.3489108620445	15.500022010264356
K10014	hisJ; histidine transport system substrate-binding protein	22.00000552398131	93.52175186496268	74.35940593612696	206.62737233780044	744.9207285071808	532.0589417956672	810.1841198371286	144.37007177833482	222.3285084849104	195.77193554977424	85.97411391940881	656.5019819055908	122.52047675260432	571.0739021327132	15.50002200353846
K10015	hisM; histidine transport system permease protein	22.000004252438117	93.52174500895669	70.70621886089916	199.3209942604064	699.8033200377488	473.0167065098152	625.6524972436063	115.02682843423302	141.71098689124503	147.84327272556953	78.47410977301618	276.49436580575394	98.21171110389844	420.9295783660615	15.500020012960176
K10016	hisQ; histidine transport system permease protein	22.000005524967	93.5217518702774	70.70622168242512	199.32100383344093	699.8033402354306	473.0167269012831	625.6525118347434	115.02683748146124	141.71099621494145	147.84328229860412	78.47411392262306	276.49436915308627	98.21172062138102	420.9295873861596	15.50002200508154
K10017	hisP; histidine transport system ATP-binding protein [EC:3.6.3.21]	22.000016899001825	93.5218011011312	70.70623235019848	199.32125852244485	699.803452291729	473.01686692483736	625.6479973128902	115.02686501960385	141.71102120593596	147.84332159531104	78.47413337680113	276.4943902504533	98.21174932601194	420.9297525784712	15.500020014503225
K10018	occT, nocT; octopine/nopaline transport system substrate-binding protein	0.0	0.0	0.0	0.0	0.0	4.2	0.0	8.0	0.0	0.0	1.8	16.4	4.073398977731008	42.80277078314041	0.0
K10019	occM, nocM; octopine/nopaline transport system permease protein	0.0	0.0	0.0	0.0	0.0	4.2	0.0	8.0	0.0	0.0	1.8	16.4	6.110098466596512	51.20415617471062	2.9170374653757898e-05
K10020	occQ, nocQ; octopine/nopaline transport system permease protein	0.0	0.0	0.0	0.0	0.0	4.2	0.0	8.0	0.0	0.0	1.8	16.4	4.073398977731008	42.80277078314041	0.0
K10021	occP, nocP; octopine/nopaline transport system ATP-binding protein [EC:3.6.3.-]	4.7931830809699925	0.0306963514767943	25.21024692560376	0.1446266168323184	0.072374071773255	0.0877865344894084	0.0930358327813974	0.0200193466052677	0.018776485781501	0.0267423626118088	0.0129165978738217	0.0133771706092142	4.09431391462571	36.89811345162323	0.0
K10022	aotJ; arginine/ornithine transport system substrate-binding protein	0.0	0.0	6.52139007790392	13.04278015580784	35.019487759380006	105.39772634577665	154.78432624452202	6.86065314554054	8.242836013689733	34.47202776418079	0.0	129.43514295277126	6.15811749571037	67.27683991825907	0.0
K10023	aotM; arginine/ornithine transport system permease protein	0.0	0.0	5.19	10.38	27.87	83.88	102.17654352953974	5.46	6.56	24.60135574351897	0.0	103.01	3.28	42.74212505831734	0.0
K10024	aotQ; arginine/ornithine transport system permease protein	0.0	0.0	5.19	10.38	27.87	83.88	102.17654352953974	5.46	6.56	24.60135574351897	0.0	103.01	5.316699488865504	51.14351044988754	0.0
K10025	aotP; arginine/ornithine transport system ATP-binding protein [EC:3.6.3.-]	3.7431180411855673	9.110088026543114e-07	24.90001529861337	10.38	27.87	83.88	102.17654352953974	5.46	6.56	24.60135574351897	0.0	103.01	5.316699488865504	71.14351044988754	0.0
K10026	queE; 7-carboxy-7-deazaguanine synthase [EC:4.3.99.3]	4082.986850899969	10966.918388839254	10226.08956399815	2421.634738254792	2076.881871523493	2123.608129072823	1567.9862051208816	5850.120591020155	1963.109840486295	1635.4486792633152	203.8622666653588	361.7026697600401	621.9277332972897	1918.067119489987	182.9266448290705
K10027	crtI; phytoene desaturase [EC:1.3.99.26 1.3.99.28 1.3.99.29 1.3.99.31]	2179.235567688948	3750.123636729165	1634.8512648125682	8139.11680989747	71469.9111409888	29488.04126815652	860.7295443290878	1560.624825456539	402.762976428376	306.71320789646904	4901.687833267029	393.250454779801	399.421492303969	38867.12739366833	149.35950268248914
K10036	glnH; glutamine transport system substrate-binding protein	394.868040300886	992.8082895988712	195.6180865581468	250.2384625770492	315.0591276699717	488.9818578024257	169.98330921374605	1033.8351592541308	268.80604748840585	293.71986878975275	41.23457960652624	116.56263318051484	154.51104137518453	208.33274075360515	51.3838403969723
K10037	glnP; glutamine transport system permease protein	81.99543243300516	100.95092844357788	42.50055023867082	159.3516310841752	203.3032723058469	224.14113974886203	177.43010214507422	122.92015554671104	91.93614839113084	99.74519752298814	42.796761852625	93.05112018655603	96.88218076389929	190.4234516200134	23.19524058762593
K10038	glnQ; glutamine transport system ATP-binding protein [EC:3.6.3.-]	296.46289325455984	364.5786143096059	691.4339498694765	455.2590422323	379.4158099425834	307.25708938031096	368.7918553753461	336.2332581683711	182.69194455353755	150.00698931520668	58.068492895623166	236.94151568269444	368.5330153329482	254.07175506405773	17.314512001172538
K10039	ABC.GLN1.S; putative glutamine transport system substrate-binding protein	2826.506996415982	3775.8721431988615	5705.692646825275	2550.594019876109	2348.358635948523	3426.6492703066247	5515.912278693442	5944.256104803706	2724.1859109631387	2677.9643999380432	491.259128700676	460.4546492695865	1013.2594669354226	481.3185897780807	71.57979769534744
K10040	ABC.GLN1.P; putative glutamine transport system permease protein	5345.606967244519	6831.163488782462	7395.227734148592	5034.325599039779	3280.513629334655	4476.825017411037	8759.098599392179	10539.968497068434	5311.197897819146	4401.165995161698	759.9418168694543	877.3836944033487	1981.203008429848	850.0307505770431	140.4927925723913
K10041	ABC.GLN1.A; putative glutamine transport system ATP-binding protein [EC:3.6.3.-]	2701.354095995105	3434.6973439730123	3701.961269732311	2510.660007805116	1678.9601751326654	2263.689997235988	4323.0132217162745	5290.096453671036	2553.8881012036345	2162.603337920092	382.7036197454553	434.47691787834856	983.4001860831672	424.2518851319566	70.18387488342313
K10046	GME; GDP-D-mannose 3', 5'-epimerase [EC:5.1.3.18 5.1.3.-]	8.115317182727162e-13	3.599381986986711e-12	8.655373941173653e-13	1.6958576978068907e-11	8.486413457393116e-12	1.0293642590717444e-11	1.090916296390545e-11	2.347421504367356e-12	2.2016865669504778e-12	3.1357465510902647e-12	1.5145698913218077e-12	1.5685755671664565e-12	2.452436315588256e-12	1.1179657093376666e-11	1.3221051694851292e-05
K10047	VTC4; inositol-phosphate phosphatase / L-galactose 1-phosphate phosphatase [EC:3.1.3.25 3.1.3.93]	0.1689230071925102	4.414402154421353	8.00339653352391	149.22418632541908	1.900536914719464	22.45956334747022	5.653733399968932	2.251833979680646	12.752910828204469	19.092747995005425	0.0237419176820742	4.568035231647222	3.881635388893929	10.524077440613956	0.0
K10048	CEBPB; CCAAT/enhancer binding protein (C/EBP), beta	0.0018221076865816	0.0059646932815972	0.000801990174079	0.0155769547876096	0.0077109691113945	0.0134457657852481	0.0651545580295577	0.0066512377237301	0.0049394208212001	0.0046532977897343	0.0041320451697679	0.0076056751587533	0.0075154673033495	0.0257661515591407	0.0006954882033154
K10062	COLEC12; collectin sub-family member 12	0.0004620393636291	0.0020492805460089	0.0004927870812324	0.0096552358195927	0.0048316744559204	0.0058606065110598	0.0062110483177385	0.0013364864411654	0.0012535133715657	0.0017853132642205	0.0008623087588586	0.0008930564764619	0.0013962758190241	0.0063650520770892	0.0
K10078	CHODL; chondrolectin	1.4765276464973902e-05	6.548834622757919e-05	1.5747873591579416e-05	0.0003085499579322	0.0001544046129967	0.0001872859375195	0.0001984849187489	4.270976316930765e-05	4.0058213521752486e-05	5.705280977739551e-05	2.7556585488106377e-05	2.8539182614711885e-05	4.462043737424674e-05	0.0002034063783959	0.0
K10084	EDEM1; ER degradation enhancer, mannosidase alpha-like 1	0.0	0.0	0.0	0.0	0.0	0.0	6.123368303035155	2.486678992527116	0.0	0.0	0.0	0.0	0.0	0.0	0.001849935212264
K10085	EDEM2; ER degradation enhancer, mannosidase alpha-like 2	0.0	0.0	0.0	0.0	0.0	0.0	6.123368303035155	2.486678992527116	0.0	0.0	0.0	0.0	0.0	0.0	1.2614268005127858
K10094	cbiK; nickel transport protein	1.7542637883500505	3.8360361274395474	0.0785632764294263	0.2060548109777586	7.385821991835827	7.677956542354534	18.78816230674995	1.7198444444347905	4.967765102146611	8.578063504653104	0.0830855579896075	77.45134766864803	0.9680378267444436	0.440793872928608	0.029101855321079
K10105	LIPT1; lipoyltransferase 1	0.3835714244652054	0.2754994475112349	0.2329241279104971	0.1085387054600904	0.6212093881794615	0.1589085313395531	32.745605234420694	0.039084773579497	0.2069996137603899	0.0154956887472554	1.2171842293337458	3.973742453586485	0.77289996143647	0.0006281100178232	0.0
K10107	ABC-2.CPSE.P1; capsular polysaccharide transport system permease protein	13.569395819278151	65.78373068822827	19.12421264308052	92.7058059202418	214.9593660775442	162.16404984946575	136.5297704214791	65.59008774281942	67.7869372499412	70.46119664634497	28.002926776186182	156.79324472114916	74.4329144373602	170.76958249871706	13.783981235285182
K10108	malE; maltose/maltodextrin transport system substrate-binding protein	54.67511340203074	82.39381109957982	38.397564866643016	91.38198131614656	191.61664333182867	180.30553178866768	124.83279352854274	85.99251534044734	180.43389228758176	127.41090708902315	33.14197924340847	29.034949964507348	83.48714847223656	76.89489618702243	15.681692555233454
K10109	malF; maltose/maltodextrin transport system permease protein	15.259369299837722	65.64005044026656	22.18696931008212	80.88250148132624	159.72442933011988	162.41606371757504	120.20001118488308	75.94863128410405	76.32619261206901	75.58604395747079	33.04110579594858	28.36231783655642	77.36123238361684	76.1134525979667	15.50002200353846
K10110	malG; maltose/maltodextrin transport system permease protein	15.259369299837722	65.64005044026656	22.18696931008212	80.88250148132624	159.72442933011988	162.41606371757504	120.20001118488308	75.94863128410405	76.32619261206901	75.58604395747079	33.04110579594858	28.36231783655642	77.36123238361684	76.1134525979667	15.50002200353846
K10111	malK, mtlK, thuK; multiple sugar transport system ATP-binding protein [EC:3.6.3.-]	337.63148001354523	193.5409050691494	162.80043184062384	201.810143758003	627.189636806195	465.4172393052104	755.9068905727045	514.5736204383975	312.0205062225174	220.54782874846637	97.45981767839224	985.9871053243074	180.2187777623292	710.9595164250662	46.25620058677959
K10112	msmX, msmK, malK, sugC, ggtA, msiK; multiple sugar transport system ATP-binding protein	48858.01712474234	51834.156447505535	35957.58450381751	41535.94559994038	191544.3174486324	92429.94755068891	26235.39503247883	48928.924822190966	17893.024566333916	11954.515972971809	13667.004157437244	9837.839482387384	7201.4301542343455	98015.92222139527	1438.3062639033076
K10117	msmE; raffinose/stachyose/melibiose transport system substrate-binding protein	109648.4158162096	65375.30389022962	47663.829742910304	57211.40227258439	246653.49274950405	122018.95230130866	32963.73321521022	77945.13584083115	30963.89274609527	21336.745773425548	16644.362169017142	11095.598681743331	13090.63805154632	121264.95995358868	2087.578741361818
K10118	msmF; raffinose/stachyose/melibiose transport system permease protein	89516.24561981235	54106.52534211533	41754.38088221614	52828.62066966102	179608.56496519793	90742.65708873478	35094.4975176458	64396.20879111639	29914.968900665703	20875.666904536425	12952.728895265504	10232.627435476568	12307.394082153984	89013.98615253656	1852.174368356576
K10119	msmG; raffinose/stachyose/melibiose transport system permease protein	92828.22023109817	54543.44823362476	42316.91381767586	50694.008418782	179544.60898518143	90759.35430960932	35004.505627932784	63517.57760863139	30490.125309359333	22281.85465712782	12901.472237197251	10531.266260998382	11643.902577289724	89044.2334141389	1821.9173452277516
K10120	K10120, msmE; fructooligosaccharide transport system substrate-binding protein	2765.018900904297	4084.368533717443	2508.418015117016	9863.313203571292	92411.67735120717	36667.32400583674	1725.5751880621085	1507.5262679862208	818.3416421289958	783.6131570982152	6314.502107801788	794.9271461632707	604.2053056227505	51506.86433324499	148.91259819379323
K10121	K10121, msmF; fructooligosaccharide transport system permease protein	2742.6641878499754	2820.9920391940163	1945.9173799159416	393.0915164420169	927.2866970457546	996.2724036886892	973.9320330971466	1443.4181261993203	667.8890191839058	298.8948355315518	119.64157467326268	390.8000500340723	268.3871053482573	513.3807148789532	55.73140263011469
K10122	K10122, msmG; fructooligosaccharide transport system permease protein	2742.6640882166766	2820.990945449465	1945.917092366681	393.08594430681865	927.283875430562	996.2689862228896	973.9288501248764	1443.4173803985452	667.8884053728657	298.89383315947134	119.64108170707858	390.7995736892252	268.3862920220893	513.3769628530065	54.65829459861585
K10124	bglH; carbohydrate-specific outer membrane porin	9.85904093556815	53.15874762314969	21.86004609470136	74.16801353559389	156.48349846362686	157.98487525584537	84.02705447116205	70.09427783937437	72.23624206293943	74.16801353559389	32.14948171070548	25.93378179092089	73.73761885515793	69.88408508846378	15.43415342400618
K10125	dctB; two-component system, NtrC family, C4-dicarboxylate transport sensor histidine kinase DctB [EC:2.7.13.3]	11.816691906609051	32.56510532388425	53.26007565699268	112.10336241601452	487.1994031139333	350.8314465205689	863.0577322780549	98.04869121712224	209.8275815680161	145.3325352909598	53.26772233249248	1080.53238142434	82.44486409007044	596.966534045604	0.1130998336484305
K10126	dctD; two-component system, NtrC family, C4-dicarboxylate transport response regulator DctD	12.55379219245605	38.32506557817376	45.461182780435074	93.00001537811072	483.98895990637214	390.5150706842255	693.0273034039969	100.95745327913995	199.3960403051021	136.78151610746147	58.72517245455219	1062.6805832129012	83.23510950693701	578.2307212933954	1.2944211579463698
K10133	TP53I3; tumor protein p53-inducible protein 3 [EC:1.-.-.-]	0.0002868460933037	0.0012722468364791	0.0003059350787166	0.005994222338596	0.0029996295789825	0.0036384174475603	0.0038559808655049	0.0008297256566854	0.0007782138099952	0.0011083690600354	0.0005353437784117	0.0005544327638247	0.0008668444625922	0.0039515904178531	0.0
K10144	RCHY1, PIRH2; RING finger and CHY zinc finger domain-containing protein 1 [EC:2.3.2.27]	0.0	1.0877446358089396e-08	3.811137130602923e-05	0.0	0.0001007486724115	0.0	0.0001612219208876	0.0	0.0	0.0	0.0	0.0	0.0	0.0	0.0
K10156	eizS; epi-isozizaene synthase [EC:4.2.3.37]	0.0	0.0005797636983546	2.0313214012149765	0.0	5.369865407628236	0.0	8.593066242994587	0.0	0.0	0.0	0.0	0.0	0.0	0.0	0.0
K10187	cyc2; germacradienol/geosmin synthase [EC:4.2.3.22 4.2.3.75 4.1.99.16]	0.0066980520067337	1.286109030344133	4.376969007352045	0.0241756876563448	11.578971350784846	0.0352125871896531	18.809747936955283	0.0639278299209813	0.0181514454772009	0.0135950262183501	0.0162649048792239	0.0339635074368079	0.0305810964487682	0.0956937255104576	0.0035793042624122
K10188	lacE, araN; lactose/L-arabinose transport system substrate-binding protein	3593.048705872998	3625.906089725641	1724.1880507906685	945.0749117305044	1240.3778289919785	1086.3379781156232	1202.248298346996	3535.3598979105936	1174.49973274865	875.6318233590728	165.42946325452044	1388.29929187402	1196.3264238165414	175.31353554914372	121.8429253577146
K10189	lacF, araP; lactose/L-arabinose transport system permease protein	3981.629326739526	4141.181661070424	2327.7214864896514	5826.134421549379	2339.9177842780514	2324.486088990304	2519.19500025714	5751.342138238491	1371.084761402219	1803.6753102730995	342.5291686820525	1232.8500761487555	1849.6635070498432	176.01327459174937	165.89569562921585
K10190	lacG, araQ; lactose/L-arabinose transport system permease protein	3701.324723093244	3713.229517382869	2036.445268927855	3367.747981013083	1751.2138409285835	1799.514487570576	2027.7388200959	4464.833468676247	1116.208958300702	1141.7750535694895	233.2818441846333	1378.1012028203904	1539.7009793823502	155.7278025648054	122.69465801366763
K10191	lacK; lactose/L-arabinose transport system ATP-binding protein	0.0	0.0	0.0	0.0	0.0	8.4	9.068338767080605e-14	16.0	0.0	5.2295653097205765e-14	3.6	32.8	7.998984451547832	44.99581086263488	0.0
K10192	togB; oligogalacturonide transport system substrate-binding protein	2807.700896298956	6225.495808679855	9137.490263652991	2125.2633005168886	943.4292445920746	894.8983603761209	4188.092041989495	5909.221051572793	2720.1496935812274	1970.7026243108544	312.21211292227366	1118.3686864516014	465.121796453865	2034.214624051264	214.99577896176908
K10193	togM; oligogalacturonide transport system permease protein	3050.1745547846704	5120.345900682829	8905.927868640087	4150.431622129455	1368.7705412545724	1391.761774180436	4401.418090128603	4839.908749393892	2642.0468190148204	2008.3653366070216	358.3620628623118	1099.5813390957417	729.1542753088912	1406.9578598085186	215.3159825519659
K10194	togN; oligogalacturonide transport system permease protein	7679.656143838901	5913.987529142624	10104.866724104131	4348.8474920447225	2522.5470366820564	2551.4966671575057	4326.162484288474	6791.60525200038	3360.085640027541	2246.8296997179687	352.95758171238634	942.4133788555716	782.588586163768	1284.0272619832197	209.4263029980158
K10195	togA; oligogalacturonide transport system ATP-binding protein	0.0	0.0	0.0	0.0	0.0	4.2	0.0	8.0	2.94	0.0	1.8	16.4	6.110098466596512	31.20415617471061	0.0
K10200	ABC.NGC.S; N-acetylglucosamine transport system substrate-binding protein	12077.021885174345	4116.197514721579	3985.997643180722	7587.081498490919	49484.32337838715	20841.840142856967	1404.8398390670748	6443.937845381198	2438.7182205794315	1676.3570432683807	3277.3138921758778	753.1729249672848	1247.5436174844083	25894.6863067376	151.84422439085284
K10201	ABC.NGC.P; N-acetylglucosamine transport system permease protein	12377.36663836842	4305.831898490743	4138.633712462877	7820.552278493106	49506.7644558414	20903.34445255929	1484.2276644253548	6942.714038809347	2577.5691447207787	1707.843055566775	3297.106171941812	940.0154353018607	1488.037316275793	25899.20406641917	152.71114731586138
K10202	ABC.NGC.P1; N-acetylglucosamine transport system permease protein	20554.810278729336	10423.016436238056	7735.335441585277	9991.361899499783	62678.50221599732	27186.322091134403	3030.156577002828	11851.396852817346	4066.986662754533	2351.228485090612	4187.056939103035	1964.8888076357944	2234.176043905785	32628.63440563996	306.9754948664563
K10206	E2.6.1.83; LL-diaminopimelate aminotransferase [EC:2.6.1.83]	54358.18075403696	48189.54599773916	75218.49164635196	38728.34029896997	31838.028047501877	31275.947724413694	22850.504546863365	63431.51111024703	28736.26110486794	13397.3118176702	1797.0078644677178	6291.524946480265	6961.650934439153	5907.754624077457	1521.6308834464076
K10207	HSD17B3; testosterone 17beta-dehydrogenase (NADP+) [EC:1.1.1.64]	0.0	1.6692258094971585e-24	0.0	0.0	0.0	0.0	0.0	0.0	0.0	0.0	0.0	0.0	0.0	0.0	0.0
K10208	crtM; 4,4'-diapophytoene synthase [EC:2.5.1.96]	2.23013328897744e-08	9.891297417197569e-08	2.3785438227656e-08	4.6603091661006985e-07	2.332112563097437e-07	2.82874895577162e-07	53.91273164785248	6.450841935412667e-08	6.05035440303109e-08	8.617202029104845e-08	16.97456296189018	4.31053095011504e-08	6.73942834684448e-08	3.07223055882008e-07	0.0
K10209	crtN; 4,4'-diapophytoene desaturase [EC:1.3.8.2]	1.2856891797478604e-08	5.702409863040039e-08	1.3712490063264464e-08	2.686704466836043e-07	3.330000134448103	1.6307957657213478e-07	53.91273152089386	3.7189605292276865e-08	3.488076353132987e-08	4.9678839660751274e-08	16.97456294426392	2.4850546058941118e-08	10.000000038853328	1.771164802879034e-07	0.0
K10210	crtP; diapolycopene oxygenase [EC:1.14.99.44]	0.0756588490251355	0.3355692602093768	0.7607718152647488	1.5810428432739063	4.121185680215169	0.9596730887455928	54.92978920925575	0.7747607856021586	0.2052625520591135	0.2923446731016133	21.424911730155397	0.1462378109796588	0.2286398729303857	1.042275944532244	0.0
K10211	crtQ; 4,4'-diaponeurosporenoate glycosyltransferase [EC:2.4.1.-]	0.1040697401798832	0.5200709571685782	0.6906249619266643	2.0485151074456005	22.61005981288786	12.99445521193287	54.10267398442582	8.973468189043922	6.084998523560298	2.108393508651318	21.30216450657048	0.9987378378338948	0.2819972393480078	0.1362287051765394	0.0
K10212	K10212, crtO; glycosyl-4,4'-diaponeurosporenoate acyltransferase [EC:2.3.1.-]	804.3119258052221	926.8364739529987	296.63521585470835	616.6872380504287	176.7984680867157	177.6898614325688	521.671797662324	1953.6538652066504	434.6733647276819	376.00091108705016	76.25615729154762	140.41414933507014	333.0945958164535	108.1723643290582	64.41810554108028
K10213	rihB; ribosylpyrimidine nucleosidase [EC:3.2.2.8]	29681.702088929687	5280.825812495086	3731.049624392072	13792.417010824734	73062.70102708277	63069.35395453557	2240.66691742812	57981.3068817895	2815.721085099023	2250.1434304788813	402.0183559006692	328.4644740142241	991.2063782725744	615.0979458368156	505.0152567598203
K10215	ethA; monooxygenase [EC:1.14.13.-]	0.0	0.0033504507960566	0.0	0.0	0.0	0.0	0.0	0.0	0.0	0.0	0.0	0.0	0.0	0.0	0.0009335488557959
K10216	dmpD, xylF; 2-hydroxymuconate-semialdehyde hydrolase [EC:3.7.1.9]	150.14426719643222	31.07369653845278	16.734972873465818	38.51431510960723	91.86514188397452	7.526942287569838	143.57262214202916	203.783009652781	47.68254479521368	33.3959736736885	3.315038210759641	46.01423620953293	2.2933024073873733	58.47560443642602	0.553299721907416
K10217	dmpC, xylG, praB; aminomuconate-semialdehyde/2-hydroxymuconate-6-semialdehyde dehydrogenase [EC:1.2.1.32 1.2.1.85]	9.178749523673588	34.14427767383174	15.94030379947203	75.0149830989201	201.47348125377985	127.54121283942204	399.0528427241842	35.82041197358346	38.54140181565933	31.803583517141995	27.583439893943407	192.28672790347792	29.581812019661932	163.43130929715863	3.10625578588352
K10218	ligK, galC; 4-hydroxy-4-methyl-2-oxoglutarate aldolase [EC:4.1.3.17]	454.7551572436403	150.37414875257105	128.46391742766963	158.15171760272926	351.77564036496915	179.72947905310818	876.8087921445724	361.2208583423424	316.2478929949216	160.78207355763072	40.1785746419597	1125.888484495093	74.35846300060189	668.1072377401543	51.02845626539256
K10219	ligC; 2-hydroxy-4-carboxymuconate semialdehyde hemiacetal dehydrogenase [EC:1.1.1.312]	0.0025135157494088	0.0356508229685838	1.0123481081623076	0.0163609545379722	61.17272306418428	10.179118098770209	282.51111329734607	51.01058425772602	157.86432241541098	73.43499446137089	15.00158711886015	697.2121837664448	44.01768470869644	281.8258988213228	0.0021612077054889
K10220	ligJ; 4-oxalmesaconate hydratase [EC:4.2.1.83]	8.004425674055367	26.9121182205123	23.27682128083882	56.30631932350336	411.66884457287154	157.17832415580148	732.1659146098649	117.01611533115926	339.1195101032873	157.94238301277196	60.6651557993349	1377.137965403499	101.36346322155688	635.3588090452137	0.0021612077054889
K10221	ligI; 2-pyrone-4,6-dicarboxylate lactonase [EC:3.1.1.57]	0.0	0.1023462576673082	1.2982422390091148	0.0	61.928413237506746	10.114951830443156	283.7616493454621	51.0	157.86	73.42000000000048	15.0	697.2031877826872	44.0	281.82470790462423	0.0004759896079896
K10222	bphD; 2,6-dioxo-6-phenylhexa-3-enoate hydrolase [EC:3.7.1.8]	0.0	7.594883211161396e-05	0.0	0.0	0.0	0.0	0.0	0.0	0.0	1.4669551151824115e-06	0.0	0.0514063570590703	0.0	0.122591243177263	0.0
K10227	smoE, mtlE; sorbitol/mannitol transport system substrate-binding protein	137.5333136515356	43.56396891428565	43.95792297024498	77.20379130882979	335.8160099893616	275.19520392582194	590.4099966645138	129.6693773531994	222.92875994730187	132.85428944855383	36.005736658187814	880.8630008280109	71.9333334100382	481.0394061320485	24.9592532156434
K10228	smoF, mtlF; sorbitol/mannitol transport system permease protein	60.13396470993135	23.991006789922697	30.16310599639383	56.47942456620913	254.09956382269684	167.64422991397493	491.4442826821639	109.81401158673415	179.5901977290767	99.49409909784752	34.77536915230152	795.4092220402664	67.17378553340265	420.482271934785	0.7706136423982414
K10229	smoG, mtlG; sorbitol/mannitol transport system permease protein	60.28623475727659	24.66636925971977	30.38659197736844	59.78357688599517	256.0199047014113	170.56286524383907	494.2758601191981	110.31872549248382	180.08051320242106	100.3076151227752	35.05955228879077	796.915894582711	65.63584709745355	414.5997814372166	0.7706136423982414
K10231	kojP; kojibiose phosphorylase [EC:2.4.1.230]	2293.2520599073805	1286.140092993846	732.7837355553402	892.7651753591751	645.99721801033	597.2721887391435	382.68212034774695	3364.802462830498	1282.226265837958	1210.406626029098	89.17921664808749	82.47809822771796	460.76531867321177	85.69109911134743	79.25203143798448
K10232	aglE, ggtB; alpha-glucoside transport system substrate-binding protein	0.3066153179865146	2.336073052402185	7.2432860087582736	3.794874305722369	20.52298942414826	6.966812937882478	38.66128416257656	9.047218286739296	0.8313879847778567	0.9075641324362036	2.4571663821297576	17.46682000155839	9.159864755126913	43.30112264054388	0.0809921764839133
K10233	aglF, ggtC; alpha-glucoside transport system permease protein	0.2264453357082135	1.6796717186140813	5.683180391634326	3.5257425147176376	16.306835670819307	6.554039668349559	28.502644557235776	8.729032753603143	0.6141341901366787	0.7469897867358983	2.261831647488429	17.056633759007433	8.792028579504642	42.15515242295952	0.0375255999653059
K10234	aglG, ggtD; alpha-glucoside transport system permease protein	0.2257188435796765	1.7389589375743784	5.683094799781604	3.508776862611838	16.30039562734319	6.543722564611525	28.49503970184117	8.726697611603447	0.611987982545834	0.7438674706513098	2.260310899582638	17.055058785133653	8.7895661395655	72.70592897350434	0.0375255999653059
K10235	aglK; alpha-glucoside transport system ATP-binding protein	104.63478881079654	21.593452664727582	0.45048416280456	0.2182080395470929	1.201279047493851	4.550901254093294	0.0115831673676195	143.01291085936282	19.274272496924706	7.726254073410326	4.104888990550589	18.57601336658617	9.476615854459068	39.38205492478152	0.001927123038331
K10236	thuE; trehalose/maltose transport system substrate-binding protein	4.504612473386733	1.3204444174598242	20.791742914487653	7.2822175303473635	6.761065372241667	21.458625957133684	14.182855576814283	130.51982680399004	24.305317196238818	14.973640163083006	2.175730022332214	41.99730847166197	1.156328628095323	14.752261001733109	0.0
K10237	thuF, sugA; trehalose/maltose transport system permease protein	206.0588671570202	35.2182159215279	67.96460976978966	29.57492572816728	22.32645276512633	32.64616889589642	88.05450072603719	345.2986110757337	61.97508012419272	34.99981212025051	20.438001244754457	404.6802989447432	107.82184987826037	14.75639700918252	0.0
K10238	thuG, sugB; trehalose/maltose transport system permease protein	140.40451301939532	22.67267738383932	55.89392000320073	52.958015687832514	68.43770280468877	100.69737178894448	418.379976384612	313.4964679409685	60.12423446899166	47.11573501520769	10.213616750390878	227.02591883868956	98.1937994570116	25.69885506365024	17.546082776694035
K10240	cebE; cellobiose transport system substrate-binding protein	147.02717438464535	7.429966416810299	545.8712291449642	1268.81155918293	982.428136303972	403.4796299199433	312.6034356994508	45.90362859939406	57.24445723730151	129.2019753980306	59.3314226090249	442.8609138669602	92.43653959530164	149.60078901623203	22.35744320344888
K10241	cebF; cellobiose transport system permease protein	1188.1354885371725	434.1991443934895	645.2553038762354	1795.4986782497813	1154.7149163310214	920.99095643137	1032.3093650031597	1824.963146649713	718.3449232849111	2122.0699752227515	95.45712308520874	650.995217460552	404.46003556142	158.1163370926754	22.35744320344888
K10242	cebG; cellobiose transport system permease protein	997.995926836058	363.6012326226119	623.3242973453703	1749.4079685063496	1157.1316104067043	797.8509895030918	730.6276629937847	1483.8258209308397	582.5036296924841	1634.5397945619989	106.83273851081802	646.6639385494082	380.7548422206427	153.40319602680822	22.35744320344888
K10251	HSD17B12, KAR, IFA38; 17beta-estradiol 17-dehydrogenase / very-long-chain 3-oxoacyl-CoA reductase [EC:1.1.1.62 1.1.1.330]	0.0	1.6692258094971585e-24	7.125	18.75	43.25	0.0	62.625	5.0	9.75	8.5	0.0	21.5	0.0	25.5	4.503643533167423e-05
K10252	BCDO2; beta,beta-carotene 9',10'-dioxygenase [EC:1.13.11.71]	2.5459348911561584e-05	0.0001129197045652	2.71536133667576e-05	0.0005320239722079	0.0002662355103992	0.0003229318489803	0.0003422419358078	7.364323756734233e-05	6.907124544829366e-05	9.837454746975706e-05	4.751504155152403e-05	4.920930600672004e-05	7.693775909934774e-05	0.0003507278695867	0.0
K10253	K10253; DOPA 4,5-dioxygenase [EC:1.14.99.-]	4.225386426120571	18.96306016734396	19.48272650058531	58.68350097526748	259.42253633490384	174.05488766183896	528.8542781146757	70.87044024952428	178.67078794564685	100.69019052038172	30.87730670622353	809.1642630492188	54.97904008934346	404.328110688489	0.1204419725156242
K10254	ohyA, sph; oleate hydratase [EC:4.2.1.53]	20852.410406284023	15864.849204693255	23263.12590678061	12323.196492826532	78838.30173610497	41345.85749658986	6599.337828179014	32611.276765672752	5038.625398942144	4473.757538039694	4630.93478073755	2072.109995133648	2529.799214740134	34413.42658983125	409.7353699736541
K10255	FAD6, desA; acyl-lipid omega-6 desaturase (Delta-12 desaturase) [EC:1.14.19.23 1.14.19.45]	4.62283286610512	13.78599474576078	7.184117493755219	25.19656696243546	63.840145771870255	32.15939009296937	511.1463141380895	76.7536484070183	164.69519575807283	70.28208363373771	80.90896029242633	654.514280939738	68.41973792580109	366.352700140644	3.4019675025554754
K10256	FAD2; omega-6 fatty acid desaturase / acyl-lipid omega-6 desaturase (Delta-12 desaturase) [EC:1.14.19.6 1.14.19.22]	0.0013117573249185	0.003684433556719	0.000248669811557	0.0047346057236146	0.0022845759679037	0.0068960899570385	0.0586149576890868	0.0051859032949235	0.0035548084037928	0.0026624718957768	0.0031853452455991	0.0066514681604994	0.0059890513287122	0.018740813785992	0.0007009767286983
K10257	FAD3, FAD7, FAD8, desB; acyl-lipid omega-3 desaturase [EC:1.14.19.25 1.14.19.35 1.14.19.36]	1.0424730811994034	2.928074217222944	0.1976216025103885	3.762661677736293	1.8155865442890344	5.480425387514942	46.5821797871868	4.1213145785153324	2.825059177775526	2.115906065910209	2.531441303802028	5.286020802823522	4.759588281690537	14.893603809592204	0.5570766454539214
K10270	FBXL4; F-box and leucine-rich repeat protein 4	0.0	0.0	0.0	0.0	0.0	0.0	0.0	0.0	0.0	0.0	0.0	0.0	0.0	0.0	1.6284939856363187e-06
K10277	KDM8, JMJD5; lysine-specific demethylase 8 [EC:1.14.11.27]	0.056425583727167	0.1584869466127519	0.0109609763737469	0.2036603010312973	0.0989705276035043	0.2966371095241326	2.52245610514957	0.2605207253434855	0.1529110113676754	0.114526923557079	0.1370184571804488	0.2861146390946639	0.257620606170841	0.8061409967445029	0.0302221294456183
K10297	FBXO11; F-box protein 11	1.0533305671467783	0.0308446109569363	5.506709780354297	0.0604691677447027	0.0580457620844328	0.0637346527156787	18.82781996823453	0.0388166870895686	0.0276090458816084	0.0231903697392768	0.0239652743995618	0.0473498535717234	0.0443914925559338	0.1448314930369879	0.0047107641140763
K10300	FBXO18; F-box protein, helicase, 18 [EC:3.6.4.12]	0.0087289960516545	0.0387156662461411	0.0093098918079144	0.1824098160923626	0.0912815456184043	0.1107204604679673	0.1173411196317369	0.0252493310881373	0.0236817772086567	0.0337287115797718	0.0162910140215371	0.0168719097777969	0.0263788912172995	0.1202506081150392	0.0
K10317	FBXO42; F-box protein 42	2.1819043905023373e-13	9.677388059726033e-13	2.327105395693224e-13	4.559525244912961e-12	2.2816782591954904e-12	2.7675743852319303e-12	2.9330647258388317e-12	6.311335923678024e-13	5.91950934113081e-13	8.430846279044869e-13	4.072110333076555e-13	4.217311338267442e-13	6.59368136072186e-13	3.0057904512059826e-12	0.0
K10324	ASB2; ankyrin repeat and SOCS box protein 2	0.0002560485093515	0.0011356504885803	0.0002730879823446	0.0053506452775508	0.0026775706563036	0.0032477742789413	0.0034419787326695	0.000740641140056	0.0006946599262034	0.0009893676513592	0.0004778659345652	0.0004949054075583	0.0007737746396685	0.0035273230477221	0.0
K10325	ASB3; ankyrin repeat and SOCS box protein 3	0.0	0.0	0.0	0.0	25.5	0.0	129.0	25.5	76.0	29.5	7.5	307.5	22.0	138.0	0.0
K10336	ASB14; ankyrin repeat and SOCS box protein 14	0.0057813408243507	0.0162384966489329	0.0010980756531898	0.020866946070866	0.0100744386041492	0.0303933095243042	0.2583440802882349	0.0228559611298056	0.0156671958731911	0.0117343788918403	0.0140388516673063	0.0293151817700365	0.0263956955208662	0.0825968567236611	0.0030894322460102
K10349	FEM1B; Fem-1 homolog b	0.0011376275405037	0.0031953418560403	0.0002156600315814	0.0041061084716604	0.0019813089586685	0.0059806655605338	8.927465787147424	0.0044974983547817	0.0030829238492111	0.0023090409307537	0.0027625052352052	0.0057685161884937	0.0051940321609842	0.0162530564833862	0.0006079252744931
K10352	MYH; myosin heavy chain	9.17461803557498e-05	0.0002189090847458	0.0004507199761043	0.0005971934276465	0.0011944290180597	0.0023421416906074	0.0004056479784938	0.0003863374313417	0.0001577730730198	0.0005473148746314	5.79316414562501e-05	0.0003283636271188	0.0006455119582934	4.346981247554138e-05	7.888653650993009e-05
K10353	E2.7.1.76, dak; deoxyadenosine kinase [EC:2.7.1.76]	13.330000000008544	328.8900000000379	1815.8900000000087	7.560000000178539	662.4400000000894	1154.7800000001082	857.6600000001148	317.99802190724705	120.00000000002318	510.00000000003297	102.22000000001594	5.780000000016514	4.890000000025819	19.3300000001177	0.0
K10361	MYO15; myosin XV	0.0	5.520251221818536e-15	0.0	0.0	0.0	0.0	0.0	0.0	0.0	0.0	0.0	0.0	0.0	0.0	0.0
K10367	FMN1; formin 1	0.0	1.8904993415478725e-19	0.0	0.0	0.0	0.0	0.0	0.0	0.0	0.0	0.0	0.1959837493852871	0.0	0.4673719916016552	0.0
K10380	ANK; ankyrin	0.0147954305717159	0.0265428889411579	0.13660505625934	0.0397197122193297	0.0185972941147528	0.0402618482211622	0.2680402111661688	4.541250549274539	0.01882967365998	0.0146789845318181	0.0153849802407393	0.0346018709800838	0.0287810625372689	3.342565189466568	0.0048660242649524
K10385	LOR; loricrin	10.771114543992162	25.79760560616968	19.04341970053896	32.2013176763564	92.30925664781714	52.02502882000988	15.826784756255108	39.99349510014327	28.43136296854204	35.71677355496572	8.957623420980628	20.48316791048253	4.347686248197651	36.440147744821466	0.1806787641398607
K10388	PLEC; plectin	3.4017320327855403e-05	0.0001508768262246	3.628109922073705e-05	0.0007108598867773	0.0003557286037189	0.0004314829962458	0.0004572840256223	9.839786598670671e-05	9.228903260725291e-05	0.0001314424223891	6.348687055840394e-05	6.575064945128558e-05	0.0001027998165106	0.000468622443138	0.0
K10395	KIF4_21_27; kinesin family member 4/21/27	1.6798506888038822	4.008173150859263	8.252575304831572	10.934469281350268	21.869710552906792	42.884055957286606	7.427317774348413	7.073746259885096	2.888787351794176	10.021204867354408	1.0607145433899512	6.012259726288893	11.819170057714814	0.7959219026455894	1.444393675897088
K10400	KIF15; kinesin family member 15	0.0	0.0	0.0	0.0	0.0	0.0	0.0	0.0	0.0	0.0	0.0	0.0	0.0	0.0	0.9229635043917648
K10408	DNAH; dynein heavy chain, axonemal	3.373928514144109e-07	1.4999369784573825e-06	1.2624317428196997e-05	7.050497642892413e-06	3.5949748520739685e-05	4.279563250883952e-06	5.641766257815961e-05	9.759362639942538e-07	9.153471998710036e-07	1.3036809453859884e-06	6.296796882681536e-07	6.521324491617256e-07	1.0195959534080962e-06	4.647922174551064e-06	0.0
K10429	MAP1; microtubule-associated protein 1	0.0289712732827681	0.0301174855488377	0.0023255344560239	0.1097073290441803	0.0228013798564494	0.0607796010823899	0.0455280032600029	0.0063070753827458	0.0376365707543339	0.0084251549378534	0.0040693614074947	0.0042144643931087	0.0065892302192172	0.0300376135729121	0.0079960815848461
K10436	MAPRE; microtubule-associated protein, RP/EB family	4.46689605640565e-05	0.000125465140632	8.467894018889925e-06	0.0001612264039521	7.779612271059262e-05	0.0002348309130701	0.0019960012296026	0.0001765943329375	0.0001210510460931	9.06645229694063e-05	0.0001084698049369	0.000226500865145	0.0002039437421361	0.000638176479782	2.3870194018159317e-05
K10439	rbsB; ribose transport system substrate-binding protein	63177.66445170547	68854.66104190002	49531.42623929046	65697.04319240281	72442.2055966081	54984.5349742859	70977.91012231325	67765.72339482728	47751.01849426617	32167.735166472885	7329.57580637537	21617.97170724952	14490.300158387625	31948.490497168925	2702.3735868390136
K10440	rbsC; ribose transport system permease protein	90980.24650429915	65656.80904308005	44064.1412146994	55469.023222150674	62199.40689876524	49697.90650866991	58092.0094206138	84805.73374980126	47354.67188853522	30809.41530601945	6045.213227441401	16276.316152667652	17689.703292662663	22966.448009827334	2692.8434412352817
K10441	rbsA; ribose transport system ATP-binding protein [EC:3.6.3.17]	81972.44013782562	60180.501740324806	38962.32548920714	54216.64852668375	57214.28766959585	45605.46385114612	58932.00730817285	76380.04566999192	45706.312614459166	30325.61587398171	6032.21297337437	15659.303535649356	14674.97244388807	22595.849906351803	2576.9986243296453
K10456	KLHL19, KEAP1, INRF2; kelch-like protein 19	0.0	1.4266207415048092e-25	4.998459289292489e-22	0.0	1.3213592695353649e-21	0.0	2.1144901914641097e-21	0.0	0.0	0.0	0.0	0.0	0.0	0.0	0.0
K10457	KLHL20, KLEIP; kelch-like protein 20	33.41932218203172	30.580973766055678	13.739484205212158	29.16569505970528	5.033535151718191	11.1835369592238	3.970292984866604	38.66256895195667	14.53886308262459	18.04209530229266	3.4721710075624683	5.283834988693821	13.64378707423571	28.71762723419486	7.677529311878466
K10461	KLHL24_35; kelch-like protein 24/35	0.3696519579631077	0.4051951449712541	1.475359473278503	0.0409460428527856	0.022367070008121	0.0221231661775727	0.0257615523765972	0.1122007725725367	0.04433707779479	0.0184045605845276	0.0024698740630309	0.0025579434342692	0.0039992930546245	0.0217723373416533	0.0
K10493	ZBTB6; zinc finger and BTB domain-containing protein 6	0.0	0.0	0.0	0.0	0.0	0.0	0.0	0.0	0.0	0.0	0.0	0.0	0.0	0.0	6.846674754470625e-10
K10530	lctO; L-lactate oxidase [EC:1.1.3.2]	9.504480183272683	22.058169608349875	34.21809719789645	0.0018772168661341	1.2597597750160237	0.0010400165175973	1.2208460888305408	26.19007614535422	0.0006439698592274	0.0001441814845559	11.97583970966031	16.644477246338788	0.0001127629107512	6.50051404012713	1.6114891086602366e-23
K10531	pvdA, SIDA; L-ornithine N5-monooxygenase [EC:1.14.13.195 1.14.13.196]	4.01479388917289	15.129793458828557	535.6309633866337	1305.977591341329	1146.0701323935573	536.9413071140131	261.571783362246	15.54919812025145	26.13869818126461	142.7850527251087	64.93517271514393	240.46699717183748	48.214781873031725	92.57128592865558	0.0074616992127533
K10533	E3.3.2.8; limonene-1,2-epoxide hydrolase [EC:3.3.2.8]	0.0	1.1008466539170367	0.0568864146431732	0.0	0.1503811213595558	13.2	0.2406456846582472	8.0	0.0	3.074479488234127e-13	1.8	16.788503472631408	0.0	6.926483151370998	0.0
K10536	aguA; agmatine deiminase [EC:3.5.3.12]	8092.541409144818	9488.299048818712	10277.770371504354	9433.776823638553	10666.064778714112	10148.857389475304	5987.9177628933685	15936.952876971744	7061.655576362307	3010.3244125991346	526.260594157577	1683.682330600515	2574.076843873354	2115.4640828587426	276.9275548033297
K10537	araF; L-arabinose transport system substrate-binding protein	604.2317338951161	447.75395920902486	378.14571323016935	462.8261128161871	666.1319898851787	556.893588358654	590.5776471288285	819.048798767036	395.4909492271345	724.3736665938316	95.67565604805272	298.20904046377626	146.29834819638648	308.43979619695006	45.079336621815386
K10538	araH; L-arabinose transport system permease protein	82.25117385481425	98.26055153355516	66.20078016505639	175.18709863241682	548.7876584717793	452.1220788299241	507.43951675234734	128.01847367988188	126.26770012234076	139.65006243806891	63.33618911108126	278.0378299675287	95.37478054776022	229.3459956116976	16.030491127432022
K10539	araG; L-arabinose transport system ATP-binding protein [EC:3.6.3.17]	2208.112904029285	2433.1690067159025	1259.3317482492323	2064.136814300029	1140.634537094776	1124.8320110430063	988.0623730986836	5928.7471446048685	869.5320987974935	660.1238163539871	186.11420504431257	477.1434766263992	2275.7803781382067	309.71256246333337	78.01321792331561
K10540	mglB; methyl-galactoside transport system substrate-binding protein	25212.02599777498	19673.04160498361	10338.65868302179	10908.14855532116	30682.991889648005	17055.365189075397	9346.579285364372	19313.35976143895	6515.166805940371	3898.5894853045465	2166.6421858319254	3569.282993547029	2979.3823479653706	15723.994788033271	527.0070937135847
K10541	mglC; methyl-galactoside transport system permease protein	19522.35907582026	10936.011299875308	7073.950912060045	7205.44373780302	17546.811682691943	10697.09817997321	6316.748395931928	13616.02656955255	5108.7469287293925	3117.709505616782	1232.2536755031904	2439.5946475697256	2077.854632716455	8098.979723871945	369.7819638595056
K10542	mglA; methyl-galactoside transport system ATP-binding protein [EC:3.6.3.17]	23724.49654007011	16214.368341683186	9862.516118939042	12507.459414966075	19921.662487395577	13528.844392214223	14619.353039067735	18691.44380199713	10250.578992566829	6671.432651221463	1737.6067830644872	3997.844901357357	2801.8108303738973	9020.212239717275	598.8171589349938
K10543	xylF; D-xylose transport system substrate-binding protein	3016.735738792257	8011.457502024805	3274.3965366555485	7147.650577014702	2696.7950571915235	3039.5468701958125	11526.849597904946	5064.418585074108	7312.7198068862845	6061.475801830462	752.8086579301082	2002.097563845336	989.1570907519556	1525.21414824641	337.76616693964024
K10544	xylH; D-xylose transport system permease protein	1071.5377835302438	4377.655544876068	2066.9334121652782	4431.357670300451	1659.1724172202105	1896.5940763412564	7785.070687069744	2316.054199952118	4570.4071398401775	3540.5286090450195	515.8217863766209	1183.753146247765	480.576854360616	977.5432835508392	211.8291988426116
K10545	xylG; D-xylose transport system ATP-binding protein [EC:3.6.3.17]	3999.288737748108	5874.501104465673	3364.972797984995	5705.047261850885	2738.4517492211608	2918.768629307182	9754.575754579828	3900.649780958451	6423.665126718873	5003.034776100561	660.01399957932	1665.494538426605	668.4460079295618	1422.653090891153	301.1949304286929
K10546	ABC.GGU.S, chvE; putative multiple sugar transport system substrate-binding protein	5949.468277084687	10967.061566287688	18777.81342467132	10941.02004390516	4502.748016163352	5041.0092363555705	7340.846578679505	9859.726094016758	4486.380695416115	3439.3626311032094	638.555932338417	2556.478855804285	2920.855579655413	2471.748500602197	350.7463571686069
K10547	ABC.GGU.P, gguB; putative multiple sugar transport system permease protein	5563.785429035333	9170.393422954516	11065.987456240571	8303.833558526112	3892.365078146556	4374.111086787754	6331.207741809995	8322.193286308599	4107.822616614639	3188.5604591012566	517.7121262298053	2333.5247136423523	2445.335155169389	1940.370967614062	295.53016235747447
K10548	ABC.GGU.A, gguA; putative multiple sugar transport system ATP-binding protein [EC:3.6.3.17]	6195.677831669359	11303.10975651411	12194.739803474604	12438.961148110197	5002.7127588428375	5614.71272026043	10087.36313465774	10412.4879847405	5929.055883941438	4515.218170924976	812.3549406405473	2793.699931808643	2967.82150396064	2273.8081506574267	400.6947542302871
K10549	alsB; D-allose transport system substrate-binding protein	532.8971742911245	1029.5872456633963	498.2971636459303	1065.2911617730613	380.1770955764851	444.253249708265	1745.0593429472217	636.4125707640221	979.9029517306216	693.0797133605424	131.22357981066372	374.1462163473439	157.59338446685518	410.5067114182668	79.02937390522885
K10550	alsC; D-allose transport system permease protein	404.1644525565544	972.130751669299	471.7163449394776	991.0987043091344	354.8616907115436	406.4343897657519	1719.8104692163463	556.2610743108708	957.6367474228372	662.9867035731695	123.58434916021908	357.2970274940551	136.0154440225891	362.90377151324526	70.51153752370011
K10551	alsA; D-allose transport system ATP-binding protein [EC:3.6.3.17]	429.4159786459573	996.7677425783004	497.4484867504677	1013.4756532570082	362.0041279266276	412.2360563547058	1832.815934278128	573.7787352252556	962.572763421249	668.227959887758	128.3147223881105	370.8640498118749	141.02196507770927	363.50809266646746	72.64288752169952
K10552	frcB; fructose transport system substrate-binding protein	99.153485487209	12.824528790937917	12.196894525283616	10.15752122920296	64.06265919379648	11.902588715170983	324.06134576416656	96.10943776063527	167.65896387556015	65.87041426059872	17.941493111303796	680.9310896954364	55.71687829876419	359.8747263087088	7.877279325831481
K10553	frcC; fructose transport system permease protein	142.71010569871677	10.432413612752724	16.466438720859124	18.3450764852103	65.86010307033877	14.354469656881436	357.9433705390214	85.46739266938366	167.46615298400727	65.98055538273513	24.430709918459467	685.0147401763895	58.9025584913526	360.07482378907446	7.588864871692279
K10554	frcA; fructose transport system ATP-binding protein	11.59314213873225	3.0174950989829483	2.887609544078849	4.163010556867366	55.31451370783328	6.346501248579231	269.85497740514927	64.3263489799131	152.5976995839538	63.81658209578921	17.215882077303284	633.1789242477894	52.94165160001023	319.94182115818984	0.4628339457574076
K10555	lsrB; AI-2 transport system substrate-binding protein	837.8656739048173	567.2125367566782	555.0174843053368	498.7376393030669	326.2252967864632	345.7824800574504	600.925812503652	682.7016901414142	275.857524090445	222.7423340322906	61.77263588287764	275.1456275147364	159.41697224936016	332.36848354421653	90.39371180796276
K10556	lsrC; AI-2 transport system permease protein	966.5963466266904	716.894265731727	566.4628259350382	505.7037545154978	480.2672684735677	442.8484378013966	710.6893295798243	816.5537098491674	279.2967688199596	223.67367146618216	78.00020613715176	290.6383052867968	295.5865703317933	332.6909014580904	90.58359454426522
K10557	lsrD; AI-2 transport system permease protein	842.900366979627	567.2473154875775	552.9243198568463	494.7233827895649	337.90169790415	349.1478659676603	766.1652083189622	683.5950581191416	290.1167502380447	227.18625569261428	63.89292484157908	337.6945499211265	160.76181054143896	374.0516368109963	97.03600111388232
K10558	lsrA, ego; AI-2 transport system ATP-binding protein	843.4657948673824	564.8030601980836	551.3592173909641	491.3717795059248	330.05867753557925	342.7208805130223	655.1031595847151	683.7242043590738	287.1843984712156	224.55423816441436	58.74169110808706	323.684922431483	155.53269638993632	371.312891337193	96.47719688582978
K10559	rhaS; rhamnose transport system substrate-binding protein	2954.209777961581	8044.127198561364	3637.376062573088	7747.930086868328	2736.266180392825	3104.6990714892386	13185.147272249023	4683.845590676996	7929.894666570931	5330.60608295037	905.3740480849287	2061.195965918559	1047.4574238049554	1324.9479767645084	322.3554890113541
K10560	rhaP; rhamnose transport system permease protein	1279.1996578189264	2099.50909038522	993.4855137553702	2004.3544891227484	869.3339055233342	965.8528072338514	3369.584099259777	1434.16405229473	2300.9378910884107	1495.3759678326985	265.4591796040534	731.6658461050308	387.9612494858589	401.0126658149972	131.21856572335815
K10561	rhaQ; rhamnose transport system permease protein	1512.0289724925233	2135.663824692785	1039.7947779023643	2060.445155021589	855.6317106834745	994.5988214178628	3289.125530940516	1478.413612051012	2256.6634231993144	1482.0128364900538	287.49289360556963	579.285065702806	406.0334857171483	261.1716608868435	110.08834165406566
K10562	rhaT; rhamnose transport system ATP-binding protein [EC:3.6.3.17]	4484.179069742711	13700.886483240512	6487.868318305211	15684.878075189568	4855.291453538543	5784.635570200105	23385.571983831785	8496.471089003287	13755.08278265149	9383.97158031528	1591.141552026419	3237.7796738050997	1767.930997528619	2191.725299197656	577.214993530815
K10563	mutM, fpg; formamidopyrimidine-DNA glycosylase [EC:3.2.2.23 4.2.99.18]	15300.816860319295	13817.547962871184	41330.11387424405	11448.572719658994	18121.86280767917	14446.292611751322	11236.920656184744	28500.791539588023	7809.095293959087	6427.718171097879	1329.9536420493937	3210.0986379791007	2613.1027974548924	3551.37587344384	311.8896965609264
K10564	motC; chemotaxis protein MotC	0.0	0.0	0.0	6.0	20.4302246198985	4.2	0.0	8.0	0.0	0.0	1.8	16.4	8.0	39.0	0.0
K10565	motD; chemotaxis protein MotD	0.0	0.0	0.0	0.0	0.0	4.2	0.0	8.0	0.0	0.0	1.8	16.4	8.0	39.0	0.0
K10566	oxdB; phenylacetaldoxime dehydratase [EC:4.99.1.7]	1.1634711330964811e-05	0.0131424097856339	1.2623081078091688e-05	0.0002431305434909	0.0001222334139976	0.000147577177072	0.0001573074513098	3.365434888182067e-05	3.156498639665434e-05	4.495635242286789e-05	2.1713979970624167e-05	2.2488244776962885e-05	3.515991790213134e-05	0.0001602797279907	0.0
K10567	NEIL1; endonuclease VIII-like 1 [EC:3.2.2.- 4.2.99.18]	0.0	0.0	0.0	0.0	0.0	0.0	0.0	0.0	0.0	0.0	0.0	0.0	0.0	0.0	0.0205444056645824
K10581	UBE2O; ubiquitin-conjugating enzyme E2 O [EC:2.3.2.24]	0.0	0.0	0.0	0.0	0.0	0.0	0.0	0.0	0.0	0.0	0.0	0.0	0.0	0.0	1.4473563150043471e-09
K10590	TRIP12; E3 ubiquitin-protein ligase TRIP12 [EC:2.3.2.26]	0.0	2.813795746443851e-12	9.85868785167836e-09	0.0	2.606176788550936e-08	0.0	4.170504860915041e-08	0.0	0.0	0.0	0.0	0.0	0.0	0.0	0.0
K10592	HUWE1, MULE, ARF-BP1; E3 ubiquitin-protein ligase HUWE1 [EC:2.3.2.26]	0.0	0.0	0.0	0.0	0.0	0.0	0.0	0.0	0.0	0.0	0.0	0.0	0.0	0.0	3.092580282010062e-08
K10595	HERC2; E3 ubiquitin-protein ligase HERC2 [EC:2.3.2.26]	0.0	1.5971441531978685e-08	5.595922222187604e-05	0.0	0.0001479300574824	0.0	0.0002367233974748	0.0	0.0	0.0	0.0	0.0	0.0	0.0	0.0
K10601	SYVN1, HRD1; E3 ubiquitin-protein ligase synoviolin [EC:2.3.2.27]	0.0	3.288467553887244e-13	0.0	0.0	0.0	0.0	0.0	0.0	0.0	0.0	0.0	0.0	0.0	0.0	0.0
K10618	cymC; p-cumic aldehyde dehydrogenase	0.0	8.692739859896944e-10	2.970468973889336e-06	0.0	7.852533123404616e-06	0.0	1.2565927110364666e-05	0.0	0.0	0.0	0.0	0.0	0.0	0.00629326682847	0.0
K10619	cmtAb; p-cumate 2,3-dioxygenase subunit alpha [EC:1.14.12.25]	0.0021036909015879	0.0335037744128939	0.0022436955849624	0.0439608253003047	0.0219989051074385	0.0266836671626105	0.0282792846342576	0.0060850970451783	0.0057073160478565	0.0081286305152126	0.0039261397040331	0.0040661357711619	0.0063573214055117	0.0289804358605566	0.0
K10620	cmtB; 2,3-dihydroxy-2,3-dihydro-p-cumate dehydrogenase [EC:1.3.1.58]	0.0005590422343155	0.004875068498915	0.0014431226592448	0.011682304648314	0.0080848089183364	0.0070910117541781	0.011097558820095	0.0016170751347526	0.0015166822810946	0.0021601309211917	0.0010433462020113	0.0010805492502842	0.0016894169956796	0.0077013631625702	0.0
K10621	cmtC, dhbA; 2,3-dihydroxy-p-cumate/2,3-dihydroxybenzoate 3,4-dioxygenase [EC:1.13.11.- 1.13.11.14]	0.000717256620689	0.0339215482489895	0.0007649884932483	0.0149885104193767	51.00750055247523	2.9840496674505803	261.95427837858887	51.00207472311636	152.00194591810927	61.27757999395043	15.001338623318826	615.0013863551914	44.00216753842711	279.1962479412689	0.0
K10622	cmtD, dhbB; HCOMODA/2-hydroxy-3-carboxy-muconic semialdehyde decarboxylase [EC:4.1.1.-]	0.0929396004054767	0.2049330965982535	0.019029913631253	0.3383059669703739	0.2684343545418395	0.2644729251322398	4.1697224190661295	0.1384372227964122	0.0439213563709464	2.337363406237809	0.0302140935699063	0.0312914506153789	0.0489235529756586	3.409389545143882	0.0
K10624	RBBP6; E3 ubiquitin-protein ligase RBBP6 [EC:2.3.2.27]	0.0	0.0	0.0	0.0	0.0	0.0	0.0	8.976870217393511e-05	0.0	0.0	0.0	0.0	0.0	0.0	0.0
K10638	UHRF1, NP95; E3 ubiquitin-protein ligase UHRF1 [EC:2.3.2.27]	0.0	0.0	0.0	0.0	0.0	0.0	0.0	0.0	0.0	0.0	0.0	0.0	0.0	0.0	0.0001492426451907
K10641	LRSAM1; E3 ubiquitin-protein ligase LRSAM1 [EC:2.3.2.27]	0.0001188867417883	0.0002836672625757	0.0005840529732155	0.0007738565306477	0.0015477676967467	0.0030349993135756	0.0005256476758939	0.0005006246392492	0.000204445858351	0.0007092227918906	7.506910993434552e-05	0.0004255008938636	0.0008364687577109	5.6329150176353885e-05	0.0001022229291755
K10643	CNOT4, NOT4, MOT2; CCR4-NOT transcription complex subunit 4 [EC:2.3.2.27]	0.0007996718602374	0.0035467800264976	0.0008528882882509	0.0167107415442702	0.008362391615034	0.0101432096044982	0.0107497346616937	0.0023131159003302	0.0021695107572634	0.0030899202351336	0.0014924357177694	0.0015456521457828	0.002416596007824	0.0110162757454581	0.0
K10645	MIB; E3 ubiquitin-protein ligase mind-bomb [EC:2.3.2.27]	33.86932324908775	3.7809613835934632	19.09930905633839	8.805833138953359	2.398005494869145	4.349923557025111	30.194136168225445	26.727927350918726	7.517520212984604	5.0307775557384975	6.354432904700712	147.4084014607896	42.89080119404733	0.0050017396823856	0.0
K10670	grdA; glycine/sarcosine/betaine reductase complex component A [EC:1.21.4.2 1.21.4.3 1.21.4.4]	8152.84689255741	10952.857906061688	4487.739264281386	6007.885867490315	25887.79122579255	22280.09311772096	3915.779590914369	10524.385663091238	2581.062900627217	4390.980202910614	2273.364681014279	1615.1328558521586	3904.4508896278526	5942.018632592648	483.7157693632934
K10672	grdB; glycine reductase complex component B subunit gamma [EC:1.21.4.2]	1485.1837386421198	1971.6915438627127	905.7638669610748	1590.3336253101616	9561.653188737411	7867.565280940217	1499.9982493245266	1635.3583612664063	638.0144072042579	1801.2957895850318	889.2585831067504	877.9567054301816	252.66523329343516	2790.109315269301	180.6573353361412
K10673	"strA; streptomycin 3""-kinase [EC:2.7.1.87]"	9.39603666090064	51.00780533091251	21.77224070839513	70.6849052358109	151.61639257013104	150.56552553873675	84.05231108986348	66.8024819657738	68.84385439768519	70.6849052358109	30.639664725698328	24.715869023749804	70.2747229247259	66.60216037198808	14.709360015530878
K10674	ectD; ectoine hydroxylase [EC:1.14.11.55]	0.0684258010764976	6.7663015893081	520.2854453333111	1262.782857499361	948.5390350135436	398.4692895922968	116.0869816752477	0.2434408653321502	0.165335508531883	110.64903334797592	49.68240280663777	140.9609442076804	38.49573000178489	66.42283200694452	0.0291206679916343
K10676	tfdB; 2,4-dichlorophenol 6-monooxygenase [EC:1.14.13.20]	0.0001755040546973	0.6726343142187741	9.789713699986342	18.753667507941504	50.295599398437055	6.027274300676057	73.90067082350998	5.000507659753555	9.75047614271996	8.500678145090836	0.0003275450004778	21.50033922441469	0.0005303705420026	25.502417743051893	0.0009526041832082
K10677	E4.2.2.17; inulin fructotransferase (DFA-I-forming) [EC:4.2.2.17]	212.0279143838424	33.02902809887455	65.94469720096563	33.38619146456607	8.509194400753513	13.219349797298012	45.87279753315012	105.36550731225869	18.825532292216163	16.307537086451028	10.812287038106136	180.40865617520728	66.27338227764169	0.0551998350906724	5.235372241333968
K10678	nfsA; nitroreductase [EC:1.-.-.-]	7573.846601908834	2377.213482968398	2040.8839384149755	1189.876104606457	2046.82747907732	2109.3357046633537	1598.842720184327	5953.898150522853	1914.5035930439144	874.7317125747088	150.147608811892	407.5641243469775	958.2684678842988	215.3038560240002	148.28695474389127
K10679	nfnB, nfsB; nitroreductase / dihydropteridine reductase [EC:1.-.-.- 1.5.1.34]	240.88481800905095	1053.2547225460569	6896.809290384573	6128.402740096865	464.6052091340492	852.6791953520526	154.38966085953294	1474.4340315340155	4584.162733648484	640.8194881977325	32.14571702830023	71.93663403153514	248.37164177203468	1000.6598278576772	92.45612069603588
K10680	nemA; N-ethylmaleimide reductase [EC:1.-.-.-]	489.5591745469954	186.51717735958132	3265.81498809956	206.0514648490832	558.8975476729083	356.6605658585751	1098.1920648886123	1017.8460471745684	996.7750111570376	393.6272847278602	87.98239674349057	1834.251955150573	192.4247404084969	900.1382302742006	39.689808192860056
K10681	saeS; two-component system, OmpR family, sensor histidine kinase SaeS [EC:2.7.13.3]	0.2540869132557005	68.72671253491826	25.626525809374904	110.8230332389191	732.0181031580021	414.8703763404175	19.72600722958204	12.710221913529324	30.2156073169536	234.28149997002305	71.3326706142036	19.085771167276377	4.684747219718828	283.5705534146245	1.4246853411680511
K10682	saeR; two-component system, OmpR family, response regulator SaeR	0.0135473960356785	68.28729115780904	25.51670673410245	109.63384278261188	727.7713606535771	413.7813628380888	18.975778597358246	12.299746382612376	30.051837978217893	234.01054014284816	71.23136384225566	18.943849913081543	4.447411538112298	286.07753920367526	1.4154228153383253
K10683	BARD1; BRCA1-associated RING domain protein 1	0.0	2.12272737858862e-25	0.0	0.0	0.0	0.0	0.0	0.0	0.0	0.0	0.0	0.0	0.0	0.0	0.0
K10695	RNF1_2; E3 ubiquitin-protein ligase RNF1/2 [EC:2.3.2.27]	3.904602516660568e-05	0.0001731806120249	4.164445346052121e-05	0.0008159447234975	0.0004083151723716	0.0004952681683331	0.0005248833065229	0.0001129438037631	0.000105931915126	0.0001508732634758	7.287199349275607e-05	7.54704217866716e-05	0.0001179964848469	0.0005378978570931	0.0
K10697	rpaA; two-component system, OmpR family, response regulator RpaA	82.5669933958372	46.53298688868004	355.1406046282725	115.79625976922809	28.853320849494416	87.0949790826989	914.2845011692052	227.4959755180201	74.89587077606663	33.626001910586695	50.229692371323466	84.00549933613523	75.63942805981048	236.68931160298533	8.855950388407852
K10701	apc; acetophenone carboxylase [EC:6.4.1.8]	0.0013166780735165	0.0882841075844745	0.0014043001437683	0.0275146195303228	0.0137688697441516	0.0167010274406288	0.0176996848694513	0.0038085984250604	0.0035721492606943	0.0050876245930501	0.0024573296666163	0.0025449517368682	0.0039789807973291	0.0181385508820443	0.0
K10702	todF; 2-hydroxy-6-oxohepta-2,4-dienoate hydroxylase [EC:3.7.1.-]	0.0	7.303295031416539e-05	0.0	0.0	0.0	0.0	0.0	0.0	0.0	0.0	0.0	0.0	0.0	0.0	0.0
K10704	UBE2V; ubiquitin-conjugating enzyme E2 variant	34.68619147475702	6.075361914013117	19.254162750604383	11.754205450831083	3.820675284362432	8.644312969038916	66.69532093434563	29.957335369112663	9.731199510396364	6.688773781170336	8.338037089322452	151.55045799148226	46.62035210974823	11.675434230625024	0.43651794865549
K10706	SETX, ALS4; senataxin [EC:3.6.4.-]	1.6144813521832396e-06	7.160699904303012e-06	1.7219215847705973e-06	3.373781415337778e-05	1.6883081665667915e-05	2.047842818038528e-05	2.170295969532842e-05	4.670018631657998e-06	4.380089928289596e-06	6.238332055194964e-06	3.0131229514008058e-06	3.1205631839881632e-06	4.878937704815186e-06	2.2241087433373983e-05	1.210477459174277e-07
K10708	frlB; fructoselysine 6-phosphate deglycase [EC:3.5.-.-]	6078.008667936976	1429.7860405867395	1698.6182605318504	942.8977432089808	1670.886999860147	1732.208759218587	495.5045736468926	2865.7565934495487	1010.8639446444464	513.4632114242793	53.27214949493718	212.7340385586484	445.38085166372326	137.18493888667354	70.26126027744522
K10709	frlC; fructoselysine 3-epimerase [EC:5.1.3.41]	2920.323593312915	2753.2104945036426	1760.412397815173	2227.960758573789	1234.003899013362	1404.2760529108066	2183.7248061638256	3905.095031262864	1298.5835242711778	1395.2289227642389	197.6622089609089	752.5701749283172	995.4579817951476	372.992761973894	173.07843260906265
K10710	frlD; fructoselysine 6-kinase [EC:2.7.1.218]	10351.928887478538	4103.166466184249	3075.802705377483	3060.0384573947813	9650.0125835208	8683.610493787193	1662.0878141085411	10833.014723550092	1989.8726173343655	1441.259225478975	150.93229453870686	606.4015033812195	1321.2500401905163	805.3101815032176	210.2961267206787
K10711	frlR; GntR family transcriptional regulator, frlABCD operon transcriptional regulator	443.7368294548616	592.2270499507665	390.25521132985546	570.8849286168188	608.1757547639361	502.93627133677336	380.2784796340116	845.446178589107	205.90371834213647	222.26712180391175	71.79109686773342	161.41961050698126	168.15957099584247	131.8142877117652	26.868950602688685
K10712	ADO; cysteamine dioxygenase [EC:1.13.11.19]	0.191588605753297	0.5381296332126733	0.0363194484102513	0.6915124407140123	0.3336735508264373	1.0072078386147976	8.561002714917532	0.7574266695309099	0.519197242405379	0.3888671087854587	0.4652353319125843	0.9714796226974868	0.8747303880496043	2.737187981140741	0.1023810971477981
K10713	fae; 5,6,7,8-tetrahydromethanopterin hydro-lyase [EC:4.2.1.147]	3.970444238415417e-11	0.0135962230231981	8.799730475568344	26.9559688837429	71.13439227373361	17.826268776877306	106.1077589897633	6.160365135057627	11.14413833073494	12.56552839419286	7.410080423566741e-11	43.39179717048987	0.6970691654335972	33.10612970377079	0.0
K10714	mtdB; methylene-tetrahydromethanopterin dehydrogenase [EC:1.5.1.-]	0.0	0.0	0.0	6.0	20.45	0.0	0.0	0.0	0.0	0.0	0.0	0.0	0.0	0.0	0.0
K10715	rpfC; two-component system, sensor histidine kinase RpfC [EC:2.7.13.3]	0.0	0.0	0.0	0.0	0.0	0.0	0.0	0.0	0.0	2.8	0.0	0.0	0.0	0.0	0.0
K10716	kch, trkA, mthK, pch; voltage-gated potassium channel	16884.075187438793	14273.35306603025	43145.66375990534	18470.258625893097	64001.24110947744	30398.728008287304	7632.968139925013	20598.48824311856	12466.398974635324	4538.488465082947	4567.06576421816	2068.197545081554	1896.214992516288	35011.74917716353	491.37685027501226
K10727	CDT1; chromatin licensing and DNA replication factor 1	0.0	2.810324140159847e-17	5.4560953722613877e-14	0.0	1.44233688389749e-13	0.0	2.3080832473824984e-13	0.0	0.0	0.0	0.0	0.0	0.0	0.0	0.0
K10742	DNA2; DNA replication ATP-dependent helicase Dna2 [EC:3.6.4.12]	6689.079709054204	5342.638635944352	14099.18633896634	5594.932009714252	651.4407515078099	656.490111877411	285.43050382822526	9446.544482599616	5404.80775225758	1755.6651639169345	2.9067207191070694	340.9652889021663	57.310676105101656	146.02501034798857	335.78444049902305
K10747	LIG1; DNA ligase 1 [EC:6.5.1.1 6.5.1.6 6.5.1.7]	2491.332235842141	2238.909358794057	1687.5574502087084	3237.017428419152	1957.904390747008	1448.8874891507935	3079.6034700113346	3380.052775901468	1796.8727573120266	1338.712559379177	263.2956220812915	1261.5351394568324	1106.0860911953173	834.8908544679374	122.8102752992213
K10748	tus, tau; DNA replication terminus site-binding protein	10.000005534205709	53.53175192009139	21.86866292766187	74.64588635244655	156.60350164099725	158.6305170169977	98.77375339492257	70.62275831399181	77.1139622905704	74.40493952215328	32.484113952749695	26.669816299106245	74.35447737972508	71.9629670592482	15.500022019544572
K10750	CHAF1A; chromatin assembly factor 1 subunit A	0.0078486689119848	0.0151104463502231	0.027936932409454	0.0391772481661536	0.0745307337091019	0.1458626579400709	0.0263997986543173	0.0245416164836328	0.0114165529933679	0.0346450240752362	0.0036493918443201	0.0203921137410963	0.0400613681503443	0.0031579028311952	1.6231752333591982
K10753	ASF1; histone chaperone ASF1	0.0	0.0	0.0	0.0	0.0	0.0	0.0009967694658588	0.0001733512114537	0.0	0.0	0.0	0.0	0.0	0.0029034161028353	0.0003193040947763
K10754	RFC1; replication factor C subunit 1	4.964945508539264e-21	2.2020994407764248e-20	5.295351864425418e-21	1.0375245810193406e-19	5.191981955871222e-20	6.297643505058461e-20	6.674218448891673e-20	1.4361508727673115e-20	1.3469903376122306e-20	1.918447597820344e-20	9.266128248557236e-21	9.59653460444339e-21	1.500398862533018e-20	6.83970657251829e-20	0.0280488958129038
K10755	RFC2_4; replication factor C subunit 2/4	67.73864649817558	7.561922767186973	38.19861811267678	17.61166627790674	4.796010989738326	8.699847114050252	60.38827233645089	53.45585470183746	15.035040425969212	10.061555111477	12.708865809401424	294.8168029215792	85.78160238809465	0.0100034793647713	0.0
K10756	RFC3_5; replication factor C subunit 3/5	33.86932324908775	3.7809613835934632	19.09930905633839	8.805833138953359	2.398005494869145	4.349923557025111	30.194136168225445	26.727927350918726	7.517520212984604	5.0307775557384975	6.354432904700712	147.4084014607896	42.89080119404733	0.0050017396823856	0.0
K10762	ydaV; putative replication protein	1.7162802081635542	9.253973792444032	3.8054375376946217	12.911305931463897	27.24093885728833	27.50230132553659	14.62758613962745	12.202142434283624	12.57501955565114	12.911305931463897	5.596641653422676	4.514601034874892	12.836382023899397	12.165551688728868	2.686806173592082
K10763	hda; DnaA-homolog protein	207.6700055239813	258.3617518649627	1002.3086629049918	236.51588627553	425.7735014787148	338.64051685315826	749.4737533077815	826.0827582413001	396.4365095862115	197.88493944523677	62.81411391940882	955.9998162722114	131.1344773032549	644.3029669867744	66.50002200353846
K10764	metZ; O-succinylhomoserine sulfhydrylase [EC:2.5.1.-]	11.413427778735702	14.118755385239805	59.84597292861174	49.4144201711159	210.68009053599508	177.15137371407286	291.71788581467234	31.67239582254281	31.95319867883752	49.83765799010571	17.267039009512082	244.50264820707565	18.17189761298264	313.7036003698611	3.116514437035994
K10768	ALKBH6; alkylated DNA repair protein alkB homolog 6 [EC:1.14.11.-]	0.0	0.0	0.0	0.0	0.0	0.0	0.0	0.0	0.0	0.0	0.0	0.0	0.0	0.0	0.0008606361746564
K10770	ALKBH8; alkylated DNA repair protein alkB homolog 8 [EC:1.14.11.- 2.1.1.229]	0.0	0.0010249253229892	0.0	0.0	0.0	0.0	0.0	0.0	0.0	0.0	0.0	0.0	0.0	0.0	0.0082833310154952
K10771	APEX1; AP endonuclease 1 [EC:4.2.99.18]	4.368686929319253	8.165387037564807	23.4513270021444	21.72891515666148	43.24015461204515	84.72582821843514	14.694701641292484	15.713018465360983	6.94188131570953	20.045305597301827	2.095648748373175	11.94348383027831	23.351078848321187	1.5886299595855466	2.8536818109216395
K10773	NTH; endonuclease III [EC:4.2.99.18]	57707.41290615261	54081.10469560127	114708.5625020365	38739.07450216895	92094.44751112688	54543.33342126511	21399.270447234405	80408.89453571319	32118.58532761149	14604.373467096142	6084.1749222628	6938.863435158808	6491.567380186775	39348.2033539916	1605.5117879781783
K10774	E4.3.1.23; tyrosine ammonia-lyase [EC:4.3.1.23]	0.0	0.3331854056280792	0.0004753184274792	0.0	0.0012565200070272	0.0	0.0020107318966868	0.0	0.0	0.0	0.0	0.0	0.0	0.0	0.3994807320605302
K10775	PAL; phenylalanine ammonia-lyase [EC:4.3.1.24]	0.2168954801787269	1.1503389321252528	0.303342227306283	126.25889681586432	1.0627021372609342	0.6559205688326264	5.422346648912064	2.297445810698637	11.765647502047898	17.486501489042663	0.1752855525936178	4.473646927832149	1.5513668930648512	1.0639060954492094	0.0337813264082904
K10778	ada; AraC family transcriptional regulator, regulatory protein of adaptative response / methylated-DNA-[protein]-cysteine methyltransferase [EC:2.1.1.63]	1500.109413730237	412.287770484341	7047.818618276336	286.3982417500068	557.0450615973242	428.1882129735018	1033.4864674397927	2371.2227471742226	1565.4997069992023	489.31074590076577	97.55251751243816	1087.1431015791122	170.02358814523146	831.1669173023072	71.42838349222625
K10779	ATRX; transcriptional regulator ATRX [EC:3.6.4.12]	0.0	0.0	0.0	0.0	0.0	0.0	0.0	0.0	0.0	1.4	0.0	0.0	0.0	0.0	0.0
K10780	fabL; enoyl-[acyl-carrier protein] reductase III [EC:1.3.1.104]	3.942854043554405	4.574191583179878	3.1863390208552684	20.777258165843133	14.332971363624829	19.91342294524037	24.148577062046268	6.625264278146345	3.743106376609924	4.208867992083412	1.8577784382448848	1.9267063489075955	3.008785179029956	13.70936185957178	1.7672290182312695
K10781	FATB; fatty acyl-ACP thioesterase B [EC:3.1.2.14 3.1.2.21]	10.025472358292513	188.66116165150453	1347.6650076976905	1355.7172848145556	70.0279244226732	158.27942337298808	0.0	164.35850524842547	996.167389783065	129.11441287613715	0.0	1.822813156053184	39.79656822953114	181.52029111266617	5.924142757172848
K10782	FATA; fatty acyl-ACP thioesterase A [EC:3.1.2.14]	0.0	0.0	0.0	0.0	0.0	0.0	0.0	0.0	0.0	0.0	0.0	0.0	0.0	0.0	0.0001253051567097
K10793	prdA; D-proline reductase (dithiol) PrdA [EC:1.21.4.1]	849.7680591957712	1837.237715562424	662.6541965473298	697.4907181378796	5063.475984636976	4081.7100948838834	174.51838349235396	906.5413079573146	364.8010399410898	877.1178690401741	405.7920068785282	137.35810691442788	334.741091059906	1128.8929616345715	77.53573595019297
K10794	prdB; D-proline reductase (dithiol) PrdB [EC:1.21.4.1]	810.5729656987617	2682.605920873188	991.411712092055	1165.4331146638656	9463.78306492323	7570.428496217947	284.9974964444192	1054.7479905883483	482.9451623295106	1562.9589297752595	789.2415694441637	220.81529678863285	310.1911979926446	2188.0682426607978	68.92345786049171
K10795	prdD; D-proline reductase (dithiol)-stabilizing protein PrdD	611.9524147221923	1193.8975632531435	463.0370672682109	597.3123167971112	4825.603104603276	3885.3244881498094	144.65836098152025	617.3215496011749	270.7409160214901	799.4473823763817	391.58688894141	119.88483674760538	189.08288675530417	1080.698269609869	52.918483492004285
K10796	prdE; D-proline reductase (dithiol)-stabilizing protein PrdE	616.7888605817188	1197.7385119598102	463.2206044380175	604.1868939321442	4827.922220590108	3888.485382818913	148.7920050866164	618.9731251149755	274.6108857748615	801.4966524473966	391.9080534262917	120.21745313389002	189.6029257779429	1083.0689154494044	52.918483492004285
K10797	enr; 2-enoate reductase [EC:1.3.1.31]	8430.736908996165	7108.9328690603725	4407.759233331239	7907.022596595481	4340.414675086991	4670.61035416182	7985.22436258915	9703.379651068564	5602.045441190525	4271.212536331186	766.3400356526496	3058.286514937935	2877.0041162903217	1209.1898668790284	301.2215120505368
K10798	PARP; poly [ADP-ribose] polymerase [EC:2.4.2.30]	3132.9137465471927	4665.795191662156	1059.5245208076892	149.39393731716444	437.65173266774775	347.8001489996265	406.7815270469811	1395.4639727865042	714.2764250185104	82.54671844596002	12.152893914294616	175.00944829165527	22.65362819244723	186.63623432142467	75.31277665928636
K10799	TNKS; tankyrase [EC:2.4.2.30]	0.0006563563856465	0.0093943589774677	0.0007000354796408	0.0137158783081521	0.0068637017365783	0.00832536534784	0.0088231902859673	0.0018985642329235	0.0017806956954017	0.0025361513619675	0.0012249645913938	0.0012686436853881	0.0019834988576342	0.0090419624487316	1.0988991706268757e-06
K10800	SMUG1; single-strand selective monofunctional uracil DNA glycosylase [EC:3.2.2.-]	217.78117024462955	841.9666798631357	3256.5478658676	5418.558723054427	685.7044805517224	929.1109794683372	725.8914593630421	1582.6486841812198	2256.494330840876	447.3692767060367	97.40054462309288	31.173164770202614	462.2068575057009	420.4847644398021	56.19470406223277
K10802	HMGB1; high mobility group protein B1	0.0006900186795134	0.0030604359013978	0.0007359379261595	0.0144193192075596	0.0072157177296025	0.0087523451122128	0.0092757018037106	0.0019959351559942	0.0018720215407761	0.0026662219673648	0.0012877888724608	0.001333708119107	0.0020852257896644	0.0095056940490305	0.0
K10804	tesA; acyl-CoA thioesterase I [EC:3.1.2.- 3.1.1.5]	632.876597162092	398.44991059834894	224.2658053710621	372.72307063245694	526.8794779166192	459.19303084212464	824.7605452240053	1088.1340877390712	550.2000148639949	286.2586109112907	81.77238455290859	959.4582311684936	217.3976238200572	722.1037784612498	98.65763420001028
K10805	tesB; acyl-CoA thioesterase II [EC:3.1.2.-]	11.70908725315912	60.38880185634328	549.4671133134278	1342.9858862829456	1148.829594366404	636.1905168689532	347.84209060148584	93.6201631012543	82.07650959343353	206.7089600131946	95.25411392262306	241.99365900131096	124.53961993293343	295.6874707640251	17.17717313264905
K10806	yciA; acyl-CoA thioesterase YciA [EC:3.1.2.-]	309.0260965867518	733.9466575585983	4058.1690461198823	3265.3613796783543	728.9090331544448	770.3094344916209	1296.7827679125205	1304.7990224110758	3004.7345608351798	673.8751316000391	93.26066926788675	1645.7547522094023	307.20269738926226	1457.23403497474	82.04707029174472
K10807	RRM1; ribonucleoside-diphosphate reductase subunit M1 [EC:1.17.4.1]	67.73864649817558	7.561922767186973	38.19861811267678	17.61166627790674	4.796010989738326	8.699847114050252	60.38827233645089	53.45585470183746	15.035040425969212	10.061555111477	12.708865809401424	294.8168029215792	85.78160238809465	0.0100034793647713	0.0
K10808	RRM2; ribonucleoside-diphosphate reductase subunit M2 [EC:1.17.4.1]	0.0	0.0	0.0	0.0	0.0	0.0	0.0	0.0	0.0	0.0	0.0	0.0	0.0	0.0	0.0079000999390236
K10810	tenI; thiazole tautomerase (transcriptional regulator TenI) [EC:5.3.99.10]	0.1525902216867322	0.6767825372229799	0.842822803932346	3.1886776108798323	1.5956784949146203	1.935487140570056	65.90122185319147	0.441379627780916	0.413977462335954	0.589606358704855	21.57392661234042	0.2949352294396554	20.461125292631444	2.102082168631543	0.0
K10811	E2.5.1.2; thiamine pyridinylase [EC:2.5.1.2]	1.1340589927720757	0.9515434476828049	1.1574595243390142	0.90912483946624	0.2582187517785779	0.4210283133900806	1.2141277069247287	0.3868813285210107	0.7078323613048623	0.3352063405320758	0.062614963757596	0.1059034858115884	0.1115675908717738	0.4064947808263126	0.0085842880910469
K10817	eryA; 6-deoxyerythronolide-B synthase [EC:2.3.1.94]	0.0	0.0623560701017422	0.0005691012122028	0.0	0.0015044379048138	0.0	0.0024074597020946	0.0	0.0	0.0	0.0	0.0	0.0	0.0	0.0
K10819	E2.7.13.3; histidine kinase [EC:2.7.13.3]	728.320215647398	3055.3918429612795	1249.8089428593162	6227.638650889738	58609.80396059001	23430.236650090083	932.52618016087	854.6754449255684	521.8903762414133	518.4297746141372	4017.3459930805866	1028.7506264412084	331.3217748219864	32608.164973529405	77.4205922725249
K10820	E3.6.3.17; monosaccharide-transporting ATPase [EC:3.6.3.17]	0.025098732277483	0.1113202636713399	0.0267689984777671	0.5244881670005188	0.2624644417059752	0.3183577101513772	0.3373942810088455	0.0726001246210352	0.0680928920688839	0.0969811301317573	0.046842019063324	0.0485122852636081	0.075847981202186	0.3457600165498785	0.0
K10823	oppF; oligopeptide transport system ATP-binding protein	45783.5619696875	40137.59430257194	42135.18622098138	42728.447286957125	104915.75426158652	60159.11609018869	26626.6570033462	66149.42635050279	24023.0927273228	15783.916027286716	7948.233479207509	7665.643984228365	16081.502614549096	46107.11518498529	1435.510725841332
K10824	nikE; nickel transport system ATP-binding protein [EC:3.6.3.24]	1841.3607879176127	2800.2550612773603	867.4503633479322	846.6597010158366	1701.421757188659	1536.282916240339	618.1030526470032	2671.2175656323534	1022.8741305521116	511.86614512245296	167.01752351936054	459.4557269864604	298.1452772776239	578.9276018748318	125.95606445708492
K10826	E3.6.3.30; Fe3+-transporting ATPase [EC:3.6.3.30]	0.5948854542546864	1.670919722855074	0.1127828053776315	2.147360991890221	1.0361644788087752	3.1274831500079414	26.58167022548448	2.3518084533139696	1.61211515205411	1.2074598364754463	1.4445559335067422	3.016421452982999	2.7160325183483818	8.49900311504957	0.3178884952040949
K10829	E3.6.3.34; iron-chelate-transporting ATPase [EC:3.6.3.34]	3.758157464943323e-38	8.967074245397855e-38	1.8462639384303365e-37	2.4462565410596147e-37	4.892685791561553e-37	9.594009521029485e-37	1.6616375445873029e-37	1.5825366200034771e-37	6.462787331717792e-38	2.2419412707917862e-37	2.3730277375147635e-38	1.345061136809678e-37	2.6441815619615016e-37	1.7806343503476862e-38	3.231393665858896e-38
K10831	tauB; taurine transport system ATP-binding protein [EC:3.6.3.36]	862.4674106181883	1933.5506687769207	1098.9058139391543	2444.2970216035965	1728.5285453782203	1795.9107120174808	2193.56064202366	2996.1337418454964	1302.6649660163537	677.8436780268112	130.53877535248267	1494.9809318114444	1244.6627157320104	876.0813944340542	59.51522832255876
K10834	E3.6.3.41; heme-transporting ATPase [EC:3.6.3.41]	2.558061289769327	0.012143586272726	13.447954169929268	0.0156048663076609	0.0075297721985634	0.0227289383968027	0.2415969537917827	0.0170923055320331	0.0117163525600146	0.0366907864352092	0.0104986327485294	0.0219226853202482	0.0197394145890815	0.1008699281157444	0.0023103609412627
K10839	RAD23, HR23; UV excision repair protein RAD23	0.0	1.4069090986726785e-05	0.0	0.0	0.0	0.0	0.0	0.0	0.0	0.0	0.0	0.0	0.0	0.0	0.0
K10843	ERCC3, XPB; DNA excision repair protein ERCC-3 [EC:3.6.4.12]	3.3726842335007925	9.605665114108898	526.9124997778878	1276.0134266603866	947.2866905434388	395.97463072737565	83.457149977685	4.960215806255097	3.751453983951881	111.2809238604303	63.53612614310936	96.95138279330637	42.46253033215326	34.2554581616218	0.1074201181780475
K10844	ERCC2, XPD; DNA excision repair protein ERCC-2 [EC:3.6.4.12]	22.81196864495156	188.9079703976044	49.98646348387275	174.75072899925067	1630.606419137825	1543.7865071943925	200.68486407025333	54.493106787216746	56.73811131092808	88.21385260818137	130.7517214152437	188.5422780398144	36.30669708979566	318.5159326585134	2.2687628645605757
K10848	ERCC4, XPF; DNA excision repair protein ERCC-4 [EC:3.1.-.-]	0.0	0.0	0.0	0.0	0.0	0.0	0.0	0.0	0.0	0.0	0.0	0.0	0.0	0.0	0.0001404771117343
K10850	narT; MFS transporter, NNP family, putative nitrate transporter	1.1660568162302636e-06	5.17180512559073e-06	1.2436553684689978e-06	2.436708736527484e-05	3.3300121937812595	1.479051506734899e-05	53.93001567493118	3.372914186963685e-06	3.163513601242237e-06	4.505626283655114e-06	16.980002176223685	2.253822236005376e-06	20.000003523805685	1.606359315763438e-05	0.0
K10851	nreA; nitrogen regulatory protein A	0.8905038006986798	1.2258580373903074	3.335415556251144	1.653217418881018	4.16145782833935	0.9974647501045792	54.99221032546028	28.82146138765582	0.3007400939341186	0.3295960346808564	17.125029421189062	0.1502007981942111	20.23483592364456	1.078335497011205	0.0
K10852	PENDE; isopenicillin-N N-acyltransferase [EC:2.3.1.164]	5.434562545554939e-05	3.903364232236807e-05	3.3001434954732216e-05	1.5378110719765883e-05	8.801493173413031e-05	2.2514668651116133e-05	0.0046395020167782	5.537655650255306e-06	2.9328366925530346e-05	2.19547871171111e-06	0.0001724545521867	0.0005630125323868	0.0001095069370128	8.899263499904294e-08	0.0
K10854	acxB; acetone carboxylase, alpha subunit [EC:6.4.1.6]	0.1860381920766786	0.8276714041290926	0.1984186302897433	3.887639792943868	1.945453247580958	2.3597483799358163	2.500852288551965	0.5381306027618059	0.5047218478493669	0.7188488213586643	0.3472049681003253	0.3595854063133901	0.5622045424254233	2.562861249731309	3.6097481865682486e-33
K10855	acxA; acetone carboxylase, beta subunit [EC:6.4.1.6]	0.196398939805364	0.8736243692523225	0.2094688633103152	4.104148321138051	2.053798475467696	2.491166329094586	2.640128527366137	0.5680999083011016	0.5328305693991309	0.7588825972734948	0.3665413368558796	0.3796112603607365	0.5935145620028169	2.7055908611914306	8.397674489687423e-14
K10856	acxC; acetone carboxylase, gamma subunit [EC:6.4.1.6]	0.334834001998444	1.4863803551149688	0.3602760447733041	6.985206133291896	3.503556821697221	4.257657845556187	4.493656180892022	0.9696176036026998	0.9075890529098718	1.2955200318289992	0.6238896601864978	0.6485389037402414	1.015160532048358	4.601743990445423	0.0007063463536709
K10857	exoX; exodeoxyribonuclease X [EC:3.1.11.-]	14.668632040221986	65.36720056456296	43.95028459904661	108.67731432646444	217.07167448590317	283.5618319231915	184.6983393832012	100.81344389968658	83.79647634205111	101.72375341389946	35.744666330225066	45.96378282842481	112.14935614755014	311.27668924165755	19.29659101861383
K10860	ALKBH3, DEPC1; mRNA N1-methyladenine demethylase [EC:1.14.11.54]	0.0	0.0	0.0	0.0	0.0	0.0	0.0	0.0	0.0	0.0	0.0	0.0	0.0	0.0	0.0024106566906069
K10866	RAD50; DNA repair protein RAD50 [EC:3.6.-.-]	0.0027641443800641	0.0122597937542223	0.0029480921938295	0.0577623205505573	0.0289054285087974	0.0350610009157504	0.0371575143878098	0.0079955124523644	0.0074991271612296	0.0106806129832481	0.005158750741403	0.0053426985551685	0.0083532016143827	0.0380788398406337	0.0
K10873	RAD52; DNA repair and recombination protein RAD52	1.709962284548076	4.080020303940078	8.40050405414473	11.130471414677825	22.261728657611418	43.65275960783346	20.560453648730256	7.200544307589163	2.9405693330785385	10.20083658810596	1.0797280234232796	6.120030455910117	12.031030595786325	0.810188931695343	1.4702846665392693
K10876	RAD54L2; RAD54-like protein 2 [EC:3.6.4.12]	0.0024373465457027	0.0068459624594804	0.0004620477390947	0.0087972635536381	0.0042449188108139	0.0128134684033046	0.1089111239831373	0.0096358093392111	0.0066051089016456	0.0049470786668605	0.0059186177837533	0.0123589421891356	0.0111281204920879	0.0348218812102173	0.0013024689672815
K10881	SHFM1, DSS1; 26 proteasome complex subunit DSS1	5.961150941829479e-75	1.4223481475174013e-74	2.92852498015428e-74	3.880227111216577e-74	7.760728172384526e-74	1.5217919798650162e-73	2.635672482138852e-74	2.510203404411007e-74	1.0251207180296834e-74	3.556144318744874e-74	3.764072331835341e-75	2.133522221276102e-74	4.194173755487561e-74	2.8244239986333606e-75	5.125603590148417e-75
K10896	FANCM; fanconi anemia group M protein	0.0	0.0	0.0	0.0	0.0	0.0	2.4096051144868477e-12	0.0	0.0	1.389580566022726e-12	0.0	0.0	0.0	1.946411592479272e-12	30.08992424979385
K10899	RECQL; ATP-dependent DNA helicase Q1 [EC:3.6.4.12]	0.0036529846231626	0.0102604185027861	0.0006924962267082	0.0131849402145946	0.0063620920750113	0.0192042461623575	0.16323106039362	0.0144417146629918	0.0098994380977823	0.0074144574687087	0.0088705562992457	0.0185230228565853	0.0166783230369808	0.0521894585875744	0.0019520815035576
K10900	WRN, RECQL2; werner syndrome ATP-dependent helicase [EC:3.6.4.12]	33.86932324908775	3.7809613835934632	19.09930905633839	8.805833138953359	2.398005494869145	4.349923557025111	30.194136168225445	26.727927350918726	7.517520212984604	5.0307775557384975	6.354432904700712	147.4084014607896	42.89080119404733	0.0050017396823856	0.0
K10901	BLM, RECQL3, SGS1; bloom syndrome protein [EC:3.6.4.12]	0.0	0.0	0.0	0.0	0.0	0.0	0.0	0.0	0.0	0.0	0.0	0.0	0.0	0.0	7.133329856545901e-06
K10906	recE; exodeoxyribonuclease VIII [EC:3.1.11.-]	9.854195047472418	53.1206864594532	21.859483476007668	74.13106997847947	156.39409397705515	157.9433099621078	83.97108039365988	70.04746752836726	73.77519921663641	74.12456140361377	32.12309710984834	25.92454264718686	73.69850150107544	69.8257468209802	15.423419857205356
K10907	K10907; aminotransferase [EC:2.6.1.-]	46900.654913498816	47085.99493477879	38722.15229066657	38359.216713866	141192.06091519693	70400.12187431198	18635.48104938965	51843.20665485326	18223.54060520881	10619.078064549314	9214.121585494682	4963.133286840857	6927.914650039427	69810.59713281896	1177.9419183078423
K10908	POLRMT, RPO41; DNA-directed RNA polymerase, mitochondrial [EC:2.7.7.6]	4.5130196431172775	4.947151613169394	18.011995753708533	0.5002938027672015	0.2732634195383706	0.2706779355520411	0.3194961473190825	1.3944115547222429	0.5415930187544575	0.2249191343007014	0.0318934104156231	0.03685548162581	0.0493348885349238	0.2674025369250274	5.962030188532119e-05
K10909	luxQ; two-component system, autoinducer 2 sensor kinase/phosphatase LuxQ [EC:2.7.13.3 3.1.3.-]	0.0144708382339554	0.0345278456391069	0.0710906529048639	0.094193452548596	0.1883935552985864	0.3694186874523095	0.0639815876143775	0.0609357953757968	0.0248850536173995	0.0863262642991616	0.009137376715742	0.0517917684586604	0.1018145833464421	0.0068563576375037	0.0124425268086997
K10910	luxP; autoinducer 2-binding periplasmic protein LuxP	25.81850119039638	0.0	0.0	0.0	0.0	0.0	0.0	0.0	3.397519101859636	0.0	0.0	0.0	0.0	0.0	0.0
K10912	luxO; two-component system, repressor protein LuxO	8.47063284104415	0.0	44.60353669023929	0.0	0.0	0.0	0.0	0.0	0.0	0.0	0.0	0.0	0.0	0.0	0.0
K10913	hapR, luxR, litR; TetR/AcrR family transcriptional regulator, hemagglutinin/protease regulatory protein	0.0158571711563203	0.0264750964126283	0.0041745811535186	0.1103872505714255	0.0409308967133969	0.0644130270508621	0.0598455129230512	0.0113218696709101	0.0247598758420343	0.0151240472605362	0.0073049356006697	0.0075654108592737	0.0118283675469616	0.0539207042029698	0.0
K10914	crp; CRP/FNR family transcriptional regulator, cyclic AMP receptor protein	4789.022428035919	1665.7139778974474	1416.463069197649	708.4803478840555	1309.406435736002	1183.3870815493508	1545.1820843039925	3214.4453319392705	1130.4079634141085	473.57305316059774	120.9528504170573	1148.8984675484176	441.847383377717	814.6989307133142	120.73350211328685
K10915	cqsA; CAI-1 autoinducer synthase [EC:2.3.-.-]	0.0	0.0022242319385256	0.0930601865549802	0.0	0.2460076855932916	0.0	4.386714468910192	0.0	0.0	2.3027240257856176	0.0	6.114376025294602e-09	0.0	3.225468798228849	0.0477694645485942
K10916	cqsS; two-component system, CAI-1 autoinducer sensor kinase/phosphatase CqsS [EC:2.7.13.3 3.1.3.-]	0.0	0.0	0.0	0.0	0.0	0.0	3.99304345890951	0.0	0.0	2.30272402578564	0.0	0.0	0.0	3.22546878364763	0.237343934212637
K10917	aphA; PadR family transcriptional regulator, regulatory protein AphA	0.0004008421628543	0.0957405923184011	0.0004275173394673	0.0083763980159517	0.0041917182638014	0.0050843680743559	0.0053883937977063	0.0011594685601989	0.0010874852893023	0.0015488481859679	0.0007480958012629	0.0007747709778759	0.0012113388236941	0.005521999730112	0.0
K10918	aphB; LysR family transcriptional regulator, transcriptional activator AphB	0.0	0.0	0.0	0.0	0.0	0.0	0.0484069329622083	0.0	0.0	0.0279155007186206	0.0	0.0	0.0	0.0391017660560014	0.0
K10924	mshA; MSHA pilin protein MshA	9.17646555146672	21.895316701845225	45.91506289513031	59.73136859879347	121.9689213930945	234.2613333566067	58.321283389461954	38.64152290812938	16.614473441274253	63.72928733981381	5.794330729648562	37.01292016909208	64.56419466588028	14.096646555457609	58.890242209004704
K10925	mshB; MSHA pilin protein MshB	0.0	0.0	0.0	0.0	0.0	0.0	0.0	0.0	0.0	0.0	0.0	0.0	0.0	0.0	0.1130998336484305
K10926	mshC; MSHA pilin protein MshC	0.0	0.0	0.83398902326485	0.0	2.50196706979455	0.0	17.748316904776637	0.0	0.83398902326485	8.986778459484064	0.0	4.16994511632425	0.0	9.748789945359515	51.0
K10927	mshD; MSHA pilin protein MshD	9.17634666472493	21.89503303458265	45.91447884215708	59.73059474226282	121.96737362539774	234.2582983572931	58.32075774177855	38.64102228349013	16.6142689954159	63.728578117017584	5.794255660538628	37.012494668198215	64.56335819712255	14.096590226301366	60.149310388980695
K10928	ctxA; cholera enterotoxin subunit A [EC:2.4.2.36]	3.0923382154890654e-05	0.0001667351092635	6.856514378302659e-05	0.0002326317378352	0.0004908184331061	0.0004955275775967	0.0002635551199901	0.0002198542591174	0.0002265726385907	0.0002326317378352	0.0001008384806918	8.13426225008342e-05	0.0002312817830812	0.0002191949788887	4.841000536329075e-05
K10929	ctxB; cholera enterotoxin subunit B	7.725068641687614e-08	4.16526289908659e-07	1.7128477069488068e-07	5.811447577147737e-07	1.2261291689760828e-06	1.2378932328974344e-06	6.583954441316499e-07	5.492249309415062e-07	5.660083288026345e-07	5.811447577147737e-07	2.519078221025443e-07	2.032045974681483e-07	5.777723927239863e-07	5.475779619925168e-07	1.2093457711149544e-07
K10930	tcpA; toxin co-regulated pilin	3.097096345371291e-05	0.0001669916618301	6.867064384051675e-05	0.0002329896844588	0.0004915736473455	0.0004962900377191	0.0002639606479126	0.000220192545245	1.3427742918164405	0.0002329896844588	0.0001009936392013	8.146778305438595e-05	0.0002316376525517	0.0002195322505927	4.848449304124397e-05
K10931	tcpB; toxin co-regulated pilus biosynthesis protein B	3.098635008435204e-05	0.000167074624668	6.870475998398464e-05	0.0002331054356599	0.0004918178651967	0.000496536598712	0.0002640917857442	0.0002203019387215	1.342774404552799	0.0002331054356599	0.000101043813676	8.150825692239203e-05	0.0002317527320522	0.0002196413160293	4.8508580538143e-05
K10932	tcpC; toxin co-regulated pilus biosynthesis outer membrane protein C	3.098635008435204e-05	0.000167074624668	6.870475998398464e-05	0.0002331054356599	0.0004918178651967	0.000496536598712	0.0002640917857442	0.0002203019387215	1.342774404552799	0.0002331054356599	0.000101043813676	8.150825692239203e-05	0.0002317527320522	0.0002196413160293	4.8508580538143e-05
K10934	tcpE; toxin co-regulated pilus biosynthesis protein E	3.097096345371291e-05	0.0001669916618301	6.867064384051675e-05	0.0002329896844588	0.0004915736473455	0.0004962900377191	0.0002639606479126	0.000220192545245	1.3427742918164405	0.0002329896844588	0.0001009936392013	8.146778305438595e-05	0.0002316376525517	0.0002195322505927	4.848449304124397e-05
K10938	acfC; accessory colonization factor AcfC	0.014088904759065	5.036411102828718	0.0643070237439091	10.09902548561484	10.170685627994173	17.333222792654585	67.5679461856895	5.192761306210303	0.0260584765987867	0.0817137054983315	0.0106739636806477	47.93675074588956	0.0943792271491282	123.20678005807255	0.0127938754704195
K10939	acfD; accessory colonization factor AcfD	1.7127219088228882	9.23478796127571	3.797547866872272	12.884537405459492	27.184461241154352	27.44528183640657	14.597259314282384	12.176844190341814	12.54894823956831	12.884537405459492	5.585038346334128	4.505241081989952	12.809768834820526	12.1403293070065	2.6812357191927854
K10941	fleQ, flrA; sigma-54 dependent transcriptional regulator, flagellar regulatory protein	0.0219671289134293	0.0279269691590877	5.19697049043573	10.49695087395734	27.93227972196981	83.95585221201863	99.76806714997588	9.725582267197233	6.577061929251331	21.953847616282825	0.0106762978200388	103.02074286656938	3.2969866302679454	35.866550778503004	0.0002379948039948
K10942	flrB, fleS; two-component system, sensor histidine kinase FlrB [EC:2.7.13.3]	108.73520075243884	70.08926382502881	15.094750419522816	13.228407062909277	97.27110340503368	125.1402987024962	93.57120360295936	71.53816286682887	13.598426614725048	19.142182828910737	0.9569595427920178	103.97327976638434	67.71268141052616	35.79049382489602	1.164657416328945
K10943	flrC, fleR; two-component system, response regulator FlrC	57.52123995776413	33.048514443451054	80.22251028977732	97.33890543336666	193.76807862828045	415.37406169577474	163.78539790873953	64.48230909278385	35.462202180338394	95.11434035666468	8.240421764250392	148.09928130923927	91.76200510076636	44.310303598392615	13.965188500371031
K10944	pmoA-amoA; methane/ammonia monooxygenase subunit A [EC:1.14.18.3 1.14.99.39]	0.0	0.0033504507958832	0.0	0.0	0.0	0.0	0.0	0.0	0.0	0.0	0.0	0.0	0.0	0.0	0.0
K10945	pmoB-amoB; methane/ammonia monooxygenase subunit B	0.0	0.0033504507958832	0.0	0.0	0.0	0.0	0.0	0.0	0.0	0.0	0.0	0.0	0.0	0.0	0.0
K10946	pmoC-amoC; methane/ammonia monooxygenase subunit C	0.0	0.0033504507958832	0.0	0.0	0.0	0.0	0.0	0.0	0.0	0.0	0.0	0.0	0.0	0.0	0.0
K10947	padR; PadR family transcriptional regulator, regulatory protein PadR	72093.29787018488	63084.14684514799	90768.46873112148	35761.28204178903	57505.530812015015	52171.404575697845	25008.27572002397	103411.95280495172	27350.353807217387	16871.676768213074	2776.861797087294	8437.011560807437	10738.697273109292	9009.52629739213	1851.6795321460825
K10953	rtxA; RTX toxin RtxA	2.662771190405434e-09	1.435733786014544e-08	5.904053075985247e-09	2.0031608650664228e-08	4.2263720599795495e-08	4.2669218750618654e-08	2.2694379841069663e-08	1.8931357001430715e-08	1.9509867696605092e-08	2.0031608650664228e-08	8.683067069626653e-09	7.0043047252187605e-09	1.9915365847428257e-08	1.8874587260315472e-08	4.168520990462111e-09
K10954	zot; zona occludens toxin	3.541557892856762	8.37924285816787	17.374419655640338	23.10311787717422	104.52469387245488	98.76850151556192	288.9498338456809	65.91985506820242	163.0668605767136	89.8185421888152	17.217730291093734	706.9007017008485	68.78563512517395	281.64422262149066	3.0258720749835417
K10955	MUC2; mucin-2	10.904721255173902	160.5768120396914	4.607656395513883	19.390525358426665	1.0851347449327071	4.163695904330409	34.68563182527644	25.6099685193431	35.97016861131089	11.040487593025672	1.972172549850099	3.536007891648221	4.351344750868104	67.66800108400153	2.435402931085913
K10960	chlP, bchP; geranylgeranyl diphosphate/geranylgeranyl-bacteriochlorophyllide a reductase [EC:1.3.1.83 1.3.1.111]	14.837222715323898	19.29339746721422	59.78642157796138	45.16462454942613	80.58055941967856	124.03041615980666	172.81430471713344	34.233932673255026	16.18350791656069	31.6460219983775	10.705058110148904	32.35790044481359	44.54082702786451	50.80860451270176	6.02967725219066
K10962	tcpQ; toxin co-regulated pilus biosynthesis protein Q	1.2525969369155822e-07	6.753850083206758e-07	2.777331685506225e-07	9.423089647253262e-07	1.9881320316485497e-06	2.0072071119061475e-06	1.0675686584168846e-06	8.90551913626378e-07	1.3425482883199569	9.423089647253262e-07	4.084610519160254e-07	3.2949021964957095e-07	9.368407750514816e-07	8.878814023903141e-07	1.960918250481044e-07
K10965	tcpT; toxin co-regulated pilus biosynthesis protein T	3.097096345371291e-05	0.0001669916618301	6.867064384051675e-05	0.0002329896844588	0.0004915736473455	0.0004962900377191	0.0002639606479126	0.000220192545245	1.3427742918164405	0.0002329896844588	0.0001009936392013	8.146778305438595e-05	0.0002316376525517	0.0002195322505927	4.848449304124397e-05
K10967	KTR1_3; alpha 1,2-mannosyltransferase [EC:2.4.1.-]	0.0	0.0	0.0	0.0	0.0	0.0	0.0	0.0	0.0	0.0	0.0	0.0	0.0	0.0	0.0007623269261864
K10972	allS; LysR family transcriptional regulator, transcriptional activator of the allD operon	9.849998731459328	53.10999316018325	21.83999718731693	74.09999045696814	156.33997986561943	157.83997967244065	83.94998918842748	70.02999098112657	75.10999070552485	74.09999045696814	32.11999586339834	25.9099966631585	73.66999051234606	69.8199910081716	15.419998014122116
K10973	allR; IclR family transcriptional regulator, negative regulator of allantoin and glyoxylate utilization operons	9.85	53.11286879812355	21.84	74.1	156.34	157.84	83.95	70.03	72.17	74.1	32.12	25.91	73.67	69.82	15.42
K10974	codB; cytosine permease	3977.01098876653	4650.548350839301	3133.7019123485934	10037.758226062177	51795.19230606601	24676.58085008573	4612.457282905775	4996.1520394287545	2267.339482743376	1143.4323837841748	3600.7968908020403	2073.4949535388964	1476.7349959904868	26865.23899839196	186.8854021153464
K10975	allP; allantoin permease	9.851353038209	53.11597404918196	21.841410512292324	74.12865295549254	156.35399584690137	157.85706769353314	83.9855963569231	70.03379442082858	72.17354021068479	74.1051245658376	44.08022887201659	31.41259548712025	73.6739627118264	69.8388287238407	15.419955693380496
K10977	aksA; methanogen homocitrate synthase [EC:2.3.3.14 2.3.3.-]	300.1519665990904	260.8059458118524	116.0402464735453	322.2662017976792	122.47573333081024	165.16566824531756	46.67908868163295	487.1956086073942	48.32495735572694	32.80704455199872	11.417841874818317	22.016017653028467	125.48270009732312	8.29406499604504	7.312309371438193
K10979	ku; DNA end-binding protein Ku	5546.056170658005	4580.174187216278	3718.2296540286657	6107.114526123469	3752.529088171684	2632.3241281076	3632.774689575306	7324.108433823139	2935.3635872513514	2691.737802331059	422.2052038887345	2081.1344829681843	2208.8816285805874	1418.5295078245426	160.02150230317636
K10981	POL4; DNA polymerase IV [EC:2.7.7.7]	33.86932324908775	3.7809613835934632	19.09930905633839	8.805833138953359	2.398005494869145	4.349923557025111	30.194136168225445	26.727927350918726	7.517520212984604	5.0307775557384975	6.354432904700712	147.4084014607896	42.89080119404733	0.0050017396823856	0.0
K10984	PTS-Gam-EIIB, agaB; PTS system, galactosamine-specific IIB component [EC:2.7.1.-]	404.870921964391	254.2875615408748	329.52702550118005	305.93217265467666	797.1065888197576	532.0829008063527	486.4688940560893	613.2111764920487	377.9876789159748	653.5144859929879	94.89902869300724	321.269552660407	131.77434086338553	500.81166218656085	46.512916891247535
K10985	PTS-Gam-EIIC, agaC; PTS system, galactosamine-specific IIC component	265.4225102178402	161.09220425092116	138.88714267488265	159.09031364898252	358.76695819970524	289.8147942362564	166.58288738759913	436.7078474551363	164.62635499358876	168.68940798804445	53.95371161451552	66.08488123904368	103.92496898820704	208.37521415436137	23.378933339752304
K10986	PTS-Gam-EIID, agaD; PTS system, galactosamine-specific IID component	263.3150143034628	161.02572347906596	139.43524919634075	159.08562554436554	359.0078834308376	289.89376402359403	169.41446356435935	434.0001901365064	164.43873698923886	168.8815882988934	53.9047931248673	66.04225555941898	104.31119886939604	208.3745826877111	23.378665936200687
K11003	hlyD, cyaD; hemolysin D	107.47119908455724	137.79642456537442	138.71229841764554	121.65449018047708	206.52370894685157	208.99120194457956	480.2984939223242	187.20487342584224	363.1657948244331	494.1134717370076	48.14166395824178	385.3652158997975	118.1092593182894	289.2940642865736	15.641142916983146
K11004	hlyB, cyaB; ATP-binding cassette, subfamily B, bacterial HlyB/CyaB	541.1194220911893	657.6685103146342	537.7748250806255	461.405879428895	377.13411652021057	375.7818030322824	447.4179944637185	458.73548073609663	444.0379213237952	589.0635828100592	48.69785867482761	98.45943144276694	198.1177784256308	165.84033086243738	33.605881964581386
K11005	hlyA; hemolysin A	13.089536155088624	54.61312227688947	18.02325021023873	61.15031321330997	129.01808323574738	130.25594382710997	69.27893109659072	62.25417995579983	59.55759925242349	61.15031321330997	26.5067214630434	22.49762740156584	62.90031722147964	57.61828432595549	12.725206879207017
K11006	stxA; shiga toxin subunit A	0.0008650477124355	0.0027257503432218	0.0003963609895329	0.0035707559406579	0.0031259366634554	0.0057816039078793	0.0345099347986273	0.0037815875320314	0.002873347321962	0.0023853024409857	0.0021960160263691	0.004106710494956	0.0042834127774791	0.0115338152639533	0.0005804288142188
K11007	stxB; shiga toxin subunit B	0.0002282969349524	0.0012309492604389	0.0005061934070417	0.0017174419167487	0.003623547493448	0.0036583135241514	0.0019457388517012	0.0016231100867735	0.0016727096239103	0.0017174419167487	0.0007444566041291	0.000600525237017	0.0017074756546137	0.001618242842475	0.0003573947956311
K11008	cnf1; cytotoxic necrotizing factor 1	1.029034263731998e-23	5.548427385462581e-23	2.2816353624270898e-23	7.741262836806197e-23	1.6332915410341174e-22	1.6489621135782595e-22	8.770297100538196e-23	7.316067968441809e-23	7.539634803404903e-23	7.741262836806197e-23	3.3555919341189614e-23	2.706830230791479e-23	7.696340528846324e-23	7.294129166880009e-23	1.610934857537808e-23
K11009	ymt; murine toxin	2.700823210412364e-13	7.586009605722437e-13	5.119950054967889e-14	9.748245950357989e-13	4.703793668884428e-13	1.419860172552722e-12	1.2159122815966307e-11	1.0677438364411774e-12	7.319119827387804e-13	6.004813393201679e-13	6.558419159599654e-13	1.3694941320271417e-12	1.2331068048689157e-12	3.931863450325544e-12	1.443265597121753e-13
K11013	cdtA; cytolethal distending toxin subunit A	0.0429996888750462	3.7715368601542014	0.2112438759532374	0.2798931954164317	0.559806151719295	1.097717241272436	0.1901194883579136	0.1810690023722651	0.0739452370268488	0.2565160667679116	0.0271514579569455	0.153897783528888	0.3025391712669846	0.0203734739109249	0.0369726185134244
K11014	cdtB; cytolethal distending toxin subunit B	0.0453453838788536	3.777904182559084	0.2213215716164283	0.3005708964615152	0.5893813595687416	1.1527704679045505	0.2038823430865898	0.1904509388888593	0.0783525014137414	0.2697193069509582	0.029096863260299	0.1616742425891152	0.3175341003209124	0.0264858602747644	0.0386720133963265
K11015	cdtC; cytolethal distending toxin subunit C	0.0386721687714447	3.761211269907006	0.1899841379442758	0.2517245397420695	0.503466851620523	0.9872421761276448	0.1709857241498482	0.1628460856860055	0.0665033343486885	0.2307001023998732	0.024418915391528	0.1384093981580935	0.2720914080380602	0.018323072611838	0.0332516671743442
K11016	shlA, hhdA, hpmA; hemolysin	1.858829137768976	4.136002112908577	0.058938731646424	0.6015946952718467	0.4248600421864735	1.2810054524503591	15.230020776686686	2.1615569598706075	0.4444249928320352	0.4165515145711214	0.3636321978732279	1.750040584360683	1.428147743479935	2.3500903010145286	0.0800220035384622
K11017	shlB, hhdB, hpmB; hemolysin activation/secretion protein	1.858829137768976	4.136002112908577	0.058938731646424	0.6015946952718467	0.4248600421864735	1.2810054524503591	42.108067061445965	2.1615569598706075	0.4444249928320352	0.4165515145711214	0.3636321978732279	1.750040584360683	1.428147743479935	2.3500903010145286	0.0800220035384622
K11021	tccC; insecticidal toxin complex protein TccC	0.0001920020796845	0.1206482325782237	1.9623827674791672	3.928368243296594	10.5387901945663	31.714861145116902	78.96453225625243	2.0648119933676155	2.480653387776253	7.233201413796388	0.0003583354322115	38.94525638286119	1.2406464702656863	13.533733688964263	8.195207375748468e-14
K11022	rtxA1, rtxA; structural toxin protein (hemagglutinin/hemolysin) RtxA	0.0113210356871061	0.0270123241210731	0.0556166688856456	0.0736907856030201	0.1473867738878818	0.2890089762953805	0.0500550019970811	0.0476721737136736	0.0194684354508967	0.0675360129845244	0.0071484848502223	0.0405184861816097	0.0796530589933803	0.0053639649785875	0.0097342177254483
K11023	ptxA, artA; pertussis toxin subunit 1 [EC:2.4.2.-]	2.6196584579757373e-14	1.41248792591971e-13	5.808460987024376e-14	1.9707278348832706e-13	4.1579431809129625e-13	4.197836456922746e-13	2.2326936806808446e-13	1.86248407931006e-13	1.91939848641735e-13	1.9707278348832706e-13	8.54248016956149e-14	6.890898542756484e-14	1.9592917624271332e-13	1.85689902066869e-13	4.101028773805672e-14
K11028	vacA; vacuolating cytotoxin	0.0011697457305623	0.0027910477174079	0.0057465909281761	0.0076140985880904	0.0152287347431526	0.0298618452815889	0.0051719318353585	0.0049257261622898	0.0020115756083475	0.0069781568604915	0.0007386170192061	0.0041865715761118	0.008230150337734	0.0005542315478905	0.0010057878041737
K11029	cyaA; anthrax edema toxin adenylate cyclase [EC:4.6.1.1]	4.111308766022e-11	1.8234864247643871e-10	4.384907448015146e-11	8.591401250168196e-10	4.2993102122648606e-10	5.214872329031043e-10	5.526701706610907e-10	1.1892295015893456e-10	1.1153985825720404e-10	1.58860362364645e-10	7.672977322682769e-11	7.946576004675917e-11	1.2424311576938736e-10	5.663737001795608e-10	0.0
K11030	pagA; protective antigen	0.0002224037250105	0.0009864259690865	0.0002372042105727	0.0046475702746751	0.0023257377652729	0.0028210166091539	0.0029897025899167	0.0006433208647128	0.0006033815841944	0.0008593647025106	0.0004150743317041	0.0004298748172663	0.0006721006211548	0.0030638326585675	0.0
K11031	slo; thiol-activated cytolysin	1731.952208791647	703.1493983076075	11508.408518812172	231.68378523088649	941.1058535562864	912.0157691933472	55.85475345237619	3102.536294338765	2089.266157709925	222.27329844289503	73.3165854405279	25.946041989706487	16.194036483737104	210.64236169933096	1.5126982898125638
K11032	hlyII; hemolysin II	0.0211769853561552	0.0158039724940581	0.0005171616232813	0.0246769813847395	6.667375594845026	0.0104896713855314	0.0145937505246734	0.0065211155832952	0.0164123981878676	0.0080148236703213	0.000904960812661	0.0009372293930552	0.0014653392846845	21.323239401513103	0.0
K11033	nheA; non-hemolytic enterotoxin A	7.468480942258974e-06	3.312491079330406e-05	7.965492151726e-06	0.0001560688339306	7.809998764998541e-05	9.473181612522458e-05	0.0001003964156389	2.1603188605038552e-05	2.0261998139882275e-05	2.8858099849033725e-05	1.3938501865499368e-05	1.4435513074966392e-05	2.2569634029904425e-05	0.0001028857579597	0.0
K11034	nheBC; non-hemolytic enterotoxin B/C	0.0014750919883379	0.0645667773280107	0.0015732561610615	0.0308249948470315	0.0154254482219961	0.0187103835555553	0.0198291927785387	0.0042668235589273	0.0040019264097903	0.0056997336158536	0.0027529791654007	0.0028511433381243	0.0044577052006457	0.0203208602196168	8.352092683812979e-06
K11035	hblAB; hemolysin BL binding component	1.3071049388151332e-05	5.797395056703766e-05	1.3940899377142985e-05	0.0002731456975026	0.000136687608053	0.0001657959974424	0.0001757099626224	3.780907354268453e-05	3.546177334274953e-05	5.050634142219959e-05	2.4394632280560507e-05	2.526448226955216e-05	3.95005093215316e-05	0.000180066714239	0.0
K11036	hblC; hemolysin BL lytic component L2	6.252050994234448e-06	2.7729686004469256e-05	6.668111428788374e-06	0.0001306490993133	6.537944050629107e-05	7.930235743658514e-05	8.404433445918674e-05	1.80845660370545e-05	1.696182216906228e-05	2.415783252950181e-05	1.1668266294052526e-05	1.2084326728606452e-05	1.889360151911848e-05	8.612822477797129e-05	0.0
K11037	hblD; hemolysin BL lytic component L1	5.705640654514801e-06	2.5306195350923092e-05	6.0853386659857794e-06	0.0001192307633455	5.966547522822999e-05	7.237157134615607e-05	7.669911392504443e-05	1.650402968488752e-05	1.5479410233809608e-05	2.2046511062113227e-05	1.064849512527094e-05	1.1028193136741916e-05	1.7242357913762493e-05	7.860087853530936e-05	0.0
K11038	hlg, luk; leukocidin/hemolysin toxin family protein	2.022273527409239e-05	1.4391890422965416e-05	2.9612752639776214e-07	1.982117328653492e-05	16.650005125191022	7.704312960010001e-06	1.1516320661742452e-05	5.736865268806713e-06	1.5305134633932597e-05	6.992337213156048e-06	5.181819278080061e-07	5.366589656668079e-07	8.390554870523779e-07	3.824911810324298e-06	0.0
K11039	hld; delta-hemolysin	3.5766266584601915e-10	1.5863391755085871e-09	3.8146434057849335e-10	7.474076138195684e-09	3.330000003740178	4.536670061520504e-09	4.807945542934252e-09	1.0345683529206883e-09	9.703392598984648e-10	1.3820032484589948e-09	6.675094672741212e-10	6.913111420065955e-10	1.0808510507978926e-09	4.9271591845751375e-09	0.0
K11040	se; staphylococcal enterotoxin	1.7651511936215191e-09	7.828964989997216e-09	1.882618177391935e-09	3.6886361581373454e-08	33.300000018458675	2.238955680548299e-08	2.3728366487184225e-08	5.105843403368237e-09	4.788857396608965e-09	6.820518093035843e-09	3.294319607347113e-09	3.4117865911175286e-09	5.3342596380029984e-09	2.4316714452831205e-08	0.0
K11041	eta; exfoliative toxin A/B	1166.376058146277	3893.304239427433	1665.7777426368557	6750.489272051088	61397.58703729136	25278.423858326063	1219.0686645122637	1840.78685267396	657.515211899243	1083.8844759625383	4281.374142064411	685.8580783123633	373.3267502572834	33300.47922653741	130.4568977349755
K11042	set; superantigen-like protein	1.0536659083450843e-09	4.6733183748768726e-09	1.1237850894114235e-09	2.2018454748594578e-08	3.330000011018478	1.3364924655826097e-08	1.4164095924819054e-08	3.047814344129954e-09	2.858596927541727e-09	4.071349478646213e-09	1.966467390440826e-09	2.036586571507165e-09	3.184162097351811e-09	1.4515296544848948e-08	0.0
K11043	tst; toxic shock syndrome toxin-1	4.9702106374066256e-12	2.2044346803705938e-11	5.300967376200174e-12	1.0386248349119016e-10	5.197487847935429e-11	6.304321907582276e-11	6.681296194289262e-11	1.4376738541182835e-11	1.3484187677326474e-11	1.9204820358238297e-11	9.275954612058356e-12	9.606711350851903e-12	1.5019899763428462e-11	6.846959811543234e-11	0.0
K11044	spyA; C3 family ADP-ribosyltransferase [EC:2.4.2.-]	2.5117639991439457e-11	1.1140412494687291e-10	2.678916445908127e-11	5.248832814678764e-10	2.6266216494285545e-10	3.1859753965562426e-10	3.3764845139822267e-10	7.265481672159154e-11	6.814418872050334e-11	9.7054189258706e-11	4.6877306721991246e-11	4.854883118963308e-11	7.590512002166426e-11	3.460204891274648e-10	0.0
K11045	cfa; cAMP factor	6.0404188758184105	5.612424673428319	3.641146381491324	1.843270790383408	1.6616514572799772	1.160641210512014	0.9153517709311824	6.662563684246575	2.029835503766854	3.215666149070385	0.0019758363681574	0.2302822482043428	2.3333964173318518	1.4108068583147997	3.5204972697803204e-06
K11046	sagA; streptolysin S associated protein	0.845286562098671	0.6012033666038894	0.0122758767559431	0.8265722505607069	0.2132384386249554	0.3208393194217563	0.4801215434009447	0.2395414812887326	0.6395471272060795	0.2919306400336909	0.0214810745907618	0.0222470345889042	0.0347827906299315	0.1585605585440349	0.0
K11047	cylX; CylX protein	1.2704304958914055e-28	1.5057906707739912e-28	2.960522649749889e-41	5.8005871949990095e-40	2.902730653408116e-40	3.520883354707702e-40	3.731418684387345e-40	3.4352296563332618e-28	7.530746786225057e-41	1.0725647154557256e-40	1.1755147532391257e-29	5.365225726816929e-41	8.388422393664586e-41	3.8239397010836305e-40	0.0
K11048	cylD; CylD protein	7.659012993338673e-26	9.077923074110438e-26	1.784802987242369e-38	3.496985694153937e-37	1.749962068961197e-37	2.1226262632191427e-37	2.249551178103354e-37	2.0709884293589703e-25	4.540042739195351e-38	6.466144443508537e-38	7.086796796862592e-27	3.234520399721129e-38	5.057107517055537e-38	2.305329095220854e-37	0.0
K11049	cylG; CylG protein	7.659012993338673e-26	9.077923074110438e-26	1.784802987242369e-38	3.496985694153937e-37	1.749962068961197e-37	2.1226262632191427e-37	2.249551178103354e-37	2.0709884293589703e-25	4.540042739195351e-38	6.466144443508537e-38	7.086796796862592e-27	3.234520399721129e-38	5.057107517055537e-38	2.305329095220854e-37	0.0
K11050	ABC-2.CYL.A, cylA; multidrug/hemolysin transport system ATP-binding protein	15658.716536956466	22005.79273208652	7573.774949203162	5317.213464371306	9899.696312873277	9065.820861351733	5094.506444073981	17468.242249534804	5639.062257592455	3371.2921418467	465.6600968441589	620.3910631006057	2037.698690638998	1155.7173684434297	284.6900269461865
K11051	ABC-2.CYL.P, cylB; multidrug/hemolysin transport system permease protein	9587.12184034247	12690.61307842499	5602.077750526915	5029.389094695864	9685.092478105646	8865.303545413204	4964.099051984336	14732.33608660136	4372.923118664728	3213.4378216599616	459.2402489999786	609.0709152517352	1976.073642093538	1077.3999010987195	223.03723436670964
K11052	cylE; CylE protein	7.659012996447032e-26	9.077923077794652e-26	1.784802987966718e-38	3.496985695573163e-37	1.7499620696714058e-37	2.1226262640805952e-37	2.249551179016317e-37	2.070988430199467e-25	4.540042741037893e-38	6.466144446132772e-38	7.08679679973872e-27	3.234520401033835e-38	5.057107519107927e-38	2.3053290961564543e-37	0.0
K11053	cylF; CylF protein	7.659012993338673e-26	9.077923074110438e-26	1.784802987242369e-38	3.496985694153937e-37	1.749962068961197e-37	2.1226262632191427e-37	2.249551178103354e-37	2.0709884293589703e-25	4.540042739195351e-38	6.466144443508537e-38	7.086796796862592e-27	3.234520399721129e-38	5.057107517055537e-38	2.305329095220854e-37	0.0
K11054	cylI; CylI protein	7.659013186733268e-26	9.07792330333335e-26	1.784803032309694e-38	3.4969857824548854e-37	1.7499621131487686e-37	2.1226263168167044e-37	2.249551234905845e-37	2.0709884816526494e-25	4.540042853834115e-38	6.466144606782496e-38	7.08679697580839e-27	3.234520481394671e-38	5.057107644750476e-38	2.305329153431769e-37	0.0
K11055	cylJ; CylJ protein	1.2973393061003982e-28	1.537684611847799e-28	3.0232290649053756e-41	5.923448619087739e-40	2.964212984391987e-40	3.595458691387865e-40	3.810453340366722e-40	3.507990774037474e-28	7.690254478033388e-41	1.0952825583116739e-40	1.2004131664109442e-29	5.47886582068924e-41	8.566096392261137e-41	3.9049340317454675e-40	0.0
K11056	cylK; CylK protein	1.2725711011220334e-28	1.5083278449023787e-28	2.9655109669305074e-41	5.810360864106033e-40	2.907621594266255e-40	3.526815848732272e-40	3.7377059188163695e-40	3.441017828605997e-28	7.543435678701474e-41	1.074371927772743e-40	1.1774954306847649e-29	5.374265835891333e-41	8.402556422177472e-41	3.8303828283166475e-40	0.0
K11057	cpb2; beta2-toxin	3.1241887388440285e-05	2.222054474680923e-05	4.537177998564138e-07	3.055020430741652e-05	7.88131692271064e-06	1.185825770407657e-05	1.7745346802219768e-05	8.853480368482647e-06	2.363773449581991e-05	1.0789789628884809e-05	7.939429578545938e-07	8.222529264250217e-07	1.2855758941892594e-06	10.660047315172504	0.0
K11058	cpe; enterotoxin Cpe	3.3446503242620466e-05	2.378856029683845e-05	4.857348621564778e-07	3.270601083495366e-05	8.437470141739803e-06	1.269504783177663e-05	1.8997565415381325e-05	9.478235299013927e-06	2.5305755495270547e-05	1.15511822100485e-05	8.499683576788284e-07	8.802760482423523e-07	1.376293876840026e-06	11.4122844967852	0.0
K11059	entA; probable enterotoxin A	3.678293109427808e-05	2.6161568158062927e-05	5.34188935542385e-07	3.596857148814926e-05	9.279142892228027e-06	1.3961431670374454e-05	2.089265160438523e-05	1.042372870401347e-05	2.7830109889785174e-05	1.2703460693859224e-05	9.347562376259784e-07	9.680872464174811e-07	1.5135849170855546e-06	12.550707355818012	0.0
K11060	entB; probable enterotoxin B	5.432275468251127	881.7239229266634	366.2973027639047	5967.653590435525	58090.44010307736	23189.97445662753	487.3197229337099	31.144721048804215	11.028296955371388	34.23287285645347	3945.874886185145	262.12233748460244	219.72197256670023	32151.093099540165	60.42123713543943
K11061	entC; probable enterotoxin C	7.901082517255449e-05	5.6195823075614704e-05	1.147453651452423e-06	7.726155662452823e-05	1.9931873697880143e-05	2.9989568640931868e-05	4.487803430004406e-05	2.2390477914008942e-05	5.9779900122664486e-05	2.728740973350717e-05	2.0078840775554656e-06	2.079480071406536e-06	3.2512252207727154e-06	26.95929104020446	0.0
K11062	entD; probable enterotoxin D	0.005096223628192	0.0036246486571994	7.401112947064401e-05	0.0049833952445517	0.0012856122623408	0.0019343368200615	0.0028946476422071	0.0014441930247442	0.0038558227791191	0.0017600467016326	0.0001295091686168	0.0001341271332412	0.0002097050721379	11.797522434124586	8.407429371421988e-05
K11063	tcdAB; toxin A/B	0.0387066837528645	0.0286919911517838	0.0007948557222626	0.0477924798348045	0.0116573707972114	0.020774155202052	0.0255374185685148	0.0107363880365122	0.031205915534324	0.0131747533835062	0.0013908868098201	0.0014404822643568	0.0022521650158373	0.0109437710383257	0.0
K11065	tpx; thiol peroxidase, atypical 2-Cys peroxiredoxin [EC:1.11.1.15]	13368.369968791296	15737.009906587711	55428.57663457693	16477.68651743011	64436.921681493615	28438.16540936228	4050.859709095031	26592.303390733992	10074.574206269232	4852.546460048581	4567.062282891858	1736.9700059257557	596.2128443184165	34152.8793466548	591.9951028351974
K11066	E3.5.1.28D, amiD; N-acetylmuramoyl-L-alanine amidase [EC:3.5.1.28]	16.035364497913235	95.59659690647696	47.65834283919578	160.40855697362628	587.2104704368228	470.4918590193919	364.70088806983375	89.2225481754451	109.1194306169766	170.9731135253609	73.19628757534973	224.3473845976887	88.84628423943965	332.440961351022	66.85707892324317
K11068	hlyIII; hemolysin III	31089.189669652947	24244.438499676304	58683.49347430379	21276.427960079516	79919.61109329207	43214.27042813471	12404.296314965975	43126.9521132425	11621.571280975726	6568.8979491176215	5293.208872728934	4900.070419006755	3732.4755768545065	36055.77020291683	695.0858959710183
K11069	potD; spermidine/putrescine transport system substrate-binding protein	35317.39558399313	39330.1782805635	41930.78359136509	27133.490476378567	138884.30935040236	67423.22752066024	16569.380597191874	44408.57962940644	12890.550444422654	9488.60534103111	9651.60910514204	4191.291044424783	6462.555334593342	68221.51054315151	885.4525967778503
K11070	potC; spermidine/putrescine transport system permease protein	48602.4451008542	50445.08491054888	47689.69737243753	28612.79018610734	85800.25345747154	48917.81222937397	20427.273144413422	57079.93816936445	16375.159240320816	11481.182043712366	6093.607526322401	5821.235811757194	9404.50838474404	36986.76540986556	1022.0090316897948
K11071	potB; spermidine/putrescine transport system permease protein	40412.78808668834	43816.98717623901	44321.80192773952	27168.83721967179	82067.72203539507	45610.131571143385	18808.631284974235	50499.17153726012	14322.32636350908	10516.304699407654	5921.748295746293	5674.80176525873	7725.089403722899	36475.01229423232	951.1576750481038
K11072	potA; spermidine/putrescine transport system ATP-binding protein [EC:3.6.3.31]	40262.12325646533	44504.4617453898	44764.84669092004	27311.212915717184	82173.8919843251	45878.662965636286	19904.071406856037	49158.758059797634	14923.304604287445	10765.972504793624	5964.033482739068	5384.17731335707	6815.320334219899	36730.92087296597	983.0658530887458
K11073	potF; putrescine transport system substrate-binding protein	25.340005524967	85.1917518702774	112.00556857887804	211.60969762634676	650.8218562285217	695.3314316555159	838.2614160437404	122.80551450408556	143.5712497102653	208.1624027257972	64.94411392262306	632.7524359686149	110.22184736904296	444.7322943524796	15.50002200508154
K11074	potI; putrescine transport system permease protein	25.34000552398131	85.70846863469025	94.6161676979796	176.01588627553	556.3307538967711	407.7005168531582	495.1372012660251	104.08275824129998	121.07650958621149	137.60091888474062	64.9441139194088	279.52329275949126	98.9744773032549	315.05353075341566	15.50002200353846
K11075	potH; putrescine transport system permease protein	25.34000552398131	85.19175186496268	94.20866290499174	176.01588627553	555.2535014787148	407.7005168531582	493.4133402962745	104.08275824129998	121.07650958621149	137.6009188847148	64.9441139194088	279.52329275949126	98.9744773032549	315.0535307533795	15.50002200353846
K11076	potG; putrescine transport system ATP-binding protein	69.1638550224404	91.34565957896528	124.974751793762	181.1612048827028	555.343940166815	409.54642435962126	467.0388472085074	121.02243628783684	121.93432551713695	137.6302136952148	65.38850618894426	284.1836771025584	100.80283486179346	315.21757407415555	16.549390450135224
K11077	attC; mannopine transport system substrate-binding protein	0.0	0.0	0.0	0.0	0.0	2.1	0.0	4.0	0.0	0.0	0.9	8.2	5.962284962682328	27.594425471064604	0.0
K11078	attB; mannopine transport system permease protein	2.6168318306401813e-06	0.0005529886567344	2.790976313724971e-06	5.468393044824813e-05	2.7364940104308576e-05	2.100033192456904	3.517723860547293e-05	4.00000756939892	7.099468030346029e-06	1.011139947207293e-05	0.9000048838198337	8.200005057964315	5.962292870707694	27.594461520527464	0.0
K11079	attA2; mannopine transport system permease protein	0.0	0.0004256584974868	6.430504309421808e-08	0.0	1.6999251139733366e-07	2.1	2.720285892408406e-07	4.0	0.0	0.0	0.9	8.2	5.962284962682328	27.594425471064604	0.0
K11080	attA1; mannopine transport system ATP-binding protein	0.0167376368221805	0.0756265281923821	0.1433276805915177	0.0604121734963439	0.3996541793829042	2.187992075211904	1.3408038703686245	4.066170597485148	0.045358307443653	0.0339723566198058	0.9406440664453004	8.284870773190956	6.038703492348711	27.833552731071727	0.0089442564435319
K11081	phnS; 2-aminoethylphosphonate transport system substrate-binding protein	4.1497474095768565	14.454459124522476	15.476773893202108	38.04049245924589	173.59877612863988	72.78724287462212	145.13979775630537	10.59201162439029	19.905809321509278	17.30394209499728	15.693632197873228	43.75931737372199	7.353697285512153	53.1394112039655	0.0800220035384622
K11082	phnV; 2-aminoethylphosphonate transport system permease protein	4.1497474095768565	14.441794110628976	15.47675847563128	38.04049245924589	173.59873537178072	72.78724287462212	145.13973253560354	10.59201162439029	19.905809321509278	17.30394209499728	15.693632197873228	43.75931737372199	7.353697285512153	53.1394112039655	0.0800220035384622
K11083	phnU; 2-aminoethylphosphonate transport system permease protein	4.1497474095768565	14.443355132278988	15.476773677196608	38.04049245924589	173.59877555762222	72.78724287462212	145.1397968425408	10.59201162439029	19.905809321509278	17.30394209499728	15.693632197873228	43.75931737372199	7.353697285512153	53.1394112039655	0.0800220035384622
K11084	phnT; 2-aminoethylphosphonate transport system ATP-binding protein	4.204336187017352	14.685703986549202	15.571454927438037	39.18123405137207	174.26600807019807	73.4796586505978	146.0278513444053	10.749914103339211	20.053908742999287	17.51487232327178	15.795511787855755	43.86482972845398	7.518663727616943	53.89142594250257	0.0800220035384622
K11085	msbA; ATP-binding cassette, subfamily B, bacterial MsbA [EC:3.6.3.-]	29234.302172455435	19236.42049199481	81623.22925559708	24568.2147841317	51978.35766716867	24439.77952206959	8686.53096723341	34933.71116549041	25285.074763818506	8813.369123522956	3806.435166026551	3383.6753031660974	1920.7353546678987	28674.883253197542	829.0550747395744
K11086	SNRPB, SMB; small nuclear ribonucleoprotein B and B'	0.0431966908692448	0.1227997718012284	0.0081887958803733	0.1559124511413979	0.0752319960240872	0.2270909873510293	1.9302138890412408	0.1707738598086517	0.1170612557681485	0.0876762593546531	0.1048946868998895	0.2190354942165551	0.1972218442633727	0.6171424579632883	0.0230834427076647
K11089	TROVE2, SSA2; 60 kDa SS-A/Ro ribonucleoprotein	5.868635611061339	21.035351198476224	9.081592048703474	301.5562428869654	37.84289749713311	65.22635742958747	269.4276026328668	26.20766823798204	44.236827667932495	50.40089862904467	13.503747409608376	113.84762263620992	36.40270358917222	115.01247840293226	2.954922314964514
K11093	SNRP70; U1 small nuclear ribonucleoprotein 70kDa	0.0038215241902591	0.1643536452641577	0.0007244462692911	0.0137932603542044	0.0066556230790423	0.0200902820120819	0.170762132953029	0.2861251173215952	0.0103561733933321	0.0077565419779364	0.0092798215639008	0.0193776287680836	0.0174478191160839	0.0545973495766504	0.002042145658074
K11095	SNRPC; U1 small nuclear ribonucleoprotein C	0.0	0.0126650090916965	0.0	0.0	0.0	0.0	0.0	0.0	0.0	0.0	0.0	0.0	0.0	0.0	0.0
K11102	gltP, gltT; proton glutamate symport protein	820.8057788039255	5053.189817084235	14574.761120421455	304.4613027685205	368.61719699891455	359.7768942314457	2071.076601356156	8621.402990957244	359.5566163185627	425.9367265728645	107.3678184834322	385.0047003070305	154.89587658421837	481.7108866854344	22.13142095090758
K11103	dctA; aerobic C4-dicarboxylate transport protein	231.81259223582225	285.6160586227708	2052.0465443284475	2527.862461764132	2444.110519334693	1227.0956307663632	1407.1602444703722	918.9770417358668	594.9679759372094	512.1094496117157	182.393319596622	2045.3891394616976	260.2796433930096	1190.2372875674264	68.25340570452326
K11104	melB; melibiose permease	8953.338256308358	10098.175039860304	3704.938476880713	6059.081888028543	48644.41959394701	20759.74644183271	1507.9361917349752	7232.455101586639	2163.345523239463	1282.4629240450504	3222.616240095064	408.1439791585663	1027.7356351910194	25882.042379046077	223.054229420985
K11105	cvrA, nhaP2; cell volume regulation protein A	29443.12410176487	24171.532530448567	46253.65899168454	34153.43853312643	182272.01078599485	82634.25253844164	7779.523654785944	41553.81058919619	15302.11941845719	6215.962349176883	11678.695228871138	3755.503777807874	2423.7317534446875	91805.84359712216	1104.4712377879912
K11106	ttdT; L-tartrate/succinate antiporter	11.48762437527125	55.06984908223029	28.047252522249025	75.20554710599069	157.88223539817304	160.4944835118685	84.67981167952345	71.00111983680397	75.48363042289691	74.77138883363766	32.21857832380502	26.272997324214344	74.36598718639826	70.18798362593289	15.496692973143444
K11107	yfaE; ferredoxin	10.000005528277685	53.5317518881282	21.868662914517905	74.64588630785096	156.60350154690715	158.63051692200486	128.04334710714588	70.62275827184565	77.11396224713633	74.40493947755769	32.48411393341892	26.669816283512837	74.35447733538828	91.96296701722844	15.613121843912786
K11108	RCL1; RNA 3'-terminal phosphate cyclase-like protein	0.0107644349228142	0.0302348952015172	0.0020406137270402	0.0388527315448384	0.0187474991490923	0.0565901254403327	0.4810012382334968	0.0425561325054375	0.0291711759475606	0.0218485575887227	0.0261393178079469	0.0545827302007348	0.0491468597526757	0.1537893225886255	0.0061910832295646
K11126	TERT, EST2; telomerase reverse transcriptase [EC:2.7.7.49]	2.659755782278025e-12	2.7649856999467323e-12	2.1349954680701242e-13	1.0071863253492142e-11	2.093318485699856e-12	5.579972058716503e-12	4.179773831201712e-12	5.79031513547187e-13	3.4552877849664866e-12	7.734853191896223e-13	3.73594471599346e-13	3.8691589179008993e-13	6.049352061618191e-13	2.757652920735701e-12	0.0
K11128	GAR1, NOLA1; H/ACA ribonucleoprotein complex subunit 1	0.0003842714002707	0.0014956621366502	0.0001780790667199	0.0034614000582007	0.0017150867501951	0.0029113781916637	0.0134220681429629	0.0013918862558089	0.0010417247606062	0.0010000598773053	0.0008656914006253	0.0015719883690482	0.0015692222958012	0.0054287145949516	0.0010090589327378
K11130	NOP10, NOLA3; H/ACA ribonucleoprotein complex subunit 3	0.6129499416737019	1.721639582863983	0.116196908981897	2.2123576114337684	1.0675226885907878	3.2223627470163887	27.38923901108252	2.423237180967316	1.6610691340345938	1.2441035870149395	1.4884286486617255	3.108057369739315	2.798527283118417	8.757092869868139	0.3275481194640546
K11139	hlyE, clyA, sheA; hemolysin E	8.582719918091799	46.27698018780258	19.03011198082486	64.56645136351291	136.22562761365197	137.53264079914817	73.14917128160472	61.02008892019987	62.88476106484113	64.56645136351291	27.98750901209224	22.57647442413792	64.19177425033735	60.83710707423039	13.43609554690107
K11144	dnaI; primosomal protein DnaI	1002.4075028124888	6248.650696222145	17315.589490050297	1226.8872782453702	4953.596149654934	3956.614305494137	3207.5869006845296	9478.447559552778	596.5883528900318	2170.271263970909	619.0160483334225	452.9636576099915	210.60470850166104	1594.4842750747275	9.625298224138248
K11145	K11145; ribonuclease III family protein [EC:3.1.26.-]	35799.74707086193	41457.09555435064	40147.75663358362	24786.963407418923	87495.73379901818	50150.28673927151	18687.51021028141	49866.74758853776	13684.608136414285	9940.21771410959	5723.203506164744	4366.117140096902	5467.635448344223	37467.01740665805	888.3200759396562
K11147	DHRS4; dehydrogenase/reductase SDR family member 4 [EC:1.1.-.-]	214.4387320387028	90.2997376140244	34.453485550534296	47.06856454997875	12.526055534295631	18.88098654860064	14.025534000066472	201.9187222538145	20.916965783780206	11.557197804996305	1.4021027136533426	14.039578258368037	4.776567660944401	1.053052922562454	0.9096793086142992
K11152	RDH11; retinol dehydrogenase 11 [EC:1.1.1.300]	0.0	0.0	0.0	0.0	0.0	0.0	0.0	0.0	0.0	0.0	0.0	0.0	0.0	0.0	0.0002782440629696
K11153	RDH12; retinol dehydrogenase 12 [EC:1.1.1.300]	0.775312191170288	3.4400826322227265	516.6169075360373	1268.161697579956	934.5176557633912	390.3142263308197	50.61227537252828	2.24265357615967	2.103422944608712	109.50579483431044	51.01697301988465	95.2785683647516	40.52298146422584	16.040697060180115	0.0009109363469281
K11155	DGAT1; diacylglycerol O-acyltransferase 1 [EC:2.3.1.20 2.3.1.75 2.3.1.76]	0.0	1.4420885963966425e-25	0.0	0.0	0.0	0.0	0.0	0.0	0.0	0.0	0.0	0.0	0.0	0.0	0.0
K11159	K11159; carotenoid cleavage dioxygenase	0.2257536516967385	7.488887233598975	1.0324414729434537	10.804873823644852	85.51869612270768	54.62188675044312	311.69989801212245	51.89279313934404	167.35779409693257	60.45909142040795	15.548196900614691	895.3353113691192	45.03071248778414	316.98214739890466	51.12149950413123
K11161	RDH13; retinol dehydrogenase 13 [EC:1.1.1.300]	0.7874790680286511	3.492701404994063	0.8398840921636535	16.455948785595137	8.234888187189679	9.988553609723684	10.585830831201129	2.277847257115358	2.1364316967469708	3.042807466456658	1.4696801857860922	1.5220852099210944	2.379749578130552	10.848307897946691	0.4020881537862394
K11162	RDH14; retinol dehydrogenase 14 [EC:1.1.1.-]	0.0	0.0	0.0	0.0	0.0	0.0	0.0	0.0	0.0	0.0	0.0	0.0	0.0	0.0	0.0005660048593139
K11163	DHRS1; dehydrogenase/reductase SDR family member 1 [EC:1.1.-.-]	0.3191665491417732	1.2130917419231633	0.0256196129177549	4.731725320070455	42.04929958967395	28.46557096066754	0.5015663463489589	18.3543410250273	13.376174434909167	4.605061598179124	0.044830754414857	2.181652714107647	0.6221063600851255	0.3309140532023112	0.0
K11165	DHRS7; dehydrogenase/reductase SDR family member 7 [EC:1.1.-.-]	0.0041410407425741	0.0116312592137636	0.000785017016139	0.014946510935423	0.0072120978346238	0.021770024785894	0.1850395063963748	0.0163711964274034	0.011222050109813	0.0084050642500167	0.0100557048095842	0.0209977868065437	0.0189066263175657	0.0591622184702541	0.0022135683983586
K11166	DHRS7B; dehydrogenase/reductase SDR family member 7B [EC:1.1.-.-]	2.1819043905023373e-13	9.677388059726033e-13	2.327105395693224e-13	4.559525244912961e-12	2.2816782591954904e-12	2.7675743852319303e-12	2.9330647258388317e-12	5.8798058458154525	5.91950934113081e-13	8.430846279044869e-13	4.072110333076555e-13	4.217311338267442e-13	6.59368136072186e-13	3.0057904512059826e-12	6.815050829796301e-07
K11168	DHRS12; dehydrogenase/reductase SDR family member 12 [EC:1.1.-.-]	0.0	0.0	0.0	0.0	0.0	0.0	0.0	0.0	0.0	0.0	0.0	0.3881482448964623	0.0	0.9256360224913904	0.0
K11170	DHRSX; dehydrogenase/reductase SDR family member X [EC:1.1.-.-]	0.0003858707289875	0.0010839980848961	7.324296158943281e-05	0.0013945890068799	0.0006729669519781	0.0020293673344253	0.0172390341251855	0.0015253888491761	0.001045694130621	0.0007833967158575	0.0009369514538845	0.0019562827641555	0.0017615939864995	0.0055128032726664	0.0002061446099299
K11173	ADHFE1; hydroxyacid-oxoacid transhydrogenase [EC:1.1.99.24]	3.318873126972365	7.918928894871562	16.304574323223612	21.603179673913864	43.207884565257416	84.72582821843514	14.67411689090125	13.975567308110191	5.707363621843102	19.79884745460858	2.095648748373175	11.878393342307342	23.351078848321187	1.5724991699947188	2.853681810921551
K11175	purN; phosphoribosylglycinamide formyltransferase 1 [EC:2.1.2.2]	50373.21278362547	52124.257446241856	103082.36813445196	37638.15664855235	82831.4416043902	45852.73962274472	19664.80350627332	70801.14545780836	29896.895998723983	13306.699038643615	5821.6284792170245	6390.884239056346	6017.047118238575	38967.7935680662	1509.1974125216798
K11177	yagR; xanthine dehydrogenase YagR molybdenum-binding subunit [EC:1.17.1.4]	13.934168305578629	68.01080241516969	44.44884862797757	159.0562706666463	690.4936863330506	325.07676868982776	1531.116558713198	350.5578479081905	782.5951685781857	376.2055995234206	117.4045659061662	2949.5926050140743	296.00665219798043	1479.7607239730985	204.38620046536832
K11178	yagS; xanthine dehydrogenase YagS FAD-binding subunit [EC:1.17.1.4]	245.37383302797625	422.8699518838167	227.8220692024363	456.0610900321523	758.8531224634337	478.4912486253809	1627.375242831569	1358.1183543114737	826.5602226953312	445.22706862014167	133.0115947012093	2850.256660795594	382.7805458484345	1353.1892193746778	212.8492418674197
K11179	tusE, dsrC; tRNA 2-thiouridine synthesizing protein E [EC:2.8.1.-]	131.30266657073523	218.9296303674231	471.5330855670927	244.35115867329824	333.42875136636326	482.7261021102362	380.4666674340784	292.2576240491084	119.29567216133664	157.5824276178289	53.56961253155952	188.9389545099653	143.43050219917973	320.4319686983874	28.507048004771622
K11180	dsrA; dissimilatory sulfite reductase alpha subunit [EC:1.8.99.5]	109.004794700434	133.93115219070984	425.2372321471823	97.05906679462667	82.68563228323842	130.52808354644162	63.0545841681713	180.82724612088697	26.232627353228736	36.72979385486738	15.358236501283049	42.11963751938975	33.734530396012886	50.53594805079288	3.828817414485905
K11181	dsrB; dissimilatory sulfite reductase beta subunit [EC:1.8.99.5]	109.01466521997084	133.9749308495389	425.2477595283877	97.26533102510666	82.78885105823284	130.6532833359379	63.1872704252105	180.85579740150655	26.259406085080897	36.76793339630281	15.376657952183423	42.13871583195865	33.76435895356758	50.67192428101421	3.8127744694539913
K11183	PTS-HPR.FRUB, fruB, fpr; phosphocarrier protein FPr	587.4997684856104	795.1519726810154	882.1298396150523	1843.6618386338355	1511.594083584538	1037.1061137300264	783.5320479241495	1081.9638926721752	266.2416745789368	355.89490705850903	137.29963738136985	537.9137664622216	214.9821706472185	345.0311169940013	30.503535391009063
K11184	chr, crh; catabolite repression HPr-like protein	15887.173413304328	18986.944676230392	7103.976882548504	4773.4695495814085	5702.481683007231	5822.24246622634	7927.107591303715	10967.599499436346	6667.43630065442	3896.3205347041608	652.6757744162397	1835.883590671107	1203.7922111981766	1192.3435156742182	378.5787726905145
K11187	PRDX5; peroxiredoxin 5, atypical 2-Cys peroxiredoxin [EC:1.11.1.15]	0.0	0.0	0.0	0.0	0.0	0.0	0.0	0.0	0.0	0.0	0.0	0.3881482448964623	0.0	0.9256360224913904	0.0
K11189	PTS-HPR; phosphocarrier protein	85263.96374710085	79467.2601137794	62517.40725220063	47691.47186438487	118710.66468509952	79319.4514576954	36126.3279356893	97032.2032518715	31987.514013595788	19326.035465135217	6968.862009168561	11422.444605637123	10571.891176629972	43222.19143820698	2049.179275772472
K11192	PTS-Mur-EIIC, murP; PTS system, N-acetylmuramic acid-specific IIC component	9.850549106643504	53.112421208332485	21.84058162530302	74.11139851011517	156.34570313569097	157.84691793209748	106.54179558362183	70.03157835723998	73.76893487436693	74.10210828391557	32.12101776336308	25.91105405430045	73.6716479921905	71.13232747153073	15.419999999774651
K11194	PTS-Fru1-EIIA, levD; PTS system, fructose-specific IIA component [EC:2.7.1.202]	138.97355011867634	78.69767490204937	121.9236843500667	0.0926977817552344	38.140844514596914	14.009355577972242	197.63906220462067	105.54022550167043	47.19747503053616	15.432327373618865	0.9954801247504168	166.68977572227277	0.632468174373173	140.31535411152169	22.35744320344888
K11195	PTS-Fru1-EIIB, levE; PTS system, fructose-specific IIB component [EC:2.7.1.202]	33.81108399492269	78.47167064978535	121.73306975577358	0.0003526588115498	4.480468835037337	0.000214059456006	4.340697724559745	93.17263071908488	4.578474768903949e-05	6.520881165083346e-05	3.149594559575878e-05	3.2619010195161834e-05	5.099916564789212e-05	0.0002324843994389	0.0
K11196	PTS-Fru1-EIIC, levF; PTS system, fructose-specific IIC component	33.81107590500427	78.47163476861648	121.73306112748864	0.0001836037997614	4.480384236504752	0.0001114451935139	4.340588974357658	93.17260731833784	2.3836788906208948e-05	3.394948659983016e-05	1.639764865947413e-05	1.698234673329173e-05	2.6551557173538813e-05	0.0001210377217987	0.0
K11200	PTS-Mng-EIIC, mngA, hrsA; PTS system, 2-O-A-mannosyl-D-glycerate-specific IIC component	328.47457937687886	285.97148526274606	55.21885062324325	51.44260979698491	111.0236735016755	108.59694745308292	106.56156975082696	527.201155128571	115.62328645290005	90.725421645493	28.736803736852018	19.584995171183053	37.55557066085934	112.13618198169908	8.561343211570584
K11201	PTS-Fru2-EIIA; PTS system, fructose-specific IIA-like component [EC:2.7.1.-]	189.92933659981412	617.1968449737481	161.41458217053002	290.7973890885238	582.1032836239524	616.3461098166255	289.7413188331909	679.3181764936611	314.80750162272625	337.0262719595841	103.76750356228456	93.995115835504	244.12995164283257	257.99184248194393	59.68664067276153
K11202	PTS-Fru2-EIIB; PTS system, fructose-specific IIB-like component [EC:2.7.1.-]	1163.4910623772812	2542.331556612522	706.4268156772187	778.5999316222908	1921.3721264093867	1662.395147225146	842.6161717510863	2777.2561146136363	896.1184645731112	1136.535379097951	265.43454785380067	252.63574764044927	411.435902624841	781.3756813794972	116.22334447953703
K11203	PTS-Fru2-EIIC; PTS system, fructose-specific IIC-like component	813.5454679063221	1615.706241156707	571.8452302202186	653.9506747287243	1827.3074628315292	1449.5931822862703	817.2169514097086	1931.185942708711	618.7718880134444	921.4189788551924	254.45658132737435	235.60899322351523	360.57579219336594	749.7451706842348	89.42577700395304
K11208	yncG; GST-like protein	9.99974606106109	58.52859074842784	27.05838462362488	95.00646826831674	245.45676685440836	259.49039457423027	488.295015474461	127.08200203692236	234.07579944106436	152.53393195032538	47.48362780047968	799.6641751265465	121.63368719970946	437.8876254465952	15.50025788726498
K11209	yghU, yfcG; GSH-dependent disulfide-bond oxidoreductase [EC:1.8.4.-]	45.13968432856084	174.60455984302266	139.26653403076102	315.2410057826646	1245.778141644803	833.0494880877689	2674.666732591665	524.1154407419868	1143.6288439613015	629.9434641542792	236.1451783411031	4404.022406217416	477.7090217726082	2493.845041050209	135.0957961532426
K11210	fosB; metallothiol transferase [EC:2.5.1.-]	92.26101772750344	22.869500515552964	625.4248735177928	16.979107853638286	8.948541663275517	3.594582765074671	10.901960680220656	152.75142860843212	108.90566404733708	22.59121260051493	0.4989700261263002	6.210347843124753	0.8079470082388932	5.094091054068214	0.0338912719842961
K11211	kdkA; 3-deoxy-D-manno-octulosonic acid kinase [EC:2.7.1.166]	6.67	19.5	0.0	9.99	9.99	16.99	72.58	6.0	0.0	2.8	0.0	48.46	2.83	54.97	1.4465059251268395
K11212	cofD; LPPG:FO 2-phospho-L-lactate transferase [EC:2.7.8.28]	0.0058189493764416	2.0896630637804163	518.9662060166131	1252.0815985755207	934.8508499234896	380.5538088035081	65.17822156273306	0.0168317843794933	0.0157868169381559	106.532484334287	49.58085996434427	93.79124720280544	38.197584775120966	5.440161818949971	0.0
K11214	SHPK; sedoheptulokinase [EC:2.7.1.14]	622.2897400961685	506.68736709852	307.1392426603736	534.8856141318383	288.25090928911135	438.2247262475474	699.4578506001947	732.9911336399346	93.93335513834924	116.66781265803016	34.20859017912372	303.3454769015754	531.214721436331	23.2855634187961	37.24969128971158
K11216	lsrK; autoinducer-2 kinase [EC:2.7.1.189]	1154.3951667085505	761.9537523190194	702.411801162252	629.7834475675738	1224.172575377906	1235.95073266494	787.6484758591969	908.449381555482	307.6255533813072	289.11255195644765	144.71135111512564	324.67798162486514	185.9698401327405	473.5042223485952	93.33966904468276
K11230	SSK2; mitogen-activated protein kinase kinase kinase [EC:2.7.11.25]	8.533004488703372e-18	3.784638598832232e-17	9.100857431504786e-18	1.7831418072467062e-16	8.923200719628943e-17	1.0823446139437627e-16	1.147064673419449e-16	0.0001801061753319	2.3150051853171e-17	3.297140308063412e-17	1.5925232976243198e-17	1.6493085919044608e-17	2.578660774185702e-17	1.1755062927545322e-16	0.0
K11238	BNI1; cytokinesis protein	8.62765760608433e-11	2.423316506326161e-10	1.6370886086139e-11	3.1140330842589896e-10	1.5030137023636034e-10	4.5356791107516973e-10	3.855273701788937e-09	3.4108593988330215e-10	2.338059729535711e-10	1.751154383987237e-10	2.0950573413344555e-10	4.875283073030214e-10	3.9391039232506095e-10	1.3519718554288499e-09	4.610446681071788e-11
K11244	WSC; cell wall integrity and stress response component	3.106555694794393e-07	1.3778488699386005e-06	3.313290238951834e-07	6.49176892296463e-06	3.248611910149009e-06	3.94042195644967e-06	4.1760440864951885e-06	8.985965031652181e-07	8.42808948647138e-07	1.2003685236672098e-06	5.797796457129644e-07	6.004531001287084e-07	9.387963317720908e-07	4.279589648473441e-06	0.0
K11249	eamB; cysteine/O-acetylserine efflux protein	4930.275771226751	1492.8078415985742	6351.138362032087	1702.769843389205	7640.750415952486	6699.442651232681	485.2494069761125	8780.985667975794	1609.631174355855	599.4213897904472	90.8600907825655	352.82024276159586	300.1840806293999	250.1507789359003	98.94413565032283
K11250	leuE; leucine efflux protein	14.840926487556748	70.33152448783852	42.7974561769238	112.68780053224845	335.6455097015124	232.0690102564496	328.37863977322536	90.2318161888193	97.0490225279045	101.20485406380718	48.17787309796245	70.42926515441904	84.81727209646039	288.69151830535475	15.580044007076925
K11252	H2B; histone H2B	1.6118432424437094e-07	7.148999111268863e-07	1.719107914549292e-07	3.368268557850257e-06	1.6855494216537428e-06	2.044496582991596e-06	2.16674964245564e-06	4.6623876846549405e-07	4.372932733265829e-07	6.228138438197802e-07	3.008199420389597e-07	3.115464092495179e-07	4.870965377937437e-07	2.2204744846142246e-06	0.0
K11253	H3; histone H3	0.0111058084474402	0.0311939994107104	0.0021054692548024	0.0400876583255307	0.019343445159497	0.0583859704733965	0.4962502395232339	0.0439055481010926	0.0300962846505083	0.0225417385833277	0.0269681858371383	0.0563132116302269	0.050705209863384	0.1586663753278933	0.0059346345095196
K11254	H4; histone H4	3.223686484887411e-07	1.4297998222537692e-06	3.438215829098576e-07	6.7365371157005e-06	3.371098843307478e-06	4.088993165983183e-06	4.333499284911269e-06	9.32477536930985e-07	8.745865466531631e-07	1.2456276876395572e-06	6.01639884077918e-07	6.230928184990344e-07	9.741930755874852e-07	4.440948969228439e-06	0.0
K11258	ilvM; acetolactate synthase II small subunit [EC:2.2.1.6]	16.670005523335398	68.03175186147999	21.86866290355957	74.64588627067091	156.60350146846278	158.63051684280785	133.3837533022766	76.62275823670775	75.51650958147894	77.20493944037764	32.48411391730255	28.169816270512364	77.184477298424	71.96296698219591	15.503089296721454
K11259	ILVBL; acetolactate synthase-like protein [EC:2.2.1.-]	0.0	0.0	0.0	0.0	0.0	0.0	0.0	0.0	0.0	0.0	0.0	0.0	0.0	0.0	0.0428130456570367
K11261	fwdE, fmdE; formylmethanofuran dehydrogenase subunit E [EC:1.2.7.12]	2828.703179225247	3455.1202568038325	2816.430615972935	2093.900070217198	3997.6627625037886	4288.412324205241	942.3718321194996	4875.677666733319	1244.0313202450054	1046.2132836805813	373.86807258402655	894.1549914571004	1299.6570481829124	583.520955226148	114.22020546718149
K11263	bccA, pccA; acetyl-CoA/propionyl-CoA carboxylase, biotin carboxylase, biotin carboxyl carrier protein [EC:6.4.1.2 6.4.1.3 6.3.4.14]	604.8812109814555	330.69557829684584	1180.7494641829685	2712.8055463736337	1958.6410524477292	929.0036671600346	470.7833229655561	950.0941092902344	307.56677153000817	324.73513029488504	146.91078008077147	395.0924990072395	180.21019299689056	290.0785242008208	32.358148130873566
K11264	scpB, mmcD; methylmalonyl-CoA decarboxylase [EC:4.1.1.41]	27.335653789458025	80.2244272047854	74.01693141981096	92.39987185550402	165.48021136706072	183.9799749689892	293.42550356381474	92.62047963168943	86.36063642154132	84.37338696922315	43.485872286441925	50.78263185068877	95.05073608302791	137.4123254942389	17.89888992327003
K11275	H1_5; histone H1/5	54.30998035549057	15.808226921964502	338.4831219757869	21.286705773201824	5.820596536977352	14.252378144788814	153.73177771930384	103.46949011154078	56.93209861582379	23.13827209427798	6.2489936698974855	12.041832785424557	9.752499966821034	33.4498501841611	0.7790068430380745
K11285	TSPYL2, CINAP, DENTT; TSPY-like 2	1.2783243875422077e-13	5.669744842306964e-13	1.3633941031718738e-13	2.6713142617787626e-12	1.3367794555759296e-12	1.6214541051290488e-12	1.7184108458649522e-12	3.697657268727225e-13	3.4680956626652346e-13	4.939426517970045e-13	2.3857497927926765e-13	2.4708195084223426e-13	3.8630765508257094e-13	1.7610190686373198e-12	0.0
K11290	SET, TAF1, I2PP2A; template-activating factor I	0.0	0.0	0.0	0.0	0.0	0.0	0.0	0.0	0.0	0.0	0.0	0.0	0.0	0.0	2.2996256845608387e-06
K11294	NCL, NSR1; nucleolin	39.069007641047016	88.68928901234489	153.24599018608222	92.1547782601244	18.78942272498283	25.031537110553785	150.72597830957284	108.30489127478788	28.519768198627297	24.053216245392942	9.877739539400949	12.441514477474389	18.11071130916976	35.29162849865144	3.072038632266469
K11298	HMG2L1; high mobility group protein 2-like 1	6.806938190952133e-06	3.019077401335964e-05	7.2599251650380736e-06	0.0001422445761478	7.118205064158298e-05	8.634066580157933e-05	9.150350668779908e-05	1.9689622387588303e-05	1.8467231827955742e-05	2.630190844689796e-05	1.2703857907178044e-05	1.3156844881263988e-05	2.057046205536693e-05	9.377234816234414e-05	0.0
K11300	HMGN2; high-mobility group nucleosome-binding domain-containing protein 2	5.961150941829479e-75	1.4223481475174013e-74	2.92852498015428e-74	3.880227111216577e-74	7.760728172384526e-74	1.5217919798650162e-73	2.635672482138852e-74	2.510203404411007e-74	1.0251207180296834e-74	3.556144318744874e-74	3.764072331835341e-75	2.133522221276102e-74	4.194173755487561e-74	2.8244239986333606e-75	5.125603590148417e-75
K11308	MYST1, MOF, KAT8; histone acetyltransferase MYST1 [EC:2.3.1.48]	0.0	0.0009679885260537	0.0	0.0	0.0	0.0	0.0	0.0	0.0	0.0	0.0	0.0	0.0	0.0	0.0
K11311	antC; anthranilate 1,2-dioxygenase reductase component [EC:1.18.1.-]	6.16318057026144e-16	2.7335519521481803e-15	1.5368255455621054	3.0736510911242223	8.252664345821943	24.837943499373672	46.641841834802605	1.6167760074699615	1.9425001115390008	5.66463828258248	1.1502406518830173e-15	30.502581781956145	0.9712500557695014	10.597877895119028	0.0
K11312	K11312; cupin 2 domain-containing protein	236.92475317594867	750.1964748397311	829.8549797556333	733.4388609308342	872.3144041658163	800.3057488344368	372.0962853074052	536.661838147387	195.9351376343841	347.4085309098293	74.54803861760382	122.21654067789152	186.15903262280773	200.5010890086619	37.83287002974141
K11320	EP400; E1A-binding protein p400 [EC:3.6.4.-]	0.0	0.0	0.0	0.0	3.57	3.57	0.0	0.0	2.43	5.269514993241881	0.0	38.43	0.0	0.0	0.0
K11323	JMJD6; histone arginine demethylase JMJD6 [EC:1.14.11.-]	0.0	0.0	0.0	0.0	0.0	0.0	0.0	0.0	0.0	0.0	0.0	0.0	0.0	0.0	0.0002721525311235
K11325	K11325; L-cysteine/cystine lyase	9.927456934522088	30.769844394727368	4.228458767752348	74.59470644016552	39.14391783394971	71.57375095231716	361.9780541734178	31.603618265762787	21.86158248884881	21.79877183632684	22.60316671173706	41.94306651122481	41.19508750182579	140.4650710999976	3.943208311640584
K11326	nrsA, czcA; cation efflux system protein involved in nickel and cobalt tolerance	1.185156060903171	3.3288388620293765	0.224670012304887	4.277656059345546	2.064085333103004	6.230529575754628	58.82894344076756	4.685397675685175	3.2117241848572657	2.405509498077488	2.8779189200452198	6.009516893538116	5.411031710247368	16.93208692095949	0.6333235597678091
K11327	nrsB; membrane fusion protein, cation efflux system	0.5676125974143268	1.594297101607295	0.1076023094783832	2.0487187694419737	0.9885624989459708	2.984018048277777	31.23444612334769	2.244000458967403	1.5382067956147336	1.1520824466510078	1.3783358050836183	2.87816736181307	2.5915319214620567	8.109367326296946	0.3033207546435225
K11328	nrsS, rppB; two-component system, OmpR family, Ni(II)-sensor and/or redox sensor kinase NrsS [EC:2.7.13.3]	0.5497280983531885	1.544063535356726	0.1042119453257758	1.984167156113584	0.9574145907339102	2.8899967594164173	30.43528980392384	2.1732958546573204	1.4897405386688385	1.1157823054467009	1.3349068087501246	2.7874812464684995	2.509877197047145	7.853855075521937	0.2937636380883971
K11329	rpaB; two-component system, OmpR family, response regulator RpaB	231.575367319402	204.51262331285355	1138.3603531430333	173.7796793067541	71.65786394102588	60.85330937665435	893.2664019297557	852.7620738084039	335.5347803690111	83.49057173108724	48.10850799648553	712.5247430767597	96.84930963042387	442.2050059637777	6.514331461607706
K11330	nrsR, rppA; two-component system, OmpR family, Ni(II)-responsive and/or redox-responsive regulator NrsR	0.5722300778225466	1.6072665735060667	0.1084776451530304	2.0653849231231085	0.9966043711524376	3.0082927823806958	31.44077500264309	2.262255212654193	1.550719977624604	1.1614545397833629	1.3895484501251725	2.9015810095462053	2.612613814163413	8.175336342704982	0.3338371391068771
K11331	nrsC; cation efflux system protein involved in nickel and cobalt tolerance [EC:3.2.1.17]	0.3488229270085554	0.9797657487470622	0.0661263557505784	1.2590278669457713	0.607515171411025	1.8338104449905488	15.58690827883089	1.3790370613183924	0.9452957866597907	0.7080053773060231	0.8470480255726373	1.7687605386870646	1.5926104431058636	4.98356319051464	0.1864039556894568
K11332	nblR; two-component system, OmpR family, response regulator NblR	0.421219405494879	1.183111298763228	0.0798505548235322	1.520332892577838	0.7336019496350253	2.214408760494903	18.82189423446734	1.665249403488008	1.141487266013007	0.8549484022554118	1.0228486665630392	2.135858066893332	1.9231488875544416	6.017877157206623	0.2250911775517581
K11333	bchX; 3,8-divinyl chlorophyllide a/chlorophyllide a reductase subunit X [EC:1.3.7.14 1.3.7.15]	8.299129056435358	1.487594216136956	38.81407135000867	9.214669450365104	23.04998308557776	2.571631324095173	2.06794195966286	1.4061707053350347	0.4173519131474242	0.5944124117792267	0.2871020113522184	0.8656784460271485	0.4648840591332006	3.4745628149264043	0.6648026879339614
K11334	bchY; 3,8-divinyl chlorophyllide a/chlorophyllide a reductase subunit Y [EC:1.3.7.14 1.3.7.15]	8.299129056435358	1.487594216136956	38.81407135000867	9.214669450365104	23.04998308557776	2.571631324095173	2.06794195966286	1.4061707053350347	0.4173519131474242	0.5944124117792267	0.2871020113522184	0.8656784460271485	0.4648840591332006	3.4745628149264043	0.6648026879339614
K11335	bchZ; 3,8-divinyl chlorophyllide a/chlorophyllide a reductase subunit Z [EC:1.3.7.14 1.3.7.15]	8.299129056435358	1.487594216136956	38.81407135000867	9.214669450365104	23.04998308557776	2.571631324095173	2.06794195966286	1.4061707053350347	0.4173519131474242	0.5944124117792267	0.2871020113522184	0.8656784460271485	0.4648840591332006	3.4745628149264043	0.7059012631912451
K11336	bchF; 3-vinyl bacteriochlorophyllide hydratase [EC:4.2.1.165]	7.34	0.0	38.65	6.0	20.45	0.0	0.0	0.0	0.0	0.0	0.0	0.5683391136716035	0.0	1.3553459625860078	0.6648026879339614
K11337	bchC; bacteriochlorophyllide a dehydrogenase [EC:1.1.1.396]	111.97282433028457	21.58876535644716	39.09083329117171	6.20542086033216	21.625703786269632	0.3007510277879066	0.0028973828980583	135.0046385547069	19.27089424045603	7.714534899914913	2.30364855110966	2.578002684860781	1.462794072915674	1.3565347265361356	0.6648026879339614
K11354	cph1; two-component system, chemotaxis family, sensor kinase Cph1 [EC:2.7.13.3]	15.178222762027923	4.847099511208339	72.0739411273247	17.64292948723266	3.0055005435368525	9.07223152363656	112.57733885503264	39.84220992024739	10.791353777377918	3.502645936195968	6.2287794484900445	8.750416467893837	7.878966283721958	24.654696018625	0.9230755153760394
K11355	rcp1; two-component system, chemotaxis family, response regulator Rcp1	0.4946752536251733	1.3894323816703265	0.0937755785800863	1.78546156568228	0.8615337417070774	2.6005763289577235	22.104217380968908	6.199710774494949	1.3405495935342262	1.004041628199094	1.2012217788441677	2.5083272925341853	2.258524064417844	7.067326125511363	0.2643671825586991
K11356	cikA; two-component system, sensor histidine kinase and response regulator [EC:2.7.13.3]	0.9260428941416504	2.6010478076412085	0.1755499341269088	3.342423101916338	1.6128100076249878	4.868335766658468	47.250652991842536	3.661019309549439	2.509538159104052	1.879587888018154	2.248713442677511	4.695643552836584	4.228006446198404	13.230189080916643	0.4948586954603531
K11357	divJ; two-component system, cell cycle sensor histidine kinase DivJ [EC:2.7.13.3]	499.9311168925468	654.7156284983464	292.3483993407337	546.7109742115741	171.61885373963497	173.5201507460979	116.76003760089873	1675.336188638521	196.28494027080544	132.9493817826272	31.183628780939667	56.21795278214287	716.6582365429559	57.44185560394979	10.977960433833406
K11358	yhdR; aspartate aminotransferase [EC:2.6.1.1]	20699.34369328208	19314.04323413076	9597.658214727522	13582.233467049951	63346.97132175657	29098.07630201576	6440.993301814917	16480.93613797934	5708.621829636639	3400.0844809946725	4245.711850939426	2894.0582720815464	3137.6330089155563	33054.24772989483	369.2857997821415
K11359	SPT7; transcriptional activator SPT7	0.0	1.7121092346151953e-08	0.0	0.0	0.0	0.0	0.0	0.0	0.0	0.0	0.0	0.0	0.0	0.0	0.0
K11361	SPT20, ADA5; transcription factor SPT20	0.0	0.0	0.0	0.0	0.0	0.0	0.0	0.0	0.0	0.0	0.0	0.0	0.0	0.0	0.0002429314960433
K11365	SGF73; SAGA-associated factor 73	8.793607487300114e-42	3.900223697699387e-41	9.378802994476355e-42	1.8376000115646467e-40	9.195720541655816e-41	1.1154000579297814e-40	1.1820967062600795e-40	2.5436224921177045e-41	2.3857068114394536e-41	3.3978369211043476e-41	1.641159900036225e-41	1.6996794507538487e-41	2.6574145977663927e-41	1.211406949453673e-40	0.0
K11366	USP22_27_51, UBP8; ubiquitin carboxyl-terminal hydrolase 22/27/51 [EC:3.4.19.12]	0.0	2.656584877034445e-13	9.307891698251983e-10	0.0	2.4605720009890108e-09	0.0	3.937502450270004e-09	0.0	0.0	0.0	0.0	0.0	0.0	0.0	0.0
K11367	CHD1; chromodomain-helicase-DNA-binding protein 1 [EC:3.6.4.12]	0.0	4.0557464239549903e-08	0.0001421014204965	0.0	0.0003756498119119	0.0	0.0006011293529522	0.0	0.0	0.0	0.0	0.0	0.0	0.0	6.665248310047835e-06
K11381	bkdA; 2-oxoisovalerate dehydrogenase E1 component [EC:1.2.4.4]	2073.7774100758807	5122.078765247283	6001.626109961036	6891.3126680680525	3125.977178077681	2513.412572368331	8512.839654190306	3881.383303293623	5610.784111766032	3945.325689577728	605.1094827816514	1299.180479811754	497.9273267833341	762.6722483898634	148.94368174195938
K11382	pgtP; MFS transporter, OPA family, phosphoglycerate transporter protein	14.55519859828532	67.54034915514336	69.83187504042998	81.3705558546264	531.1304830907362	302.4613341025965	14.741624818054907	100.9527791745448	23.45130554194637	171.186663431624	51.98234867300727	14.201126840357482	4.164701851769387	202.09850444776345	1.038304016701618
K11383	kinB; two-component system, NtrC family, sensor histidine kinase KinB [EC:2.7.13.3]	0.962915025907354	2.704613396340138	5.372539783456284	13.855507936118128	29.547027057926226	88.94217767074683	136.59718378588065	9.266789648302067	9.169460119802553	21.08442719914581	2.3382501789197	107.89260939308036	7.676352439431225	49.546973831561374	1.6683245515992209
K11384	algB; two-component system, NtrC family, response regulator AlgB	0.0	0.0	5.19	10.38	27.87	83.88	93.57	103.02295802252333	6.56	19.13	5.57356755777825	122.21236414066668	3.28	35.79	1.1537309607124795
K11385	embA; arabinosyltransferase A [EC:2.4.2.-]	0.0	0.1751802108425715	0.0	0.0	0.0	0.0	0.0	0.0	0.0	0.0	0.0	0.0	0.0	0.0	0.0
K11386	embB; arabinosyltransferase B [EC:2.4.2.-]	0.0	0.6325484142467409	0.0	0.0	0.0	0.0	0.0	0.0	0.0	0.0	0.0	0.0	0.0	0.0	0.0
K11387	embC; arabinosyltransferase C [EC:2.4.2.-]	0.0	0.9699479343079452	515.7904117500896	1251.96	926.411088475	380.48	40.191741819779466	0.0	0.0	106.51	60.97	93.78	38.18	5.36	0.0
K11389	gapor; glyceraldehyde-3-phosphate dehydrogenase (ferredoxin) [EC:1.2.7.6]	5.343658938929814	15.009145316933544	1.0129973251350342	19.287194145359685	9.306595481226656	28.09235522651392	238.7776585350729	21.125628934501663	14.481095963607258	10.846016618508902	12.976027098823844	27.09584815550155	24.39738437928673	76.34378341783132	2.8611813785018745
K11390	CLYBL; citrate lyase subunit beta-like protein [EC:4.1.-.-]	4.2184890758328896e-10	1.8710240462530547e-09	4.4992203749970507e-10	8.815375925899896e-09	4.411391650743034e-09	5.350822135688496e-09	5.670780790634573e-09	1.2202322779971876e-09	1.144476614032654e-09	1.6300179367616051e-09	7.873009023880633e-10	8.153740323044794e-10	1.2748208817401115e-09	5.811388545643824e-09	1.5119739538694164e-21
K11391	rlmG; 23S rRNA (guanine1835-N2)-methyltransferase [EC:2.1.1.174]	9.850258144165148	53.1111449738099	21.84027536633877	74.10539404016912	156.3426996704357	157.8432744554323	83.95347004159396	70.03074682849763	75.11070048275593	74.10099757412446	32.12048181858263	25.910498976773635	73.67078024032857	69.8235559937623	15.43160514472273
K11392	rsmF; 16S rRNA (cytosine1407-C5)-methyltransferase [EC:2.1.1.178]	63.65780534558228	69.09679607274948	37.271843601934826	106.06328599615016	199.8508937298174	242.15537671418932	118.99772334562154	199.62955107976225	94.6698050518099	96.86302658144648	41.577229147437095	61.67451174691504	96.6357416139662	75.56873913584349	20.693685612259568
K11395	kdpgA; 2-dehydro-3-deoxy-phosphogluconate/2-dehydro-3-deoxy-6-phosphogalactonate aldolase [EC:4.1.2.55]	0.0164103165414891	0.0032808710383663	0.0010438842517523	0.0008301749872352	0.0041705855902581	0.0053684105694647	3.843170263800725e-07	0.0054478200619949	0.0019862903343379	0.0023761755023528	0.0003055624306957	2.3373679999277856e-06	0.0001940291249341	1.576809978022036e-07	0.0
K11397	EAF1, VID21; chromatin modification-related protein VID21	0.0006903236718081	0.0030617886319779	0.0007362632150301	0.0144256926310405	0.00721890711907	0.0087562136999767	0.0092798017181952	0.0019968173710147	0.0018728489852534	0.0026674004530788	0.0012883580826794	0.0013342976259013	0.0020861474716675	0.0095098956214336	0.0
K11407	HDAC6; histone deacetylase 6 [EC:3.5.1.98]	2.742198259403438e-05	0.0001216245625081	2.924685606434445e-05	0.0005730371250331	0.0002867593180581	0.0003478263160836	0.0003686249966278	7.9320315132762e-05	7.439587308421926e-05	0.0001059581349775	5.117792473432086e-05	5.300279820463092e-05	8.286880776783059e-05	0.0003777651018673	0.0
K11410	acdH; short/branched chain acyl-CoA dehydrogenase [EC:1.3.99.12]	0.0	0.1204068908687069	2.23880211709269	0.0	5.918347552440613	0.0	9.470768577354251	0.0	0.0	0.0	0.0	0.0	0.0	0.0	0.0
K11415	SIRT5, SIR2L5; NAD-dependent deacetylase sirtuin 5 [EC:3.5.1.-]	2.452798386870593	1.7453843215122369	0.0358617309171567	2.403045740820545	0.6210933920308873	0.9338024828022672	1.396127681960467	0.6956823004927022	1.856243896011923	0.847909600316074	0.0627530344349801	0.0649906466147693	0.1016115673786402	0.4632056998965345	0.0
K11418	HDAC11; histone deacetylase 11 [EC:3.5.1.98]	4.979054095421367	13.98505168707848	0.943879191768666	17.971203644571048	8.671594290505332	26.175577060428687	222.48554636652773	19.6841996217948	13.4930318322727	10.105978708702958	12.09065578605897	25.247062971160453	22.73271891031001	71.13474715185363	2.6607063559086668
K11422	SETD1, SET1; histone-lysine N-methyltransferase SETD1 [EC:2.1.1.43]	0.0	0.0	0.0	0.0	0.0	0.0	0.0	7.763458143708062	0.0	0.0	0.0	0.0	0.0	0.0	1.7272326776503414e-07
K11423	SETD2, SET2; histone-lysine N-methyltransferase SETD2 [EC:2.1.1.43]	0.0002112588178065	0.0005937715412187	4.026005661698419e-05	0.0007666829040544	0.0003700356306963	0.0011124099066611	0.0094324100740246	0.0008349348118365	0.0005725034426095	0.000429234540983	0.0005128649057881	0.0010704629473833	0.0009641654137396	0.003018089037329	0.0002103321245868
K11426	SMYD; SET and MYND domain-containing protein	33.86932324908775	3.7809613835934632	19.09930905633839	8.805833138953359	2.398005494869145	4.349923557025111	30.194136168225445	26.727927350918726	7.517520212984604	5.0307775557384975	6.354432904700712	147.4084014607896	42.89080119404733	0.0050017396823856	0.0
K11430	EZH2; histone-lysine N-methyltransferase EZH2 [EC:2.1.1.43]	0.0	0.0	0.0	0.0	0.0	0.0	0.0	0.0	0.0	0.0	0.0	0.0	0.0	0.0	0.001642234292332
K11433	SETMAR; histone-lysine N-methyltransferase SETMAR [EC:2.1.1.43]	0.0111056472631154	0.0311932845107971	0.0021052973440104	0.040084290056963	0.0193417596100699	0.0583839259768065	0.4962480727735849	0.0439050818623238	0.0300958473572347	0.0225411157694825	0.0269678850171953	0.0563129000838166	0.0507047227668445	0.158664154853401	0.0059346345095196
K11434	PRMT1; type I protein arginine methyltransferase [EC:2.1.1.319]	15.519938095901386	5.882147729922599	72.13872015688702	18.876303484747524	3.600637184470033	10.868676366997516	133.71772416435238	41.19314781264325	11.717388278945258	4.196225042263161	7.058568078921188	10.48313685758552	9.439125800653416	29.536714451674975	2.172792051159413
K11436	PRMT3; type I protein arginine methyltransferase [EC:2.1.1.319]	0.0117360953763373	0.0329640725521512	0.002224811381045	0.0423598048862614	0.0204397573731553	0.0616982790354323	0.5244192053296647	0.0463974963398575	0.0318043358165442	0.0238207353693218	0.0284988045416381	0.0595096846355666	0.0535831409303652	0.1676712405903574	0.006271533299887
K11437	PRMT6; type I protein arginine methyltransferase [EC:2.1.1.319]	0.032986189265394	0.0943248075722388	0.0062531912822507	0.11905906491191	0.0574492353401651	0.1734129660973482	1.4739647733511911	0.1304076480830823	0.08939121633417	0.066952019401409	0.0801004874537167	0.1672615684830313	0.150604061358172	0.4712670695935516	0.0176271560327796
K11440	gbsB; choline dehydrogenase [EC:1.1.1.1]	9578.598130683442	1676.6249794260457	2430.894476406172	478.04746538051	2398.20989032305	2400.7545954853585	247.2735909335542	4071.3665116564543	1558.8232105727611	551.0697720706246	0.186957546973232	36.37017814897187	142.3175399792541	109.9048153449272	52.65038822675319
K11441	kguK; dehydrogluconokinase [EC:2.7.1.13]	0.0002868460933037	0.0012722468364791	5.190305935078717	10.385994222338596	27.87299962957898	83.88363841744756	93.573855980866	5.460829725656685	6.560778213809996	19.13110836906032	0.0005353437784117	103.01055443276384	3.2808668444625924	35.79395159041825	0.0
K11442	K11442; putative uridylyltransferase [EC:2.7.7.-]	0.0012048938615486	0.0052830176073609	5.711267833105935	0.0248521688240291	0.0124326399007723	0.0150814459374663	53.945985975247496	0.0034424859487422	0.0032368110857387	0.0045980180276547	53.16221853135696	0.0022976384922596	20.0035923115191	0.0163758833209467	0.0
K11443	divK; two-component system, cell cycle response regulator DivK	41.32594871179897	36.75992505343092	149.9048360151017	98.79201082475244	70.59278957731397	152.11110302533362	735.9422685970997	111.1496483335299	56.162925845290985	44.88667507789968	33.93034515955649	171.78348753676295	65.25838858374345	268.80305000414785	7.238175565308181
K11444	wspR; two-component system, chemotaxis family, response regulator WspR [EC:2.7.7.65]	4.318774433345227	19.223587545119106	19.50055425738906	59.01900616427498	208.58240250067897	174.5400664525042	278.7945718032442	16.72033231954986	26.923866035441826	41.26390005069538	16.104001568160257	194.56708181760467	11.405200320561097	132.58464177606783	0.170270968399027
K11450	KDM1A, AOF2, LSD1; lysine-specific histone demethylase 1A [EC:1.-.-.-]	0.0011802669803227	0.003315106525865	0.000223743189814	0.0042600096025966	0.0020555704391368	0.0062048270019254	0.0527394037003684	0.004666069177487	0.0031984749775504	0.0023955861384786	0.002866046747284	0.0059847260551742	0.0053887097807334	0.0168622376073696	0.0006307109334485
K11456	PHC1, EDR1; polyhomeotic-like protein 1	2.770297439846064e-23	1.2287084385069522e-22	2.954654726395536e-23	5.789090103067165e-22	2.8969772770595285e-22	3.513904764739208e-22	3.7240228014864563e-22	8.013310678268694e-23	7.515820420116606e-23	1.070438831519859e-22	5.170234259391853e-23	5.354591545941324e-23	8.371796065987573e-23	3.816360436294177e-22	0.0
K11462	EED; polycomb protein EED	269.8724220748495	53.15432170856638	22.541339447411072	18.751945541618888	56.14975239583999	74.43384181347643	0.1023120706922616	97.19780508771512	29.023845314067216	32.23312559448596	4.677361046674852	0.0600373697729936	4.9857713112588025	0.0419775036925137	0.6104427904204748
K11469	RYBP; RING1 and YY1-binding protein	220.21773887268225	44.02754814480508	14.008372659023047	11.140507746781848	55.96704525105322	72.04122077467576	0.0051573305332467	73.10685402104336	26.654962143275988	31.887014182197237	4.10048565499293	0.0313662380951686	2.6037678834777584	0.0021159953076705	0.0
K11471	ASXL; additional sex combs-like protein	0.034631352420064	0.2151585347162862	0.0027798710303631	28.42079410074976	0.0482878225220408	0.0726540309253477	0.3193712956837666	30.529726361243988	137.31948573903796	484.4019465262028	0.0048643871344683	0.936521519227413	0.2846868511166653	0.0359060221944123	1.3594033478832746e-46
K11472	glcE; glycolate oxidase FAD binding subunit	22.52521083706243	85.23130163824067	61.74204922065788	156.09937616748758	432.1251153161016	285.4576059030421	709.9471581906478	165.3507701193309	260.632639645196	185.3858443132112	73.66743028458137	847.6970917521011	149.65460311235793	570.1923688054508	71.11433235622907
K11473	glcF; glycolate oxidase iron-sulfur subunit	386.2379789576952	521.3124781737852	1430.2387664877206	649.8252482065108	919.0506537186772	1142.5391134103063	1563.160320771605	742.1172272249728	404.1481691750698	409.01241569243984	172.90346250928093	1055.2873982355093	406.02281682640415	891.2876083407803	99.58882775682297
K11474	glcC; GntR family transcriptional regulator, glc operon transcriptional activator	58.71461357735025	91.5271142683638	81.68652070680385	145.3299080819708	410.4141011004049	323.9610898276566	152.08965942127335	154.5293421339667	121.135872358584	146.2025012849116	50.47603543110789	113.27177359033638	82.5355866191521	196.01880861658023	15.78193929743168
K11475	vanR; GntR family transcriptional regulator, vanillate catabolism transcriptional regulator	218.5398303072238	103.59905350981732	87.34001379489965	98.34015149049534	285.2469162218133	207.81102207389367	548.9124264558428	235.0201612653437	198.82042515099496	109.98825458333148	31.276055348712923	968.3161343407664	56.76906042855291	488.2169074841041	0.6138383772310307
K11476	K11476, gntR; GntR family transcriptional regulator, gluconate operon transcriptional repressor	211.07520819791333	848.8213290308593	396.7367630552077	844.939328022281	317.2633549998406	392.77477030841095	1505.0315299333574	422.244043106777	885.8081822124655	606.4509059596876	108.63727327996446	169.99597557514164	96.39510107795296	122.82156102523211	46.091025363997645
K11477	glcG; glc operon protein GlcG	13.848153466986297	66.42986325146087	36.08581635782571	111.58571169337752	326.4799038493479	235.83460020209105	209.18847256021465	80.12503862000436	91.6560974395931	91.08569702772508	47.443973071701336	69.51039566305207	80.32588974340474	122.24890164306528	15.42702255600887
K11478	JARID2, JMJ; protein Jumonji	10.76877389817844	160.1778418679133	4.396148587031113	18.90104213371619	0.8494427869557608	3.452196312901263	22.76739225153428	25.073264404273623	35.601371172880825	10.765221984963889	1.643523687564261	2.84977583634449	3.73338409708594	65.73104372022979	2.36295920696351
K11485	MTF2, PCL2; polycomb-like protein 2	0.0	7.910261023838366e-05	0.2771522700113486	0.0	0.7326612058975084	0.0	1.1724327889123611	0.0	0.0	0.0	0.0	0.0	0.0	0.0	0.0
K11493	RCC1; regulator of chromosome condensation	2.234986401510737	1.596768932676026	0.0272570725948338	2.07940824966428	1.120674629122263	0.9244949274080432	2.5792773786440626	16.099535083306186	0.1257723455302719	0.0920031974389229	15.7570659292482	3.964682091619215	4.470645322276278	0.0036331443306544	0.0012883977727308
K11494	RCBTB; RCC1 and BTB domain-containing protein	0.0004178600299504	0.0018533322001099	0.0004456677087112	0.0087320203565863	0.0043696788451175	0.0053002263551835	0.0056171595763802	0.0012086941249924	0.0011336547840244	0.0016146049726121	0.0007798564195331	0.000807664098294	3.984309385522869	0.0057564377863346	0.0
K11498	CENPE; centromeric protein E	4.234277488372205	4.459807621684165	2.3872403744667983	1.1094954579961605	0.4206798556462121	0.0143145880071271	0.4445413941946134	6.156782549780979	5.838357359175036	1.5617354829247003	0.0009584010253835	0.1118388952832283	0.0015518712560014	0.182390385513828	0.0
K11517	HAO; (S)-2-hydroxy-acid oxidase [EC:1.1.3.15]	0.0	0.0	0.0	0.0	0.0	0.0	0.0	7.038794456689616	0.0	0.0	0.0	0.0	0.0	0.0	0.328512947474014
K11520	manS; two-component system, OmpR family, manganese sensing sensor histidine kinase [EC:2.7.13.3]	3.2397203421794423	9.1004760536801	0.6145983718910414	11.70208545332866	5.646763922722932	17.03542428555034	144.74879513607812	13.078394298986426	8.779510434590057	6.576585594863044	7.866740148245693	16.425911545115046	14.790711941522588	46.28497570957657	1.7309704420868834
K11521	K11521, manR; two-component system, OmpR family, manganese sensing response regulator	31.32146530337259	87.97502096942267	5.93761795935243	113.0506401212199	54.55001061225797	164.66135250088328	1423.8186300235022	123.86376359733848	84.87988288879956	63.573149147461145	76.05802663362358	158.8202985232142	143.00346604398405	447.4834873883765	16.73755593442166
K11522	pixG; two-component system, chemotaxis family, response regulator PixG	1.735627038138996	4.874988978365503	0.3290227851665541	6.264504533522218	3.022793732691724	9.124431752358	77.5552790687633	6.861630428785529	4.703477894746747	3.5227996236898647	4.214629664380006	8.800765022143347	7.924300647271571	24.796555358069405	0.9274841773882256
K11523	pixH; two-component system, chemotaxis family, response regulator PixH	1.341168525496231	3.7670430549038456	0.2542452923006094	4.840761363799169	2.335798950044206	7.050708712409989	59.92917659581429	5.302177577587021	3.634511547806638	2.722167765943988	3.25676457457707	6.800602196565655	6.1233331707517005	19.16100570928321	0.7167777798355022
K11524	pixI; positive phototaxis protein PixI	1.320121945082381	3.707927907873286	0.2502554924450942	4.7647966573729255	2.29914391415713	6.940063923877201	58.98872488495042	5.21897199630937	3.577476180437216	2.67944955291052	3.205657084202245	6.693882259233638	6.027241425733049	18.86031743647911	0.7054466134612158
K11525	pixJ; methyl-accepting chemotaxis protein PixJ	2.3266664150778382	6.535086675072461	0.4410661088013576	8.397779007221109	4.052156657517097	12.23160762559003	103.965459834482	9.198246351617916	6.30517029943381	4.722431369977111	5.649852806290768	11.797721488579882	10.622791517903174	33.24061638443902	1.2455082960478243
K11526	pixL; two-component system, chemotaxis family, sensor histidine kinase and response regulator PixL	1.0960264423923798	3.078493656326703	0.2077737121903781	3.955955090783407	1.9088558706025216	5.761962825326828	48.97517423883177	4.3330325136769545	2.970186584197264	2.224603243651938	2.6614851322003155	5.557571393848375	5.004095267027721	15.658709939107329	0.5856944844602212
K11527	K11527; two-component system, sensor histidine kinase and response regulator [EC:2.7.13.3]	3020.506550979462	634.6461166150358	13137.2293152794	524.7195598082515	308.2187283304636	139.82583638390938	1010.9201187121135	2936.018306996481	1596.4091533981664	341.31797301245786	60.85500985411939	1814.860231465543	189.8521816907177	687.446747449413	58.35863135413275
K11528	glmU; UDP-N-acetylglucosamine pyrophosphorylase [EC:2.7.7.23]	1753.128434217363	1350.22917068498	599.2329189014645	966.9214161806004	274.4734028484002	333.4898144132071	253.1934420959612	3665.976828203468	788.0070233520565	307.68372235975306	56.217316015053065	74.8523287208149	927.334461661602	36.717028766626825	75.71004837906169
K11529	gck, gckA, GLYCTK; glycerate 2-kinase [EC:2.7.1.165]	189.3453936098441	185.60542114389983	82.21526642429546	179.18066249266587	96.76397218970618	112.4995645222018	29.12133256897217	260.49905777568705	31.63033026753118	14.945475316885307	22.491283285834943	67.46127053390244	85.02076537493186	4.433369649450939	6.463060707108299
K11530	lsrG; (4S)-4-hydroxy-5-phosphonooxypentane-2,3-dione isomerase [EC:5.3.1.32]	14.588809544939997	58.62000575835175	39.49017556710099	75.5160065758226	157.0809486289205	159.26305432468962	111.07082064697796	72.21666103190552	73.30804571634143	74.76776390349971	32.63055917096467	26.92908028222879	74.6182839018089	106.1108896734587	15.526435032712437
K11531	lsrR; lsr operon transcriptional repressor	425.7109715252267	433.6702156659687	178.9154505237377	209.9798401716117	220.03769138785336	254.37173744248537	194.7012946844528	554.3232850002221	193.59415738629065	168.62004777107074	40.296240010032434	102.35922335770974	108.08074853002896	164.91749638551957	40.76623878476424
K11532	glpX-SEBP; fructose-1,6-bisphosphatase II / sedoheptulose-1,7-bisphosphatase [EC:3.1.3.11 3.1.3.37]	10.546727512622892	9.006981878675994	39.25789927460723	17.574237206016477	26.03488408777043	25.85821071830588	169.79037383838724	12.677481160370611	8.690099680787588	6.508690073678824	7.786908479355922	19.21441509433226	14.640860245613505	52.8589161050864	1.7138486748624653
K11533	fas; fatty acid synthase, bacteria type [EC:2.3.1.-]	0.8850203542510577	3.1349458842951456	0.167773292006904	3.194357946514753	1.5413645451174678	4.652674592157835	39.546514917786034	3.4988407413466938	2.398368763074908	1.7963244996784928	24.94909825477604	4.48763242702714	4.040711058269728	12.644108281889457	0.4729370753030657
K11534	deoR; DeoR family transcriptional regulator, deoxyribose operon repressor	5333.570264861879	3064.0606061869767	1632.8579647604424	3222.8274186778767	8271.5321092718	7456.172873668611	3254.089009733044	9375.109588524345	2613.698614668282	1673.0563374639326	301.7357756929953	1021.6521314413764	890.156265774819	772.8958753245633	273.5103758736889
K11535	nupC; nucleoside transport protein	584.4044374540526	4592.002460684382	13656.778533138702	113.14717188216588	441.424909685624	327.33481998205286	1434.639110860309	6997.084516770459	230.09538722914837	221.269078585836	97.98372209465067	177.6618383970028	94.96915007602796	164.76874950104454	15.50002200353846
K11536	SLC28A; pyrimidine nucleoside transport protein	1.258167009481678e-14	5.580340938722792e-14	1.3418952953176544e-14	2.629191392170768e-13	1.3157003232897962e-13	1.5958860539180994e-13	1.69131392318947e-13	3.6393504131040585e-14	3.4134086707688884e-14	4.8615387074148863e-14	2.3481298733107256e-14	2.4318581591467015e-14	3.802161265730133e-14	1.7332502742027755e-13	0.0
K11537	xapB; MFS transporter, NHS family, xanthosine permease	16339.376423359448	11494.231710259131	45235.74555923727	11848.252248284803	1519.9752059998632	1443.4745884614226	673.8649135253307	22910.34164387363	12477.513935852636	3655.353448572936	33.805764988209624	1031.608530136078	181.7414797224383	420.08158176076574	678.9384064117567
K11539	CBR4; carbonyl reductase 4 [EC:1.1.1.-]	0.0	0.0066044234929489	0.0	0.0	0.0	0.0	0.0	0.0	0.0	0.0	0.0	0.0	0.0	0.0	0.0
K11593	ELF2C, AGO; eukaryotic translation initiation factor 2C	0.0028663502327891	0.012713106788057	0.0030570996243948	0.0598981160863581	0.0299742236088046	0.0363574019003853	0.0385314351824474	0.0082911511947048	0.0077764117675393	0.011075534885828	0.005349498562799	0.0055402479544047	0.00866206612238	0.0394868271819469	0.0
K11594	DDX3X, bel; ATP-dependent RNA helicase DDX3X [EC:3.6.4.13]	0.0	0.0581354429320659	4.0547032878400994e-19	0.0	1.0718742445457424e-18	0.0	1.715254608515323e-18	0.0	0.0	0.0	0.0	0.0	0.0	0.0	0.0002429314960433
K11600	RRP41, EXOSC4, SKI6; exosome complex component RRP41	0.0062023648055531	0.0275093130793542	0.0066151187014199	0.1296108065074707	0.0648598578732653	0.0786721268902197	0.0833764199058828	0.0179408447318625	0.0168270234769029	0.0239658457676725	0.0115755364748848	0.0119882904911772	0.0187434506783462	0.0854437480966925	0.0001901922069225
K11601	mntC; manganese transport system substrate-binding protein	1.025560412111804	2.9501311389237097	0.1944154681476924	3.701617749608264	1.7861311895396077	5.391513143438889	51.69752360909308	4.054452008220342	2.779226540090885	2.081578446561026	2.490372205848317	5.200262501491211	4.682370612425799	14.651975898717389	0.5480388552884887
K11602	mntB; manganese transport system permease protein	1.0127832659297673	2.914242987008528	0.1919933047848751	3.655500416549951	1.7638783226782038	5.324341916115239	51.12658577736127	4.003938820127984	2.744600999404683	2.055644691916265	2.459345413719824	5.135474007920469	4.624034376854614	14.469431374082228	0.5412110053785674
K11603	mntA; manganese transport system ATP-binding protein	601.243608118817	316.35101957309604	138.30968585490922	188.44977557662563	55.50044615741783	78.53822854271814	113.23364225898862	915.8699809088793	288.23151748218544	82.44653144524983	14.337575368453882	23.32005352557897	76.93334806132543	29.20669963569039	30.41384868889935
K11604	sitA; manganese/iron transport system substrate-binding protein	17.961069456281194	61.215287404076165	32.523547909690286	65.14419669427363	136.55437842309715	142.62315062577798	122.6108835767202	75.63760998753227	66.24957273004355	64.90175218927735	30.15939952852812	41.25102019851451	69.77618010981436	77.39588771870629	13.521622493212323
K11605	sitC; manganese/iron transport system permease protein	17.961331558155976	61.21591278684856	32.52483553333935	65.14590276548103	136.55779068596047	142.62984169159182	122.61204243798326	75.63871368213624	66.25002345852516	64.90331576667882	30.15956502850857	41.25195827269073	69.77802421813227	77.39601190390223	13.521847857459912
K11606	sitD; manganese/iron transport system permease protein	17.96106945627796	61.21528740405874	32.523547909683124	65.14419669424933	136.55437842304588	142.6231506257262	122.61088357669266	75.6376099875093	66.24957273001986	64.90175218925305	30.159399528517586	41.25102019850601	69.77618010979019	77.39588771868338	13.521622493207266
K11607	sitB; manganese/iron transport system ATP-binding protein	21.96529898919443	70.50898554497054	46.9384097038896	65.14830801982647	137.08942726889916	142.63334501399405	123.15574058571312	86.67317670149603	66.25182935722749	64.90466834437032	30.16118323410256	41.25533732335959	69.78106675060988	77.40553253271017	13.522203964687098
K11608	mtfabH; beta-ketoacyl-[acyl-carrier-protein] synthase III [EC:2.3.1.180]	0.0	0.5538241282410082	2.624890112429936e-07	0.0	6.938983956518252e-07	0.0	1.1104030412519064e-06	0.0	0.0	0.0	0.0	0.0	0.0	0.0	0.0
K11609	kas; beta-ketoacyl ACP synthase [EC:2.3.1.-]	0.0	0.53392814583272	2.4177811936511173e-22	0.0	6.39148466965185e-22	0.0	1.0227900885445262e-21	0.0	0.0	0.0	0.0	0.0	0.0	0.0	0.0
K11610	mabA; beta-ketoacyl ACP reductase [EC:1.1.1.100]	0.0	0.4628414678659827	1.0370623486642437e-07	0.0	2.7415086693395464e-07	0.0	4.387068168955049e-07	0.0	0.0	0.0	0.0	0.0	0.0	0.0	0.0
K11611	inhA; enoyl ACP reductase [EC:1.3.1.9]	0.0	0.4628407845049532	0.0	0.0	0.0	0.0	0.0	0.0	0.0	0.0	0.0	0.0	0.0	0.0	0.0
K11614	yufL, malK; two-component system, CitB family, sensor histidine kinase MalK [EC:2.7.13.3]	6174.030952394618	3701.921838159693	2486.1903932708883	1961.1214140429736	3023.42289098553	2093.652441561182	833.5730524856559	5841.667800669814	1529.9582425753806	1198.184870960526	370.2964710764256	284.0856255395524	372.62920419778186	1009.1211690945177	143.48973928881176
K11615	malR; two-component system, CitB family, response regulator MalR	10155.911621341587	10463.955943189658	6115.438884835063	13991.5399349798	62443.32937183222	27110.823853262475	9228.58082780146	11190.2429916067	6492.524205965635	4167.017162778239	4700.837188827116	1993.6714432120168	1604.688185064489	33870.55676136993	388.7128388330052
K11616	maeN; malate:Na+ symporter	106.98452345725003	24.684861947908374	6.498058235156851	3.168179201980569	3.2826917094075085	2.9335351447865623	70.30360334421964	137.0004673330803	20.20399478764082	8.524534845024268	19.853313820876743	2.982360627455168	2.480106195630035	3.675615497080321	0.0800220035384622
K11617	liaS; two-component system, NarL family, sensor histidine kinase LiaS [EC:2.7.13.3]	52.440870592212825	69.76964806032285	16.435997378539803	51.17682204808861	37.40602019524208	35.3179098066834	104.28946677739836	137.15721348660836	13.767718759964875	7.591162452756375	32.68983764399575	44.78768322917474	13.806568921761702	74.75593466757965	0.0005516730983111
K11618	liaR; two-component system, NarL family, response regulator LiaR	3815.369005656045	3136.6912445597045	1530.6616362429545	2548.514610258412	1121.0780541058411	1320.1153888701365	2012.078895602169	3821.993270891882	1951.2862953090453	1331.8844606665098	164.68647526417658	312.2106835863913	395.6391207333361	385.7768690907819	108.08864585644588
K11619	liaI; lia operon protein LiaI	0.1676761915054085	0.7436932528474312	0.1788346784029758	3.503929097295388	1.753436687729972	2.12684082145677	12.174017750769924	0.4850170225607155	0.4549057173275056	0.6478983228556234	0.3129357798683828	0.3240942667659501	0.506714860366315	2.30990641714373	0.0
K11620	liaH; lia operon protein LiaH	0.0202329475056878	0.0897390763119223	0.0215794062820616	0.422807870650755	0.2115815736203871	0.2566390511803866	0.2719850827882475	0.0585254463900415	0.0548920118956063	0.0781798097730427	0.0377609555052676	0.0391074142816414	0.0611436547914012	0.2787289886627287	0.0
K11621	liaG; lia operon protein LiaG	71.74472484030476	92.08586062332488	104.60696204459086	91.7469588481832	20.213266470176727	21.899695798622965	58.97233281120506	100.96654291699332	30.834112623606018	28.14903409757237	10.300044786404428	181.3475598971131	60.509251764668	20.640300934352865	1.432695886336477
K11622	liaF; lia operon protein LiaF	2.705175521238293	10.532044949730397	2.8851990853373364	49.03681618054081	26.82257014744288	33.824292392754295	42.13056850045656	3.0197497049244206	2.289586619595382	7.1938236193429095	5.048696561027618	5.22872012512666	8.1749986339976	37.26648512175272	1.1489184504630737e-07
K11623	ydfH; two-component system, NarL family, sensor histidine kinase YdfH [EC:2.7.13.3]	55.8715142838504	36.195799565385215	32.35999093619433	16.98158709434803	68.28348581169283	40.78788096458058	6.294022841955866	22.60099021453467	249.1236308081096	124.3603010206518	0.0541937186813352	1.4545114289496257	14.763118660384196	0.505509827318553	0.0
K11624	ydfI; two-component system, NarL family, response regulator YdfI	54.37050826872139	34.56076788052319	26.212001162841062	17.030112295714886	68.25849898222069	40.82122398549105	6.295317388890589	93.32416139580566	261.9377707638654	130.77898050364814	0.0560837553243646	6.162079115916675	14.766179063557214	0.504687687341395	3.341956668823831e-05
K11625	ydfJ; membrane protein YdfJ	0.028704452000393	0.0387170103749898	0.005586858679509	0.1259580300241713	0.0573919281683918	0.0713641792258555	0.0795744445677969	0.0209568439908463	0.0313322698673056	0.0272051008744563	0.0097762245751186	0.0101248196570713	0.0158299516679572	0.0721622944202886	0.0
K11626	glnT; putative sodium/glutamine symporter	13.250218332801	0.0392539042415207	0.0093104136859045	0.1821363467535678	0.091144714499371	0.1105544411883337	0.1171651957922945	0.0252125242221391	1.7661275550582187	0.0336782518655466	0.0162665788188751	0.0168466032785102	0.0263393250152177	0.1200702767371244	0.0
K11628	mas; mycocerosic acid synthase [EC:2.3.1.111]	0.0	0.0067866905560795	9.306986572422388e-20	0.0	2.4603327279779057e-19	0.0	3.937119556346505e-19	0.0	0.0	0.0	0.0	0.0	0.0	0.0	0.0
K11629	bceS; two-component system, OmpR family, bacitracin resistance sensor histidine kinase BceS [EC:2.7.13.3]	0.1433274580855487	1.3625593207980278	5.757097252169621	3.34224858605441	0.4617787253733731	0.6827233349810904	6.061450812598023	0.1277323236303632	1.7764405629033944	0.1706281520133739	36.26241363179096	0.0853522904221597	0.1334465874845079	0.6083285746811475	0.0
K11630	bceR; two-component system, OmpR family, bacitracin resistance response regulator BceR	124.4503549818536	15.249703893061945	75.85648449497725	35.71043363111853	12.617617842294733	16.67763964891462	116.90966121993957	98.22944322749	29.373128887275847	18.643396191670902	59.588413372895104	541.0972079152713	157.5552326272026	0.6594340571056805	0.0
K11631	bceA, vraD; bacitracin transport system ATP-binding protein	108.10501509419076	15.417825232826257	21.39470958259161	22.925458005395846	7.867877213229187	6.475909923341105	6.211105116186024	33.69242360847353	5.120496095185134	0.2527462128205108	40.49624693553355	0.1318339683681609	25.827425642866068	0.7117156001773628	0.9062170337494782
K11632	bceB, vraE; bacitracin transport system permease protein	0.2273923651673378	2.549922995133289	5.7664466159687775	5.887721303177122	3.88344908659898	0.8869915343014146	60.15486623579409	0.1530927059824384	3.4285909820111664	0.2045046647323459	53.258773716299686	0.1022957335634729	20.15993731967532	0.729089020187249	0.0
K11633	yxdK; two-component system, OmpR family, sensor histidine kinase YxdK [EC:2.7.13.3]	2.171842972094625e-05	9.63276270822734e-05	2.3163744117111423e-05	0.0004538499900526	0.0002271156753423	0.0002754812266054	0.000291953948085	6.28223245254695e-05	5.8922127004032267e-05	8.391969107197277e-05	4.053332605673927e-05	4.197864045290443e-05	6.563275909728618e-05	0.000299192984599	0.0
K11634	yxdJ; two-component system, OmpR family, response regulator YxdJ	0.0398779670771344	0.1768705192208536	0.0425317593009247	0.8333298122294952	0.4170150209004479	0.5058206981855432	0.5360668372145152	0.1153502634087573	0.1081889745700807	0.1540878747078046	0.0744246551332615	0.0770784473570518	0.1205106004481911	0.5493586848980163	0.0
K11635	yxdL; putative ABC transport system ATP-binding protein	1374.467133366518	1845.2075532653405	597.5883677973151	376.0999874739689	2450.456597041922	2505.9030013964257	234.7512954465923	771.9585419568994	319.3088115282178	246.3383489360309	214.6393575049384	45.8465230093059	119.07847933662111	399.3216020433564	16.057262378897867
K11636	yxdM; putative ABC transport system permease protein	101.64417913639768	1631.5682571543814	467.1009567738639	452.22948174096376	2429.9287593748227	2487.1178633759773	71.08591416955028	345.5671372584229	67.1004952326251	137.65252434718417	205.3529707137033	40.39573467542154	100.18624445329058	327.8831582668587	21.236082776694037
K11637	citS; two-component system, CitB family, sensor histidine kinase CitS [EC:2.7.13.3]	0.3281881920868449	0.7645339631507257	5.166935445534022	2.653643125850183	1.5786772416602386	1.772967095024972	1.7071238733233876	0.6083280008045325	0.3448162880637337	0.4923135629155964	32.107868076546886	0.246471739637102	0.38584908290882	1.7480562830330548	0.0002958383358363
K11638	K11638, citT; two-component system, CitB family, response regulator CitT	0.0884466026337896	0.3922867106264492	5.124254498298988	1.848268509339696	0.9249107853106192	1.121875701683277	1.1889595686900218	0.2558389922857232	0.2399557435976675	0.3417563638237922	32.035922861926224	0.1709547227378002	0.2672842667828011	1.2184399774595445	0.0
K11639	citM; Mg2+/citrate complex secondary transporter	1.9165226985058025e-06	8.500342159559027e-06	2.0440631276398786e-06	4.004957166924292e-05	2.0041612242361355e-05	2.43095854804118e-05	2.576320551773873e-05	5.543697793668765e-06	5.199528478735215e-06	7.40541534804953e-06	3.5768257849118997e-06	3.704366214045976e-06	5.791701987284915e-06	2.640200758458529e-05	0.0
K11640	natK; two-component system, LytTR family, sensor histidine kinase NatK [EC:2.7.13.3]	0.0919012626469657	0.4076091444175214	0.0980170923655992	1.92046053393634	0.9610371283313642	1.1656953511774044	1.2353994652708224	0.2658318773727865	0.2493282405354069	0.3551051189957558	0.1715162602341766	0.1776320899528101	0.2777241959729457	1.2660313573796198	0.0
K11641	natR; two-component system, LytTR family, response regulator NatR	54.61451498605616	71.34010203510282	9.660273446420756	56.03286582686695	92.75380174243688	105.46815157371938	7.933485599165722	70.81115823705294	1.528489961595303	11.352492007213636	7.952661329260765	2.5524763747799124	63.49208020860394	3.300184632991445	0.1087473172281609
K11643	CHD4, MI2B; chromodomain-helicase-DNA-binding protein 4 [EC:3.6.4.12]	1.60848077935546e-05	4.844803183535134e-05	6.11323813486929e-05	2.2714425001806497e-05	3.38829812470296e-05	2.2101883910032316e-05	0.0003174690752548	1.6186179410330044e-05	3.1560408772791484e-05	4.041660466226545e-05	8.477487729684747e-07	8.779773188368188e-07	4.684279740443352e-05	6.257578892478219e-06	0.0
K11644	SIN3A; paired amphipathic helix protein Sin3a	0.0001280387006166	0.000567889316289	0.0001365593984592	0.0026756245155777	0.0013389363933833	0.0016240703748868	0.0017211835585265	0.0003703623560869	0.0003473691549573	0.0004947396445813	0.0002389599278888	0.0002474806257314	0.0003869309752443	0.0017638605310737	0.0
K11645	fbaB; fructose-bisphosphate aldolase, class I [EC:4.1.2.13]	5185.100585028918	2262.672838873138	10977.969966539058	1488.8900717696438	866.7618256304138	924.3692499628296	1545.480811160619	6179.137934067207	2080.155020827196	447.8073507249144	127.11988162867232	876.4979668088107	590.7573330836888	612.7020762960469	101.59841857430492
K11646	K11646; 3-dehydroquinate synthase II [EC:1.4.1.24]	74.77226553596356	180.0213222901562	21.87288272329467	380.7224029433178	164.4991978861543	192.7026896857334	21.14400211763996	422.7773859928151	37.02592470586088	29.43211409046577	14.535749706758768	36.213851701086654	179.99550158209053	14.238811874578513	0.0951911049121853
K11647	SMARCA2_4; SWI/SNF-related matrix-associated actin-dependent regulator of chromatin subfamily A member 2/4 [EC:3.6.4.-]	105.29836504993838	0.8267058331097353	0.3317426140616884	2.857026856851402	35.043597178679754	15.700606327246522	224.78649985810392	17.900159021265058	47.56610996879155	15.949394809862376	1.251522739765894	166.96606524092292	1.0498163667974016	228.19182514063988	22.359767653321654
K11648	SMARCB1, SNF5, INI1; SWI/SNF-related matrix-associated actin-dependent regulator of chromatin subfamily B member 1	1.132671135877446e-69	1.0330894382870736e-26	3.619641400999901e-23	5.171599476054538e-81	9.568641937028128e-23	3.139095732955117e-81	1.5312110784671505e-22	3.062729908816263e-69	6.71414889987662e-82	9.562609670392803e-82	1.0480475989029378e-70	4.7834465072161497e-82	7.478822298094479e-82	3.4092901097389003e-81	0.0
K11651	SMARCE1; SWI/SNF-related matrix-associated actin-dependent regulator of chromatin subfamily E, member 1	31.127452068905093	70.80450692172896	74.49055755443536	65.70072673544487	15.206951365174602	15.748130296637278	15.47525103440719	51.88442311774397	12.693688475557096	15.485874183252118	2.155722323958273	1.4409433069615578	7.344233316224129	1.7963244147482105	6.359360721494642
K11653	ARID1; AT-rich interactive domain-containing protein 1	0.0002739291506505	0.001214956394632	0.0002921585415589	0.00572429700928	0.0028645535080675	0.0034745761730387	0.0036823425108072	0.0007923623494086	0.0007431701284173	0.0010584581847568	0.0005112367570964	0.0005294661479894	0.000827809661443	0.0037736466772626	0.0
K11657	RSF1; remodeling and spacing factor 1	1.2895795134872818e-10	5.71966463801648e-10	1.3753982333390798e-10	2.694834096609575e-09	1.348549254603407e-09	1.6357303485812074e-09	1.7335407539571996e-09	3.7302136360052254e-10	3.498630833435086e-10	4.982916158078595e-10	2.4067553487008627e-10	2.4925740685526607e-10	3.8970893675557427e-10	1.7765241247892235e-09	0.0
K11661	SRCAP; helicase SRCAP [EC:3.6.4.-]	0.0	1.557235615056548e-17	5.4560953722613877e-14	0.0	1.44233688389749e-13	0.0	2.3080832473824984e-13	0.0	0.0	0.0	0.0	0.0	0.0	0.0	0.0
K11671	NFRKB, INO80G; nuclear factor related to kappa-B-binding protein	0.0	0.0	0.0	0.0	0.0	0.0	0.0	0.0	0.0	0.0	0.0	0.0	0.0	0.0	1.0477228197714216e-07
K11685	stpA; DNA-binding protein StpA	9.850000000025808	53.110000000139145	21.84000000005722	74.10000000019413	156.3400000004096	157.84000000041354	83.96728191307034	70.03000000018348	75.11000000018907	74.10000000019413	32.12000000008415	25.91000000006788	73.67000000019301	69.82000000018292	15.4200000000404
K11686	racA; chromosome-anchoring protein RacA	0.0397322248979589	0.1762241097674004	0.0423763182958028	0.8302842381516755	0.4154909542955131	0.5039720730868001	10.454107671420324	0.1149286923009534	0.1077935758556446	0.1535247290840317	0.0741526550234634	0.0767967484213074	0.1200701698342359	0.5473509413304678	0.0
K11687	ADPRHL2; poly(ADP-ribose) glycohydrolase ARH3 [EC:3.2.1.143]	0.0207480812349877	0.1031168234521955	0.022128821043852	0.4335726193421889	0.2169684706624307	0.2631731180276104	0.2789098617889977	0.0600155126025592	0.0562895703476626	0.0801702788805734	0.0387223548182391	0.0401030946271034	0.0627003809632486	0.2858254684689186	5.1686483588829245e-05
K11688	dctP; C4-dicarboxylate-binding protein DctP	1385.4506260168357	665.5218746426694	448.2913987917744	582.9370021613416	514.2915771663047	609.010394515066	1096.0770210276448	1327.801430807138	291.290122613486	258.8577825666188	62.66196843971805	670.9016071372585	221.9528178981757	358.9540528125704	104.20972568092655
K11689	dctQ; C4-dicarboxylate transporter, DctQ subunit	1042.6975187521398	569.2298787948607	910.7642556162252	1513.5724617324286	1178.2548847523394	881.198516942091	561.5491606935121	922.1326664382416	214.6994458261297	334.9681620247324	82.90736849289162	609.5658779928078	280.20630136942543	146.9619752000944	33.69681300382681
K11690	dctM; C4-dicarboxylate transporter, DctM subunit	14995.633348391284	11227.605696161158	8230.275031242905	11168.867145124505	6618.645784930019	7058.375909789389	8932.841349412287	16889.900351631535	4574.845683951304	2692.504804118918	713.5651051208488	6656.431113675251	2637.465736102118	2129.5168997705077	419.38448874682615
K11691	K11691, dctS; two-component system, CitB family, sensor histidine kinase DctS [EC:2.7.13.3]	7631.683592428722	5062.426323148309	3478.138223640176	3756.783959898296	1851.7889912254573	2047.163946196616	2347.297866896146	7462.845686014993	2311.78582644361	762.2426859814218	141.4315301926915	806.6583187713845	949.8873513830264	382.9417253825157	188.2272357132789
K11692	K11692, dctR; two-component system, CitB family, response regulator DctR	8199.35417359367	5754.186530355134	3648.017429377489	4704.774805611727	2244.825785583113	2546.42475294836	3821.0630166503297	9363.79099534638	3580.460887141209	1477.4180075826123	270.41258872124695	1106.4990448853375	1130.2592637937894	510.8103396661464	230.1178911037428
K11693	femX, fmhB; peptidoglycan pentaglycine glycine transferase (the first glycine) [EC:2.3.2.16]	22.343556511631345	16.88359842538951	13.47848928301688	31.687342215777814	22.59756125023611	19.081434789268958	59.45681215125938	31.21225838815506	50.71536122488892	9.73513978607028	53.87437174434015	4.22676065033017	29.445158743890936	17.6741771967433	0.0085999637472942
K11694	femA; peptidoglycan pentaglycine glycine transferase (the second and third glycine) [EC:2.3.2.17]	20.3720402831682	57.701574092438506	108.1395133685846	283.0470583668005	260.26924620579166	168.81947257939356	375.1473491859828	64.67652666632202	37.41554437989295	73.54136085247832	88.0471869590084	94.32112807303908	79.48717510835	83.70167427988615	0.3203602020997421
K11695	femB; peptidoglycan pentaglycine glycine transferase (the fourth and fifth glycine) [EC:2.3.2.18]	14.40017660855637	38.35488526021778	56.56271035491309	292.5286591780731	305.6475998166288	198.54803777605267	257.9330818815112	24.545141598677432	14.650232117878453	74.8135516620875	93.18741091710676	70.76377280998106	59.27769276011407	107.41897529720733	0.4225758840353336
K11699	RDR, RDRP; RNA-dependent RNA polymerase [EC:2.7.7.48]	0.0	0.0	0.0	0.0	0.0	0.0	0.0	0.0	0.0	0.0	0.0	0.0	0.0	0.0	1.0477228197714216e-07
K11703	GLT25D; collagen beta-1,O-galactosyltransferase [EC:2.4.1.50]	0.0	0.0021714254102836	0.0	0.0	0.0	0.0	0.0	0.0	0.0	0.0	0.0	0.0	0.0	0.0	0.0
K11704	mtsA; iron/zinc/manganese/copper transport system substrate-binding protein	10.368945658403344	267.922352569353	124.8866479332093	417.814549699738	2617.720764561663	1490.1378318606432	205.55163522674684	79.90005705909553	125.29359512113317	838.7839404387856	286.29108270433545	97.6555345088436	25.749283442770743	1041.28363977158	5.05017833603757
K11705	mtsC; iron/zinc/manganese/copper transport system permease protein	42.83708194596548	681.975150838246	3079.654856539954	3392.85662264352	2770.2886582668075	1837.5592204834848	195.75339494536843	440.6500532852576	2310.585405271592	1122.1509763998456	284.2567733164024	101.76115214187168	112.15727115834792	1436.0101785441334	18.062575513901525
K11706	mtsB; iron/zinc/manganese/copper transport system ATP-binding protein	34.38773929458004	700.0387121165196	3095.2345168366755	3425.9667085604237	2872.0250971560235	1895.2966969686092	211.141736123568	470.5842733810592	2327.0516166884	1158.1874003723624	294.1625627431055	123.5700555412271	116.870185407888	1474.325228814722	18.24995236007266
K11707	troA, mntA, znuA; manganese/zinc/iron transport system substrate-binding protein	282.4572631593737	2027.6676860140296	1298.611646177604	1594.947532338928	1684.7039107571304	870.2975721650386	261.5814214774965	321.64070431613675	322.4614553413908	482.5365871294114	203.14239398890567	148.24306617892518	105.82558725845747	292.51142348622693	6.914672144535866
K11708	troC, mntC, znuB; manganese/zinc/iron transport system permease protein	231.3242551808092	2022.1116001864168	1262.5925139353817	1587.5992424501262	1605.19904361036	814.2978569528736	236.10725948457127	299.87120268442266	301.6460137722788	468.1532731224217	189.7342925752101	147.4487900231573	102.52037452023508	284.09984144067323	6.873793328477435
K11709	troD, mntD, znuB; manganese/zinc/iron transport system permease protein	731.5824236047108	834.7014155164688	959.2468310794908	2126.3967348135475	1755.230218610298	982.7367689482746	350.5617022402545	1916.7746122942408	497.5238087530397	600.1955972800777	205.06274833859635	178.58787532894746	811.0788578722056	290.601615176178	17.849992218392202
K11710	troB, mntB, znuC; manganese/zinc/iron transport system ATP- binding protein	312.03774561343323	2437.1188855738424	4251.442356676626	4571.201863302817	1822.827429393281	1211.5155935740545	272.0907622059825	679.0365890514454	2507.422166397269	758.8357740181341	191.77314423551172	155.4364755239976	193.84761682070223	696.6702391777878	20.2646084901666
K11711	dctS; two-component system, LuxR family, sensor histidine kinase DctS [EC:2.7.13.3]	1.043144111983832	0.0	20.74285012645437	37.5	147.64	7.14	415.55	61.0	177.36	101.55	15.0	739.8632372341455	44.0	367.5977199899204	51.0
K11712	dctR; two-component system, LuxR family, response regulator DctR	562.0040909271778	515.9786822793822	2899.857490887878	349.5627731965557	145.67950371539413	7.192688188756049	475.9168099027109	2085.856054134829	587.6716369806742	97.5581820941196	15.007752352349026	850.5996082898484	44.01255283796471	364.4987085908325	51.0
K11717	sufS; cysteine desulfurase / selenocysteine lyase [EC:2.8.1.7 4.4.1.16]	22912.67480153687	27335.38505785125	98261.84917444526	17636.715027839833	8223.074073125868	6041.602099319843	6049.855800486804	44280.02397536542	20176.833117527425	7223.16175714824	883.8531267207898	2785.8981479484983	2441.2581765026493	4657.595932700959	755.3553598934752
K11719	lptC; lipopolysaccharide export system protein LptC	29.9812082226224	88.52249184222345	88.82615153190852	138.7342347745204	446.3427759146022	351.9584906496776	738.111129129746	159.6810790696362	259.6729410875636	197.98308343909363	64.62728474757154	946.4370161784732	139.15580389734455	712.0922377029931	66.6131218371869
K11720	lptG; lipopolysaccharide export system permease protein	17890.591281340607	11304.608064644364	74915.24376964036	13084.894329558818	2599.512857817946	2733.834885148941	3091.7274582346413	28063.008341971414	18316.539215416524	4211.804085023181	228.9374765180886	2506.616831207766	723.2859384196004	2197.388165351465	637.3077395830379
K11721	BRD3; bromodomain-containing protein 3	0.0	1.2083506642831255e-16	4.2337051655633553e-13	0.0	1.1191939838303129e-12	0.0	1.7909774848644982e-12	0.0	0.0	0.0	0.0	0.0	0.0	0.0	0.0
K11725	LHPP; phospholysine phosphohistidine inorganic pyrophosphate phosphatase [EC:3.6.1.1 3.1.3.-]	0.0004710583330533	0.0013230977228059	8.92985193888813e-05	0.0017002195737455	0.000820402163366	0.00247641890618	0.021048911819667	0.0018622826913767	0.0012765487100432	0.0009561063995612	0.0011438727217966	0.0023885740483566	0.0021506969939346	0.0067299159184344	0.0002517240979388
K11728	BPTF, E(bx); nucleosome-remodeling factor subunit BPTF	0.0	6.541060799213527e-15	2.29179523067698e-11	0.0	6.058436603493089e-11	0.0	9.694944493179275e-11	0.0	0.0	0.0	0.0	0.0	0.0	0.0	0.0
K11731	atuD; citronellyl-CoA dehydrogenase [EC:1.3.99.-]	5.737029187533558	6.483878562926509	6.291088413105515	4.913108814006543	71.42067851504505	32.28334229556086	313.5190605977128	60.961328164752906	166.78412721492995	76.22588842092668	15.033710201693433	723.3750400139877	45.02583461031035	287.91003546362697	0.169318987658874
K11732	pheP; phenylalanine-specific permease	9.85	53.11000000000001	21.84	74.1	156.34	157.84	83.95	70.03	73.76745262944574	74.1	32.12	25.91	73.67	69.82	15.42
K11733	lysP; lysine-specific permease	948.3845209970444	5697.310510409136	15138.527303074516	594.1731305711035	3130.4987945044118	1784.548571810643	1964.4801559687132	9021.76492969305	436.3079651005162	1210.7570580432405	326.8507711952045	552.673651275168	124.94884949878336	1531.2171754341998	20.338771686542295
K11734	aroP; aromatic amino acid transport protein AroP	34.94397417387201	90.41602754171043	126.63408929225328	138.26854355039166	386.26576521049657	402.9620298852385	617.0519562776	223.05876561897588	111.33224120871267	141.7897662181591	54.11613428918711	296.1043724811271	89.0131814470238	738.6478949826738	66.60550039597737
K11735	gabP; GABA permease	44.83755369373043	199.89708724116517	263.770281637222	661.0970567345578	878.2062213020034	683.9068147914968	615.6275850331057	286.37776565159425	150.97788170363197	199.24911710028124	81.29081693640502	480.953063588001	175.24271527125134	376.79194822812553	16.298275886641335
K11736	proY; proline-specific permease ProY	10.149579289759188	54.07107957647849	21.98967357158736	77.01689368716085	157.83439130703982	160.0974653841452	100.29897915190509	70.99401404592115	75.82435931514152	74.84336085777528	32.69586573209787	26.88911861117273	74.69735209451136	88.80528658282327	15.50002200353846
K11737	cycA; D-serine/D-alanine/glycine transporter	226.63263588207963	949.9585690442356	416.8298968278124	908.7958093740192	427.2633411909614	492.62424637888097	1811.6785013976676	726.1675974112015	936.760486853438	671.9740457603652	179.21924121848718	318.7157573998052	211.2486931871793	695.3855345676825	39.31159948665714
K11738	ansP; L-asparagine permease	10.00011921856876	55.250061150392334	26.323587316102778	74.64674158202041	168.38137988065276	162.83233873678083	117.62246680561256	78.62356656941762	74.17479524493396	74.40579475172709	45.68448466764727	43.07011534091808	74.35532764642821	77.9637728909465	15.50020351089242
K11739	nfrA; bacteriophage N4 adsorption protein A	17.9734436788217	96.91055418498505	39.851726982166944	135.21129067919472	285.275604684865	288.0127613824973	153.1857359359931	127.78471917078426	131.68957296581345	135.21125119928053	58.609828019698114	47.27842908017318	134.42668818037455	127.40178779257504	28.13708098409808
K11740	nfrB; bacteriophage N4 adsorption protein B	666.3870886148904	1493.1598599848126	659.2475205750889	1422.416717157488	936.1000825066712	922.9241499167554	1602.9717526152815	2276.069155468887	1148.1774362406431	792.060079561342	170.1158624353252	369.29320328654	910.3604836563256	277.3145556968639	60.935594661307725
K11741	sugE; quaternary ammonium compound-resistance protein SugE	8210.8968287998	14118.44461012456	53242.07235417829	8442.338840856564	2330.099320718325	1912.5552887880472	4053.801524581628	26362.97009965588	7904.340739004077	2867.5605785001585	210.07865510934545	1195.3990922933835	1200.5433943637129	1622.5707430380926	281.24019276638444
K11742	mdtI; spermidine export protein MdtI	11.556056382130986	60.03530220130708	28.091965855801057	74.90694405369794	156.87728490633486	159.0766922363828	98.94252048610284	162.83238455933218	75.72532212997116	77.3644178879949	38.076738770561846	45.93246508117472	74.4686936731012	72.06036914219578	15.511941081361028
K11743	mdtJ; spermidine export protein MdtJ	11.555903046943625	60.03493633904017	28.09121256850652	74.90594596564932	156.8752886597711	159.07277782017968	98.94184252753776	162.83173887444167	75.72505844418481	77.3635031618611	38.07664194953821	45.93191628777436	74.46761483039968	72.06029649119479	15.51180923846785
K11744	tqsA; AI-2 transport protein TqsA	32.1126256353768	468.0790596592343	2979.502626630943	3050.4693656555323	312.00529667310013	507.9563046149127	112.65022187830002	432.0365074965794	2262.230607931685	358.5519319903063	32.79907971405568	30.98522811273988	162.51905962384433	470.9571149843472	28.662604746768352
K11745	kefC; glutathione-regulated potassium-efflux system ancillary protein KefC	14.941092490123555	55.68990656295597	44.81951260002389	77.41525597991716	218.5816682146066	169.80876607395982	409.74728512337583	124.6612626453226	235.29312972767187	152.87486908495413	49.35043596059131	727.6562046596348	121.8636413254026	371.9220275999935	15.970100764969754
K11746	kefF; glutathione-regulated potassium-efflux system ancillary protein KefF	10.023513351007114	55.688514986451366	23.84204384476262	99.72019394333311	162.40851267152132	162.32975562868597	115.62930108135386	71.44013843703996	76.54473476958333	77.3608297860978	32.59258566816439	27.74326539590239	74.41908356127553	76.99280756084472	15.504011455742557
K11747	kefB; glutathione-regulated potassium-efflux system protein KefB	22.081723093248137	73.05255746383408	69.11845041401503	113.73924293471453	303.40533103555373	293.90860006134244	767.2531151518795	176.33816986689942	312.2558232314252	192.39273974180185	58.57374549747779	1178.9014893966378	156.53668786653395	834.2355532962324	36.87810624840871
K11748	kefG; glutathione-regulated potassium-efflux system ancillary protein KefG	934.5575659676064	209.13002667712573	9367.292240958675	335.29305436937017	275.190858090445	164.45163331948797	273.6412251381409	997.908054973323	621.4692154783579	134.8446586776976	41.93511893060128	592.0496430381341	100.33198400172562	277.9181753104549	16.02957274330933
K11749	rseP; regulator of sigma E protease [EC:3.4.24.-]	54048.23792639331	53657.047702590295	114059.07997899696	40347.668957309164	89851.27907914828	52796.02303699349	21413.00651126146	79342.49305803448	31877.945995724647	14308.253322005832	5977.978285545449	7049.349114279288	6503.320892800423	39302.86596272091	1563.774041832332
K11750	frsA; esterase FrsA [EC:3.1.-.-]	10.003567670218532	53.67156998190014	22.038402798115484	74.71893330206355	157.13808418248772	158.67510223256275	100.98229600043103	70.63323717535899	75.69218442987595	75.41462178581456	32.490807213738975	27.50700877572905	74.36536627787396	72.84213507754914	15.500421797108856
K11751	ushA; 5'-nucleotidase / UDP-sugar diphosphatase [EC:3.1.3.5 3.6.1.45]	16.698835793922424	68.09357235279296	21.88863655097576	74.76353150061239	182.18218910085815	158.81748158239944	263.0973547591475	102.19946718409732	151.57705552830265	103.95894545928236	40.02489243415727	335.7606160924048	99.27990944629248	210.19472193112085	15.511439877909044
K11752	ribD; diaminohydroxyphosphoribosylaminopyrimidine deaminase / 5-amino-6-(5-phosphoribosylamino)uracil reductase [EC:3.5.4.26 1.1.1.193]	28062.956443533592	28926.805432166388	88209.38993970992	27315.610877242405	67827.59699043777	32566.432784154847	9421.45146450547	40066.19707294768	23237.42030322756	8321.045992054951	4814.406788770786	4454.006375835092	3194.34833305482	36423.56242340616	967.8095880869184
K11753	ribF; riboflavin kinase / FMN adenylyltransferase [EC:2.7.1.26 2.7.7.2]	54700.64078144432	54063.00154302912	115637.14642267676	43005.79920260342	104261.85150314048	58771.79255674345	21548.920016188065	80093.13990173292	31828.59196894647	14874.98496206393	6979.841789372876	6642.806685792071	6521.220308057457	46219.334121505206	1580.73710107114
K11754	folC; dihydrofolate synthase / folylpolyglutamate synthase [EC:6.3.2.12 6.3.2.17]	60678.67307518063	63427.51960329431	126294.35809666567	40488.87412910638	94152.6192762148	56230.380798387545	23081.26877712147	84129.56613506893	33454.59506444147	15508.420240688984	6154.39821193741	7713.54088358111	6924.881899383036	40450.49408720418	1674.797965412537
K11755	hisIE; phosphoribosyl-ATP pyrophosphohydrolase / phosphoribosyl-AMP cyclohydrolase [EC:3.6.1.31 3.5.4.19]	45067.47327910712	41290.312695687055	67773.45408758537	26355.01662425237	18904.65762425973	18413.648526447927	14487.811205911974	56375.46477129535	23505.883432781822	10676.787810404025	1344.1839246409736	3867.845782532884	5283.331052043042	4083.11439866611	1395.2792850844323
K11765	ARID2; AT-rich interactive domain-containing protein 2	0.0	1.261398757822441e-19	0.0	0.0	0.0	0.0	0.0	0.0	0.0	0.0	0.0	0.0	0.0	0.0	0.0
K11771	SWI1, ADR6; SWI/SNF chromatin-remodeling complex subunit SWI1	0.0364724813359846	0.2231085158847416	0.004682513438192	28.45811300655765	0.066949206075835	0.0952937270189412	0.3433743704826814	30.53490066236997	137.3243672675704	484.40885656712265	0.00819374635619	0.93996959485564	0.2900778479334997	19.848122591811943	5.6967704035527365e-05
K11777	K11777; HAD superfamily phosphatase	30.29112199170263	4.913027348236044	11.154173032483923	9.202847835852785	3.0762516381197784	9.50442921600145	72.26676981408036	14.209586247091083	7.630760069144529	3.3033300778080434	5.564443937408079	8.212930021141034	10.033089054430771	23.10586001922691	3.0385286427354465
K11778	DHDDS, RER2, SRT1; ditrans,polycis-polyprenyl diphosphate synthase [EC:2.5.1.87]	0.0	1.653551718239422e-12	5.793558656410111e-09	0.0	1.5315464208427992e-08	0.0	2.4508397975539304e-08	0.0	0.0	0.0	0.0	0.0	0.0	0.0	0.0
K11779	fbiC; FO synthase [EC:2.5.1.77]	0.0064058462505035	2.112421577374025	518.9734148387306	1252.09386295853	934.874389298748	380.56125312949456	65.21395843371324	0.0185294313253821	0.0173790688917286	106.534752095124	49.58195529594345	93.79238159111875	38.19935836840764	5.448246907497282	0.0
K11780	cofG; FO synthase subunit 1 [EC:2.5.1.77]	11.388655928115304	31.98866998554857	2.159204639122505	41.11084352386247	19.837209286867957	59.87392119397719	514.7560236272453	45.023617429559785	30.862790093277688	23.116076305417472	27.654951106661663	57.74701845831108	51.99639400298512	162.70729298907787	6.085711834490014
K11781	cofH; FO synthase subunit 2 [EC:2.5.1.77]	1.9644585448127312	5.517725608081393	0.3724023696079097	7.090440048163309	3.42133007086576	10.32743067986522	93.65152933652044	7.76629323637864	5.323601867011872	3.987258593206137	4.770302072667678	9.961090527361302	8.969069838235045	28.065825194398887	1.0497671316543489
K11782	mqnA; chorismate dehydratase [EC:4.2.1.151]	241.18690104213456	243.3773265022733	886.718761966895	369.7786346725195	388.72957502195794	698.2880039892707	656.7385469083113	437.0633775368007	102.19939112030292	176.7907458866272	57.478529621288736	178.03969597729048	214.99949418238256	237.70671645717405	26.427598606665462
K11783	mqnB; futalosine hydrolase [EC:3.2.2.26]	117.59837403775772	90.2388556692636	310.1713761981348	31.182728326097603	26.20855083868337	19.04973777853797	34.52795977567804	140.12615230532404	17.27010699484348	8.009600296504324	9.389083597008208	26.229620802632187	4.111359176817493	19.47543183847257	1.4278790404117274
K11784	mqnC; cyclic dehypoxanthinyl futalosine synthase [EC:1.21.98.1]	237.9025143032028	246.4731126687667	990.284318447784	390.7198886514934	390.235742228576	704.6027845050965	764.2462876023645	489.1450725987115	111.34943983636144	179.3030689654666	63.49818537728154	184.4367846401352	220.73693703801632	255.47519319196704	27.10237500606105
K11785	mqnD; 1,4-dihydroxy-6-naphthoate synthase [EC:1.14.-.-]	178.96734051819837	181.5777786891801	756.6368170435316	247.62285702815228	323.6751027740467	616.809538852403	542.435601317923	402.3964696342992	82.19101120673318	153.98645696314838	44.27829428555857	162.23776900110198	193.01772352877668	142.57742171181278	25.978267108984795
K11786	STH1_SNF2; ATP-dependent helicase STH1/SNF2 [EC:3.6.4.-]	0.000613965387799	0.0004366780150942	8.916459542814279e-06	0.0006003724359458	0.0001548835939601	0.0002330384108803	0.0003487314513234	0.000173988544297	0.0004645286197333	2.6337666343090205	1.5602562353192005e-05	1.6158909689568164e-05	2.526412993579578e-05	0.0001151688660167	0.0
K11787	GART; phosphoribosylamine--glycine ligase / phosphoribosylglycinamide formyltransferase / phosphoribosylformylglycinamidine cyclo-ligase [EC:6.3.4.13 2.1.2.2 6.3.3.1]	4.650702263547906	13.062784675655564	0.8816335411400658	16.786063349933055	8.09973188130408	30.474434167703144	215.4813028958555	18.386093017425356	12.603211871544056	9.439523482814115	11.293317797794366	43.32318185126218	21.233572736234738	113.5211594628162	2.5568211916585057
K11788	ADE5; phosphoribosylamine--glycine ligase / phosphoribosylformylglycinamidine cyclo-ligase [EC:6.3.4.13 6.3.3.1]	4.1744376961297586e-29	9.960331120544904e-29	2.0507692542108056e-28	2.7172213018374037e-28	5.434634443642461e-28	1.0656710203125374e-27	1.8456923287897246e-28	1.7578296236046403e-28	7.178651589576084e-29	2.490274620103879e-28	2.6358811555525223e-29	1.494049668081735e-28	2.937069904767767e-28	1.9778700665026568e-29	3.589325794788042e-29
K11808	ADE2; phosphoribosylaminoimidazole carboxylase [EC:4.1.1.21]	3.300640538073128	5.505813763927372	0.9401259385277037	20.120401775927377	9.487215171010307	11.68801440245402	12.79340025538858	3.14813468556767	4.156440712927608	4.123959126958073	1.6450894556632407	1.7037491242510416	2.6637774503353207	12.14307514471577	0.0104319268861829
K11811	arsH; arsenical resistance protein ArsH	1.3401768139261423	8.764678606587813	1.5551226140666288	23.43332446541577	105.06152924933347	72.54138009808578	507.7536066546934	79.94737182971691	166.9960451778924	96.90917986280212	20.054211338999508	875.6383878916997	58.94051706647504	681.438720820278	51.74449247009567
K11814	ebrA; multidrug resistance protein EbrA	0.2454666083497058	0.5085980812210623	5.79169381687888	1.600636658321986	1.0088656557473643	1.1016571556499202	1.02966222780468	0.4231235024925228	0.2078063645171076	0.295967691591854	36.32295280156912	0.1480501316473506	0.2314733998027744	1.05519283807065	0.0
K11815	ebrB; multidrug resistance protein EbrB	0.2727766122773677	0.6297259853894701	11.530821242339458	2.171333765348658	1.2944539816682077	1.4480631102819626	1.3967819308101084	0.5021199102245612	0.2818984393393695	0.4014931426594988	72.55392173938063	0.2008364909917857	0.3140038097707416	1.4314153223622972	0.0
K11816	YUCCA; indole-3-pyruvate monooxygenase [EC:1.14.13.168]	0.0009860899426631	0.0027697065651352	0.0001869330519923	0.0035591545767214	0.0017173888358806	0.0051840114182387	0.0440627387161138	0.0038984093975349	0.0026722631911296	0.0020014652932941	0.0023945259164383	0.0050001213886264	0.0045021614662629	0.0140880692187764	0.0005269466303557
K11833	USP2; ubiquitin carboxyl-terminal hydrolase 2 [EC:3.4.19.12]	33.86932324908775	3.7809613835934632	19.09930905633839	8.805833138953359	2.398005494869145	4.349923557025111	30.194136168225445	26.727927350918726	7.517520212984604	5.0307775557384975	6.354432904700712	147.4084014607896	42.89080119404733	0.0050017396823856	0.0
K11838	USP7, UBP15; ubiquitin carboxyl-terminal hydrolase 7 [EC:3.4.19.12]	108.65986360642388	217.73040192587	52.44196190722198	33.3354427173071	23.34212643013309	53.379325004701386	30.360238567058648	242.2902056435033	48.68056464388047	47.87217825091158	6.354791010180739	151.1235778256652	52.55235753966597	10.411409696410905	6.087206276105455
K11839	USP8, UBP5; ubiquitin carboxyl-terminal hydrolase 8 [EC:3.4.19.12]	33.86932324940227	3.78096138498846	19.09930905667385	8.805833145525918	2.398005498158186	4.349923561014573	49.83456764781614	30.14365456493505	7.517520213837902	5.030777556953805	6.354432905287706	147.40840146139757	42.890801194997806	57.2141629045336	0.0
K11855	USP36_42; ubiquitin carboxyl-terminal hydrolase 36/42 [EC:3.4.19.12]	0.0002030079852058	0.0005702041214221	3.848421995954368e-05	0.0007327291034983	0.00035356171106	0.0010672410981684	0.009071269690928	0.000802572060682	0.0005501432910935	0.0004120450063142	0.0004929650539852	0.001029383350314	0.0009268675085246	0.0029003343648552	0.0001084833838286
K11863	ATXN3, MJD; Ataxin-3 [EC:3.4.22.-]	9.197029857200854e-22	4.0791533906088434e-21	9.80907224817322e-22	1.921903177548081e-20	9.617590562488263e-21	1.1665710176760879e-20	1.2363274932698503e-20	2.6603156940129387e-21	2.4951553508641694e-21	3.5537187278859025e-21	1.716451026825186e-21	1.777655265922423e-21	2.779328214719165e-21	1.2669823959548532e-20	0.0
K11865	MYSM1; protein MYSM1	105.16229347944366	0.225238523943473	0.1904304608786616	0.0887373750815565	33.658570289871065	14.006951661012378	193.2960436774717	12.367095394876012	47.19696086155933	15.431595069747848	0.9951264209748524	166.68940940632817	0.6318954467696963	140.3127432799278	22.35744320344888
K11870	UBP1; ubiquitin carboxyl-terminal hydrolase 1 [EC:3.4.19.12]	51.87486320561823	19.439597542896653	6.406582380774996	4.491173227370847	0.5702291921658523	33.05979618464251	76.93954450215749	83.23715109896933	0.063220928454927	0.7817133313686501	9.749857691222706e-06	0.4828576300748352	8.164971952451044	0.91324480361398	0.0
K11873	UBP10; ubiquitin carboxyl-terminal hydrolase 10 [EC:3.4.19.12]	3.704407676067561e-05	0.0001643013817139	3.950927972989467e-05	0.0007741100109611	0.0003873802396875	0.0004698750248346	0.0004979717503707	0.0001071530051622	0.0001005006265961	0.0001431377644583	6.913573684211652e-05	7.160093981133557e-05	0.0001119466276915	0.0005103190253691	0.0
K11884	PNO1, DIM2; RNA-binding protein PNO1	0.0002268262389199	0.000662817635014	5.686344863924414e-05	0.0010919952773816	0.0005328284748985	0.0013098704191616	0.0096416779378641	0.0008799648436471	0.0006147378755659	0.0004893868258125	0.0005419185419836	0.0011005525616922	0.0010112099198494	0.0032325457565887	0.0001127634532543
K11889	impN; type VI secretion system protein ImpN [EC:2.7.11.1]	0.0	0.0	0.0	0.0	0.0	2.1	0.0	4.0	0.0	0.0	0.9	8.2	0.0	3.0	0.0
K11890	impM; type VI secretion system protein ImpM	7.895709751769541	18.75965127242597	39.38494732660188	58.84281504028056	209.40458728037552	179.09722997105132	332.2384411652667	28.278697091351937	26.733189196377538	44.05047120635369	16.600176621164387	206.09939601574916	10.775520820313094	292.135959510446	20.99283759463348
K11891	impL, vasK, icmF; type VI secretion system protein ImpL	39.12370792564791	95.82214532387296	93.8855583745143	216.52240838790524	720.5635364146315	579.1884058246244	748.4576845838371	217.03587092232817	140.3144485345774	167.89116667405068	79.67782026490161	478.2108440335343	91.29989394592484	503.9617608922016	35.369053469767984
K11892	impK, ompA, vasF, dotU; type VI secretion system protein ImpK	47.127092713580005	121.37855896117776	110.01812929080371	257.95991847659513	984.715403368296	754.9176850119372	940.3440540445166	229.10906125202547	164.97848812480515	192.12720899597423	110.33915382268714	560.0751244751445	105.90127779735532	568.4583113808746	35.37191865080892
K11893	impJ, vasE; type VI secretion system protein ImpJ	35.117071714136785	81.37312499641499	79.50430203775551	178.97898376693428	550.0724104948885	506.999648128984	660.7675227829284	216.25491858544055	123.50355979013646	148.61047274536605	64.35038528155	435.1845139165527	84.5860167877355	449.82375106069526	108.6106843092704
K11894	impI, vasC; type VI secretion system protein ImpI	9.934515935765234	48.06593422516621	23.427917065319477	78.25864718590535	158.42475979817064	223.8124121617741	163.65679948062808	161.16047150238035	66.82696312289865	81.00864718590535	33.29599869963088	152.51361491052756	65.52470993925172	97.28592543963126	12.876771114799736
K11895	impH, vasB; type VI secretion system protein ImpH	35.1141063966144	81.35802102807969	79.68247149750563	178.96049190447616	550.5166903330132	506.9478586292301	601.7008059279243	206.9954066747148	123.48265412395138	148.6156949765467	64.3412991122224	435.1761933687036	84.5628472213616	449.8459331255936	138.97907797647136
K11896	impG, vasA; type VI secretion system protein ImpG	39.11386956813684	94.6865322629836	115.12159869057948	272.7051214284514	875.442224460156	578.9462083088195	1096.7911899836383	257.4944202179279	248.2313531331065	220.61464760092375	87.17053195873586	850.1758784720503	113.23216657683744	715.3416356069947	137.36078332546066
K11897	impF; type VI secretion system protein ImpF	11.89312483673142	32.081758721083766	53.80012746738624	96.32676677662636	380.06473117773794	257.1058025523274	464.4752151236204	47.50727125533082	47.73474134798093	59.76576909796529	31.92411806587105	250.27454404587536	17.434318862449572	341.59422555182675	94.23670997798642
K11898	impE; type VI secretion system protein ImpE	3.893123565166879	0.4217518649626768	19.738678203605104	0.5458862755300207	0.2635014787148015	8.915565022715054	29.82375330783934	13.823217316896288	1.7490569567657404	0.3049394452700232	1.2641139194088158	9.39704698821854	0.6844773032549101	6.185652368494818	1.4134280950168745
K11899	impD; type VI secretion system protein ImpD	3.7431180411855673	0.0	19.71001529861337	0.0	0.0	2.1	0.0	4.0	0.0	0.0	0.9	8.2	0.0	3.0	0.0
K11900	impC; type VI secretion system protein ImpC	35.204810417464564	81.8435021095133	79.70126197926946	179.63811795496505	551.4624440788472	508.4141399919924	676.4632196291423	207.63772540628	124.1413774472155	149.24120322147144	64.63413231899594	435.4161586320947	85.24183290241866	450.40062981395306	35.502357973251115
K11901	impB; type VI secretion system protein ImpB	43.24524681523868	125.20008739828296	99.95509238721364	244.98292217462011	717.622134808474	676.4620875349606	910.9555611763456	292.8577337802169	262.1258456876749	248.1733326559776	98.35624634534032	812.226849282939	168.91072854982164	662.137410430986	48.09000109205965
K11902	impA; type VI secretion system protein ImpA	11.893126108327635	32.07975654505557	53.8001302869871	96.32276229633364	383.6307373142079	260.6689962380713	470.58333767376166	47.50728029577445	53.10475066454661	59.76658011034321	31.924122212297224	288.6856785607505	17.434328372933013	341.58018339398075	94.23671196861032
K11903	hcp; type VI secretion system secreted protein Hcp	39.1688228995504	83.34498844100676	93.06011181124508	163.19056258312557	512.3214210009451	523.5496182229849	695.7676913226612	204.2165276843104	120.28848406517324	148.6552911265589	65.100825620018	433.6787938119813	86.5666389040733	441.5181325038512	233.01305023137704
K11904	vgrG; type VI secretion system secreted protein VgrG	108.57519941811228	244.07936765179025	166.1603389830612	404.785534167572	1397.7026450735746	1099.7264163696354	1543.9783396467838	410.5944748460556	383.6093819546848	371.8904828410803	171.4900839622997	1061.8662307079658	229.8112777759436	1207.16838645083	333.36379625431783
K11905	K11905; type VI secretion system protein	23.220747413755195	49.27478000555265	25.69596591962298	82.63190745931448	169.9563649976284	249.83883119784133	216.97382413987663	159.48630994143713	72.80588619420158	88.79224705608597	32.41627166704832	184.9010860266964	67.12675254524534	108.17147745468804	13.03536950511938
K11906	vasD, lip; type VI secretion system protein VasD	35.114346024561144	81.35818150220472	69.96073031295894	155.71949054833084	494.2176450672812	462.5269875099448	498.1512235707268	86.71146145782994	107.78723398240152	126.2360045880367	57.86756951801387	340.4250210361123	83.14490384924231	263.54175015959635	33.904978350031264
K11907	vasG, clpV; type VI secretion system protein VasG	22.22533894503024	82.17936465411407	78.04486611730584	177.53923998121346	544.1968076208556	479.5222711134528	635.3675908383091	207.38658305636244	121.6368660124906	142.71179847723567	65.51841525367024	394.7595381244477	85.91687030846877	417.4298020096456	67.6271621091401
K11909	vasI; type VI secretion system protein VasI	9.931663580229474	48.05055467161249	20.272377360550387	65.93875877581917	141.46838288558948	164.7445125135438	103.57459862985094	62.14399278770004	64.16810051341123	69.37938809690908	26.813129856592877	62.51855243533863	63.51312111341244	72.35748842307444	12.872305802884874
K11910	vasJ; type VI secretion system protein VasJ	23.21499121761129	49.269959058767895	25.660212992538007	76.59390982144836	169.89105021649664	249.665343600727	163.202836573841	159.47151712700335	72.81334538679417	88.76334278629838	32.42057841211345	184.8779293975667	67.08868157063611	108.18609523621164	13.03285875739681
K11911	vasL; type VI secretion system protein VasL	8.225728790250223	44.35188060970362	18.23827321627926	61.88431534726599	130.5580377998535	131.81122235168286	70.125143869582	58.480920366095376	61.86538321656307	61.87991888122133	26.82303178327833	21.63724460520656	61.52062008774861	58.30836416733184	12.876828205232664
K11912	ppkA; serine/threonine-protein kinase PpkA [EC:2.7.11.1]	0.0	1.5256834041187675e-20	5.19	10.38	27.87	83.88	93.57	97.1431521767085	6.56	19.13	5.57356755777825	122.21236414066668	3.28	35.79	0.0
K11913	fha1; type VI secretion system protein	3.7431180411855673	0.0	25.10545076627158	10.790870935316422	28.97317658644207	93.22526532315428	100.15363312474956	5.676122861929447	6.819664097849299	22.16203020057132	0.0	107.52466954519257	3.4098320489246494	41.43572588421328	0.0
K11914	sfa2; sigma-54 dependent transcriptional regulator	0.0	0.0	5.19	10.38	27.87	83.88	66.67467180239032	97.1431521767085	6.56	19.13	5.57356755777825	122.21236414066668	3.28	35.79	0.0
K11915	stp1, pppA; serine/threonine protein phosphatase Stp1 [EC:3.1.3.16]	3.99494714122715	0.494256429615105	31.237483261252144	22.829297521613057	57.03146389421486	175.60574139742448	188.4523279261645	103.19930784933904	13.568879115137904	38.79816633909772	5.758263571078353	225.93714131367432	7.019168725564966	73.87660187928628	0.0228925892516714
K11916	stk1; serine/threonine-protein kinase Stk1 [EC:2.7.11.-]	0.0121712921373079	0.0290410610187971	5.249793709994404	10.459225267386412	28.02845612819752	84.19071474183247	93.60653242614458	97.19440472719296	6.580930595210388	19.20260824597169	5.581252923309804	122.25592573219488	3.365635332087401	35.79576682086101	0.0104652976051944
K11917	sfa3; sigma-54 dependent transcriptional regulator	0.0	0.0	0.1443527718620838	0.2887055437241677	0.775166040808531	2.333007804198765	7.980765434723821	0.1518624536352558	0.1824574534518824	0.5320748604677817	0.0	2.865082664646099	0.0912287267259412	0.9954500395168844	0.0
K11918	lip3; type VI secretion system protein	0.0	0.0	0.0	0.0	0.0	0.0	4.7108893388656575e-11	0.0	2.94	2.7166942145893668e-11	0.0	0.0	0.0	3.805324600669203e-11	0.0
K11920	envY; AraC family transcriptional regulator	0.0006524800006075	0.0035180926733265	0.0014467170774892	0.0049085043700526	0.0103562155629424	0.0104555779995831	0.0055609843706602	0.0046389009586341	0.0047806580349082	0.0049085043700526	0.0021276809766004	0.0017163204889077	0.0048800204715489	0.0046249902175044	0.0010214458486668
K11921	cynR; LysR family transcriptional regulator, cyn operon transcriptional activator	10312.36850463707	6877.134288670144	30474.74701775392	6676.795088235213	1313.7823929342155	1055.913657362743	1182.3194376662027	15226.317406967202	8853.824229980168	2499.791969205511	96.15456003835214	1847.960638046428	250.21748798004063	909.6499904838008	383.1931239147102
K11922	mngR, farR; GntR family transcriptional regulator, mannosyl-D-glycerate transport/metabolism system repressor	206.90556988931215	146.9164958294837	109.95606658745233	217.426281966391	621.9844089474118	363.045854059988	152.2581210874797	342.4748771856291	143.1675602964969	232.49934494901555	82.61127191764123	134.34131732866604	55.52759555076475	326.2704634454227	3.1310475155379303
K11923	cueR; MerR family transcriptional regulator, copper efflux regulator	10.048721665227555	53.70401896104821	21.90789848431018	75.44319340391202	156.9881981430065	159.11188471142637	118.9159275637653	74.14489615746155	75.6304378726968	74.54708562328062	32.552770718650734	26.74092119673671	74.46564842103407	129.67891193921372	15.500300247601432
K11924	mntR; DtxR family transcriptional regulator, manganese transport regulator	2285.3093935790675	1059.7064009606718	699.6573677148799	339.2279955722309	749.8982134591158	736.7015387053693	241.68284995199647	1143.3710847277227	565.0541307562905	257.8936496012742	40.22148479997914	45.39542453774229	127.69306944321646	297.28380616783835	42.96372181814292
K11925	sgrR; SgrR family transcriptional regulator	10.0002728317101	53.53293745434569	21.868948002604387	74.65147219151476	156.6062967955054	158.63390744508672	98.77734663577328	70.62353145480478	75.51723479696196	74.4059723219519	32.484612799913656	26.67033294077885	74.35528510747518	71.96664941018349	15.50002200508154
K11926	crl; sigma factor-binding protein Crl	10.000005523981606	53.53175186496464	21.868662904992387	74.64588627553223	156.6035014787195	158.63051685316293	98.77375330778416	70.62275824130208	75.51650958621364	74.40493944523897	32.484113919409786	26.669816272212188	74.3544773032571	71.96296698677644	15.500022003538923
K11927	rhlE; ATP-dependent RNA helicase RhlE [EC:3.6.4.13]	15879.61522329979	11329.353591374198	30458.989212931767	21370.068499386936	71054.26492811854	35618.97509085278	5953.305919833792	25535.37026107281	10909.84364368488	4004.068333035514	4582.94212811465	3166.4981380439253	4521.678048584407	34913.82647229514	508.93966428555984
K11928	putP; sodium/proline symporter	24523.91877058091	28094.64863291556	13430.52574167639	16768.4925863159	22567.78169851044	20963.787191712287	14652.249767535715	32430.464209718783	10875.1619437031	6413.576502928902	1022.4262621145654	3949.078296139928	3456.625173809962	3002.2042395646004	708.0054172350166
K11929	phoE; outer membrane pore protein E	10.14975293356664	53.9523589166301	21.897050518643965	75.18637873483965	156.86430378326662	159.4177597279161	113.59403686573154	71.2147698657505	75.92231890778281	74.70888154029775	32.84774611730968	27.429133645955687	75.03817458883043	74.1023781907999	15.580044007090184
K11930	torT; periplasmic protein TorT	9.850133501025637	53.11014204433899	21.840015242266045	74.10038243437903	156.340162726253	157.84020627145748	83.95023863625347	70.03007082697678	72.17012574717457	74.10009060134487	32.1200266718427	25.910027622892173	73.67004318783572	111.05727277273566	15.42000264549181
K11931	pgaB; poly-beta-1,6-N-acetyl-D-glucosamine N-deacetylase [EC:3.5.1.-]	654.8320108400735	323.198971635438	252.7004402912065	267.0193399045692	388.6872115024645	378.89353476072114	390.434913041922	587.7670457354643	161.45566583272992	143.20804060593846	49.058750062993234	250.19341087304184	89.379283827234	206.61214975206929	15.603387163266683
K11932	uspG; universal stress protein G	9.999747409576855	53.53060705162135	21.868387613633445	74.64049245924589	156.6008023044174	158.6272428746221	110.27028355787766	70.6220116243903	76.85835669206355	74.40394209499729	32.48363219787323	26.66931737372199	74.35369728551215	71.95941120396549	15.50002200353846
K11933	hcr; NADH oxidoreductase Hcr [EC:1.-.-.-]	9.999747409576855	53.53060705162135	21.868387613633445	74.64049245924589	156.6008023044174	158.6272428746221	110.79582020719634	70.6220116243903	75.51580932150928	74.40394209499729	32.48363219787323	26.66931737372199	74.35369728551215	71.95941120396549	15.50002200353846
K11934	ompX; outer membrane protein X	2087.726168124449	818.6745285079772	17594.878119404864	392.8180421195963	274.9065037012697	165.14898432688747	141.07899775606802	4442.000731394429	2868.9717238022417	383.3590127454179	32.79079284999046	133.3741592999328	81.27374308471366	82.86377904324226	15.649504394846456
K11935	pgaA; biofilm PGA synthesis protein PgaA	28.41439250824363	78.71263718163641	100.55565574449354	97.04412873322131	195.56649749013744	260.5879312174312	235.36294254832285	81.66947343985802	81.34244681547322	99.43254486880612	32.60573900724932	176.74712342710163	77.8307858672559	146.846989566057	15.499573242019128
K11936	pgaC, icaA; poly-beta-1,6-N-acetyl-D-glucosamine synthase [EC:2.4.1.-]	1983.3845369307169	2114.5226420151694	1118.529376624216	5893.724363443905	48017.74664853357	20176.233684262283	998.0851222549333	2004.9777415836047	449.43703849120254	285.8229263027541	3306.920376350344	513.2968340412574	666.3806181226005	25999.311748514458	85.94141441816708
K11937	pgaD; biofilm PGA synthesis protein PgaD	0.3221620329089426	5.6159082642362925	5.402507979080087	21.3430549945352	38.66111842861604	102.67686607248928	150.42595430553806	6.252048443299632	7.137466724809997	24.69304051554028	0.3958609033083989	150.86917880208	4.234791762704748	76.04391092987825	0.1113229423187381
K11938	cof; HMP-PP phosphatase [EC:3.6.1.-]	9.999747409720667	53.53060705239676	21.86838761395231	74.64049246032776	156.6008023067	158.6272428769266	98.77028355910332	70.62201162541274	75.51580932256297	74.40394209607916	32.483632198342185	26.66931737410028	74.35369728658775	71.95941120498486	15.500022003763595
K11939	rhtA; inner membrane transporter RhtA	15.806472816101929	74.67258228247748	554.6980584551329	1371.1385857263183	1222.5142656639705	678.7771568161897	869.5041953508037	161.85852374462905	251.8360626364081	282.39968299285266	131.37385846018122	1003.5955603499297	181.5004776726745	804.5957717515188	70.0308431153228
K11940	hspQ; heat shock protein HspQ	13.596887482795744	53.53175186496268	40.80864760637836	80.64588627553002	177.0535014787148	171.8305168531582	110.27375330778165	78.62275824129998	75.51650958621148	74.40493944523675	34.28411391940882	48.10297582821429	82.3544773032549	122.96578769571708	15.854984485395349
K11941	mdoC; glucans biosynthesis protein C [EC:2.1.-.-]	10.0112248615355	53.56355815367322	21.871020283143565	74.68682583975638	156.62464773985852	162.89072259391097	99.2709703450157	78.66747162073425	75.54743843136634	74.4283358351756	34.31145253865435	43.951984787892016	74.40603233706167	80.09118194441263	15.508361739389215
K11942	icmF; isobutyryl-CoA mutase [EC:5.4.99.13]	453.9477593840969	122.36270044234728	3587.563768310796	1341.2664132959192	994.2695648590568	475.090258435792	103.18727230132832	766.332527111116	538.280224809028	239.2995083709648	53.01054010761092	136.91409915851628	63.85677646621311	80.93635810872608	56.31498654359202
K11943	nidA; PAH dioxygenase large subunit [EC:1.13.11.-]	0.0	5.324300956040459e-15	0.0	0.0	0.0	0.0	0.0	0.0	0.0	0.0	0.0	0.0	0.0	0.0	0.0
K11944	nidB; PAH dioxygenase small subunit [EC:1.13.11.-]	0.0	7.647587292674049e-15	0.0	0.0	0.0	0.0	0.0	0.0	0.0	0.0	0.0	0.0	0.0	0.0	0.0
K11945	phdF; extradiol dioxygenase [EC:1.13.11.-]	0.0	0.0079807144165997	1.0725122163690215e-06	0.0	2.835221568824101e-06	0.0	4.5370311739774695e-06	0.0	0.0	0.0	0.0	0.0	0.0	0.0	0.0
K11946	phdG; hydratase-aldolase [EC:4.1.2.-]	0.0	3.0735399466337107e-15	0.0	0.0	0.0	0.0	0.0	0.0	0.0	0.0	0.0	0.0	0.0	0.0	0.0
K11947	nidD; aldehyde dehydrogenase [EC:1.2.1.-]	8.772952315644935e-05	0.0003891062522223	9.356773265943404e-05	0.0018332837006845	0.0009174120852727	0.0011127801116001	0.0011793200971817	0.0002537647815709	0.0002380103060785	0.000338985579334	0.0001637305004363	0.0001695687099393	0.0002651172636801	0.0012085614939882	3.558944047097899e-05
K11948	phdI; 1-hydroxy-2-naphthoate dioxygenase [EC:1.13.11.38]	0.0	4.2659815143553015e-15	0.0	0.0	0.0	0.0	4.3619652927918096e-12	0.0	0.0	2.5154753216980746e-12	0.0	0.0	0.0	3.523473518892451e-12	0.0
K11949	phdJ; 4-(2-carboxyphenyl)-2-oxobut-3-enoate aldolase [EC:4.1.2.34]	0.0	3.104338414919371e-15	0.0	0.0	0.0	0.0	0.0	0.0	0.0	0.0	0.0	0.0	0.0	0.0	0.0
K11950	cmpA; bicarbonate transport system substrate-binding protein	3.0394583430659523	8.537160113923601	0.5761900612619936	10.970502389732737	5.293565626892221	15.978853524416817	135.81606810361458	12.016198984874984	8.236807110324238	6.169184088451764	7.380728125823984	15.4120430738383	13.877164382699384	43.42413168625978	1.624225400433375
K11951	cmpB; bicarbonate transport system permease protein	2.68243158585871	7.534351637147902	0.5085085055740458	9.681863938057251	4.671762543410356	14.10191440770648	119.86257741594204	10.604728889450234	7.269279281213011	5.444527409165714	6.513758708525396	13.601683746774675	12.247097956525144	38.323362019238495	1.4334374829041572
K11952	cmpC; bicarbonate transport system ATP-binding protein [EC:3.6.3.-]	2.6820291812789296	7.533221372495319	0.5084322217453808	9.680411514662731	4.671061709639596	14.099798911090923	119.84459624902216	10.603138022605783	7.268188781350916	5.443710649187292	6.512781547970877	13.599643292188142	12.245260709926685	38.31761294572235	1.4332238684873029
K11953	cmpD; bicarbonate transport system ATP-binding protein [EC:3.6.3.-]	5.288412340338639	14.854037270411537	1.0025605249496894	19.088504730339366	9.210737912673558	27.80222359798292	236.30770992348616	20.907173046810403	14.331380079389833	10.733958597035418	12.84184831581679	26.815581875131063	24.145082740149707	75.55446520400902	2.838727684953943
K11954	K11954, natB; neutral amino acid transport system substrate-binding protein	1.8116306985746664	5.088466297544816	0.3434307976541964	6.538829180984523	3.155162832376241	9.52399352302403	80.95144942438085	7.162103409261601	4.909444688835368	3.677064140488888	4.399189638864564	9.186153323672874	8.271308294854187	25.882404409735354	0.9680990047265096
K11955	natC; neutral amino acid transport system permease protein	1.5148764861010573	4.254949946646485	0.2871751071444056	5.467736101346851	2.638331304689913	7.96391552271615	67.69119520069735	5.988914878871732	4.105252977210957	3.0747425558059627	3.678580268626786	7.681415245778117	6.916426430080615	21.642736499726198	0.8095195227326737
K11956	natD; neutral amino acid transport system permease protein	6.06303227579426	6.896241023533423	20.35475251356148	12.413556266857764	6.077261491887166	13.931829993380775	96.36252768111372	8.923636929051892	6.287583176296617	5.13740219232684	5.502117663719755	11.030175489023051	10.231201499942811	33.024773590057734	1.1148320892323362
K11957	K11957, natA; neutral amino acid transport system ATP-binding protein	1.488496179231245	4.180853604595333	0.2821742209923243	5.3725206051710295	2.592387251424856	7.8252308336097265	66.51240865531054	5.884622901727568	4.033763430595879	3.021198544932361	3.614520852213649	7.547649723839025	6.795982599612411	21.265846330512755	0.7954224002365196
K11958	natE; neutral amino acid transport system ATP-binding protein	1.6779325512720509	4.961155821387204	0.44895069060416	8.635973125149945	4.222887533268245	9.929412598278066	70.31528114259704	12.56068947566666	4.547582199864799	3.6794145167295	3.9906676932377545	8.039985585894225	7.430533627023458	23.89606219250604	0.8169121330495825
K11959	urtA; urea transport system substrate-binding protein	534.4126416622624	385.4570005050889	699.6450075008163	550.6007383502507	476.6039004676759	354.96807528402053	1455.328622086519	638.2600810403994	683.1962309007027	840.9095580757362	93.28537268617406	2468.735075040702	361.5696710898204	1110.3116996305998	37.57231417081307
K11960	urtB; urea transport system permease protein	468.44000229581246	298.1016873904307	589.7387832996263	460.78059566165166	412.8232617984223	335.7745835394153	1243.6131384133453	513.162736139084	581.5107013210179	786.5091621097114	75.32320064692395	1980.001658272218	278.6713801311242	968.1293857025494	36.0263980496417
K11961	urtC; urea transport system permease protein	427.0329181474631	293.5483258644317	566.2081552557621	450.0279438827314	429.8114001170776	330.5698074523858	1232.8038427633844	480.5795244879013	572.2232641751935	779.4060624489921	67.61958752747142	1799.010955954648	226.33428416150676	967.706912960092	36.04385514403222
K11962	urtD; urea transport system ATP-binding protein	468.420736848489	297.9157784582911	589.6841631370694	460.63738410829103	432.9808955332191	335.6467522981198	1241.253123208443	513.0913394096776	581.2924681306362	785.4657500423906	75.27894384718462	1979.1068848065856	278.5903577241682	967.0404361220442	36.01850446289362
K11963	urtE; urea transport system ATP-binding protein	1094.8135485557218	534.1407230551624	5045.707263735974	509.4127181401403	442.9513185958345	333.5184865559245	1201.6714861630144	1697.5927833108094	1388.6247990356462	841.5490193976252	67.9689405319235	1802.2448050132332	229.69336316903684	971.9169105577884	36.12042196958644
K11972	RNF19A; E3 ubiquitin-protein ligase RNF19A [EC:2.3.2.31]	1.9853286026810998e-07	1.4259585002440646e-07	1.205592762912241e-07	5.6178584405325815e-08	3.215319723897851e-07	8.224951921752887e-08	1.694880862791852e-05	2.0229900865236656e-08	1.0714099845038397e-07	8.020418656332599e-09	6.300027872507628e-07	2.056770668928643e-06	4.000455462995237e-07	3.2510367156611316e-10	0.0
K11984	SART1, HAF, SNU66; U4/U6.U5 tri-snRNP-associated protein 1	0.0011736480904003	0.0010559641040923	0.0002280885161386	0.001147663983963	0.0008539750438444	0.0004454731347317	0.0015594061593202	0.0003325941931316	0.0008879867470066	0.0004053345380935	2.9825651209461267e-05	3.08891573971275e-05	4.829457562920089e-05	0.0002201552764378	1.522583896993809e-06
K11987	PTGS2, COX2; prostaglandin-endoperoxide synthase 2 [EC:1.14.99.1]	0.0710518521555969	0.3328177813025879	0.076378931708798	0.2564517838009378	0.2900486568236924	0.3735294286308843	3.441027879598416	0.2808964944998583	0.1925475972954402	0.1442138388812998	0.1725354798143793	0.4631542336118812	0.3243993240795269	1.2604342032198377	0.0379686805980527
K11991	tadA; tRNA(adenine34) deaminase [EC:3.5.4.33]	52893.744916837655	52044.29447229452	111912.14187867491	38024.369642277	89283.15398453042	51475.47146654343	19828.67726015548	76468.1944787034	31293.21111988488	13780.89186443108	5791.298204586228	6040.918982960005	5756.121298587914	38775.02707097539	1481.500572064102
K11996	MOCS3, UBA4; adenylyltransferase and sulfurtransferase [EC:2.7.7.80 2.8.1.11]	15030.788384889289	14724.026660582334	41019.78707105108	11137.7434036583	2726.1102754124704	2389.6253077669344	2764.160230975501	18544.614393194843	10022.698144578531	3316.9979801080945	309.32965371616143	1440.5812152208948	570.6805429835881	1569.2314354112132	607.4408197889893
K11997	TRIM2_3; tripartite motif-containing protein 2/3	0.0	2.1070978104819048e-20	0.0	0.0	0.0	0.0	0.0	0.0	0.0	0.0	0.0	0.0	0.0	0.0	0.3390095496862682
K12020	TRIM44; tripartite motif-containing protein 44	2.4237477745140555e-06	1.0750034637159198e-05	2.5850429324139807e-06	5.064905324588556e-05	2.5345806291764043e-05	3.074333727090417e-05	3.258167100585395e-05	7.010887583256277e-06	6.575630744515686e-06	9.365325536285544e-06	4.523465097889869e-06	4.684760255789795e-06	7.324528331062679e-06	3.3389537820622925e-05	0.0
K12027	TRIM58; tripartite motif-containing protein 58 [EC:2.3.2.27]	0.1453219370755	0.1043772054484585	0.0882468904110102	0.0411215589042352	0.2353547367236566	0.0602049425978056	12.406176476807522	0.0148078679600528	0.0784249892636866	0.0058707801505543	0.4611489769634267	1.5055134818749731	0.2928250448221762	0.0002379691464604	0.0
K12035	TRIM71; tripartite motif-containing protein 71 [EC:2.3.2.27]	0.0001625989017071	0.0007211739784541	0.0001734195059799	0.0033978289807561	0.0017003420526085	0.0020624393873092	0.0021857653576998	0.000470330548837	0.0004411310237527	0.0006282797502042	0.0003034599823304	0.0003142805866032	0.0004913713690329	0.0022399616970171	1.261973054078034
K12047	MGAM; maltase-glucoamylase [EC:3.2.1.20 3.2.1.3]	0.0	1.6692258094971585e-24	0.0	0.0	0.0	0.0	0.0	0.0	0.0	0.0	0.0	0.0	0.0	0.0	0.0
K12048	comB10; ComB10 competence protein	0.0406471855961579	0.0969853803378915	0.1996867711502429	0.2645803018308736	0.5291792834345398	1.0376613786151536	0.1797180940352185	0.1711627580963213	0.0698997097889811	0.2424821306175213	0.0256660078166916	0.1454780705068373	0.2859873214509091	0.0192588457489149	0.0349498548944905
K12049	comB9; ComB9 competence protein	0.0625630317164934	1.2603388959631114	0.3073523938645748	0.4072347340222486	0.8144982194377494	1.5971398951522109	11.125144503706723	0.2634490163686716	0.1075877135492272	0.3732218358050557	0.0395044143283373	0.2239158506470822	0.4401838306891151	0.029642686442879	0.0537938567746136
K12050	comB8; ComB8 competence protein	0.0084336933438031	0.0201230403681185	0.0414320688627093	0.0548965222985421	0.1097969203752753	0.2152994785148273	10.885816211205046	0.035513755564921	0.0145031619910438	0.0503114766984873	0.0053253192345521	0.0301845605521777	0.0593381641055266	0.0039959273150096	0.0072515809955219
K12051	comB7; ComB7 competence protein	0.0002862408298554	0.000682979038883	0.0014062106944645	0.0018631962840408	0.0037265241125806	0.0073072969202533	0.0012655896250181	0.0012053422444695	0.0004922395153121	0.0017075791417067	0.0001807421416458	0.0010244685583246	0.0020139462799113	0.0001356223784839	0.000246119757656
K12052	comB6; ComB6 competence protein	0.0084584823488656	0.020182187663286	0.0415538494068814	0.0550578786715685	0.1101196445133343	0.2159323044482939	0.0373984644661932	0.0356181405159265	0.014545790877507	0.0504593563284123	0.0053409718508002	0.0302732814949291	0.0595125757174326	0.0040076724731987	0.0072728954387535
K12053	comB4; ComB4 competence protein	0.0647706929273614	1.2656064405434546	0.3181979353830392	0.4216048228966667	0.8432394117367745	1.6534981581410506	11.134905491073344	0.2727453397488109	0.1113841603557841	0.3863917118061022	0.0408984062877732	0.2318171675175968	0.4557165940799187	0.0306886876875503	0.055692080177892
K12055	K12055, parA; chromosome partitioning related protein ParA	10.670258114540225	32.82612131282495	1.3291979162752685	10.97522406451336	109.5223941211293	107.68524660542144	65.32924905976401	6.521428210047774	10.092817473555227	9.911750422527982	15.330481721978314	177.6965986045819	9.813570425777764	64.8747798246762	2.1254148205342086e-10
K12056	traG; conjugal transfer mating pair stabilization protein TraG	24.132883339861323	60.88899821092334	42.23862005849743	98.59756799226692	205.9564391588708	266.08744328225924	134.49290133686245	88.27122763842206	79.51231071176264	98.26521452226906	33.34253215562244	41.9181607873745	100.4470289282854	127.94777592944769	18.39537052470139
K12057	traF; conjugal transfer pilus assembly protein TraF	207.7461514976316	221.02131247607812	988.8304305504256	179.27565933300326	157.77249706052652	191.60282304553257	135.19352892749447	745.3580472456529	203.45810645636877	75.10355001363695	27.891350159301595	68.16189734531693	76.05997293509424	117.17993157734313	14.594348738072286
K12058	traN; conjugal transfer mating pair stabilization protein TraN	199.8257386386784	227.0587774082637	1001.2442923254218	195.732456184137	190.6888233594486	256.1193397806287	146.37841888956905	756.0085733505922	206.44107312324488	90.19507097275834	29.492580367679317	77.20771532766281	93.8470378229687	118.39026455516456	16.76930419315471
K12059	trbC; conjugal transfer pilus assembly protein TrbC	205.56634537187588	215.8356151587188	978.123690301338	165.17068890643037	129.5760054656431	136.34145590266084	114.10978503912231	736.1821514138248	198.11562955349345	62.174764625129015	26.51902569936201	60.41070425220988	60.82368067471978	116.141336089684	12.731113832010031
K12060	traU; conjugal transfer pilus assembly protein TraU	207.7449018388872	221.01261452577145	988.8294172663988	179.26559740258972	157.7508019407646	191.58899515653584	135.18020397582745	745.3472725343441	203.4452941693921	75.09313359478045	27.885560596062028	68.15922869158132	76.05033742444684	117.16676063899236	14.591932306893476
K12061	traW; conjugal transfer pilus assembly protein TraW	208.9935570504846	227.8112972968024	991.5545015283138	188.75993642128867	177.79974623562796	211.8233872949379	145.94556210751864	754.276793476853	212.69217267403695	84.59578585655021	32.00574964516323	71.4781910553747	85.49722949108173	126.12341409643534	16.569620247909196
K12062	trbI; conjugal transfer pilin signal peptidase TrbI	208.98656322572	227.77347601420732	991.5233408555404	188.62866898837424	177.52117729368325	211.277227515457	134.3527097004083	754.2386667325634	212.6658990640723	84.46813778446031	31.992224970686365	71.40454511087887	85.34668694032291	126.11324023032566	16.551219217390123
K12063	traC; conjugal transfer ATP-binding protein TraC	211.34007394051423	233.4643519590048	1002.1855786227412	203.39063588870889	205.9951971180291	267.4929550821776	163.96474056603634	764.094350725882	216.89232220237056	97.75108858661604	33.81761674953815	80.11542660774614	101.43153214451831	129.8622953824542	18.51116612150056
K12064	traV; conjugal transfer pilus assembly protein TraV	21.986579083166788	55.77362290540241	31.52332096575386	84.62880898370159	177.52148725733025	211.27728751400235	122.85292861618588	79.23883867494939	75.6661297690754	84.46828888315574	31.992330383478333	33.40456744979268	85.34681459571941	126.11348772431054	16.551258453694764
K12065	traB; conjugal transfer pilus assembly protein TraB	209.02276571713017	227.83897712294453	991.704161620797	188.77866053063852	177.80521614177303	211.8329992123933	145.951193700525	754.3826826073808	212.71438397244071	84.59831072953106	32.006198728900976	71.4854203060342	85.50010456820259	126.12409350419014	16.570019667702756
K12066	traK; conjugal transfer pilus assembly protein TraK	19.84447372539664	50.66271893323383	20.999635181250504	70.68551069389137	149.63396736857223	156.59186339120075	105.7141661373685	70.21878138170592	71.98283223989637	71.68960372434977	30.639927172574776	25.73780767998342	70.27532486935193	125.09903661458172	14.709454452089137
K12067	traE; conjugal transfer pilus assembly protein TraE	207.7270749340232	220.99713465028373	988.5673202996906	179.23729895939596	157.21382197376477	191.48279500905352	133.01325116376688	745.2865914902853	203.2739201919716	74.0797149834123	27.88859296955605	67.31211645104243	76.02711858417999	116.3481507197094	14.590381815178644
K12068	traL; conjugal transfer pilus assembly protein TraL	8.134367744945921	43.85951714009048	18.036001609610945	61.19356758987272	129.10934289510263	136.37313858198294	88.9702563645966	61.24818884158248	61.19717543061098	61.20159426222961	26.525468858604118	21.58877631270353	60.838463733247	115.32528603013844	12.734207539506167
K12069	traA; conjugal transfer pilus assembly protein TraA	187.0000000042964	172.00000002316563	960.0000000095264	104.00000003232113	6.81927675563566e-08	6.884704126324246e-08	23.001892417726616	675.0000000305458	138.59745266092503	0.0080272023679614	1.4010180976782484e-08	38.1916720778018	3.213356265752072e-08	0.4570897419003976	6.7259337067866105e-09
K12070	traI; conjugal transfer pilus assembly protein TraI	8.592794679592075e-09	4.6331302074429966e-08	1.9052450335257962e-08	6.464224220891093e-08	1.3638553504643908e-07	1.3769408245957493e-07	7.323506300533642e-08	6.109171689460233e-08	1.5974526924043158	6.464225727006928e-08	2.8020361939948982e-08	2.2602975649566564e-08	6.4267125283812e-08	6.09085413532106e-08	1.3451867407036529e-08
K12071	traD; conjugal transfer pilus assembly protein TraD	187.0000000085928	172.0000000463313	960.0000000190524	104.00000006464224	1.3638553504638828e-07	1.3769408245952365e-07	23.000000073237477	675.0000000610917	138.59745269240432	0.0080272346904872	2.8020361939938543e-08	38.000000022602975	6.426712528378807e-08	6.09104877647804e-08	30.088360067272937
K12072	traH; conjugative transfer pilus assembly protein TraH	209.00979809768768	227.83474099678693	991.6322621996871	188.78187385728344	177.82919852781345	211.85195800521387	145.96339005183077	754.3421255605698	212.7167232204349	84.60976453791712	32.011992676438965	71.48586520394176	85.5110231915547	126.13706920332478	16.572565039886058
K12073	E3.1.2.28; 1,4-dihydroxy-2-naphthoyl-CoA hydrolase [EC:3.1.2.28]	1.4415020589962757	4.0488575572278265	0.2732655183701369	5.202901306116099	2.5105413166807398	7.578175995862611	70.2835848950678	5.698836313227401	3.9064112973203895	2.925814589996937	3.500404871328132	7.309358878025303	6.581422994767091	20.59445077728135	1.449469282892856
K12078	ptlA; type IV secretion system protein PtlA	0.0144023413431916	0.0132470733210104	0.0739371534195933	0.0080098582871226	0.0	0.0	0.0017714109673444	0.0519870609981515	0.0105514479359211	0.0	0.0	0.0029266789895255	0.0	0.0	0.0
K12079	ptlB; type IV secretion system protein PtlB	0.0	0.0	0.0	0.0	0.0203688110740389	0.0	0.0	0.0	0.0	0.0	0.0	0.0	0.0	0.0	0.0
K12080	ptlC; type IV secretion system protein PtlC	0.0	0.0	0.0	0.0	0.0203688110740389	0.0	0.0	0.0	0.0	0.0	0.0	0.0	0.0	0.0	0.0
K12081	ptlE; type IV secretion system protein PtlE	187.0	172.0	960.0	104.0	0.0203688110740389	0.0	23.0	675.0	137.0	0.0	0.0	38.0	0.0	0.0	0.0
K12086	cag1; cag pathogenicity island protein 1	4.789616191029806e-21	1.142816510286156e-20	2.3529869982586688e-20	3.117652744933188e-20	6.235525600904568e-20	1.222716817149383e-19	2.1176882984328012e-20	2.0168774429414566e-20	8.236555049096294e-21	2.8572613867535805e-20	3.024325664740328e-21	1.7142247654292338e-20	3.3698999946997397e-20	2.2693448037462e-21	4.118277524548147e-21
K12087	cag2; cag pathogenicity island protein 2	4.788888668517493e-21	1.1426429212749458e-20	2.3526295894509192e-20	3.117179186621404e-20	6.23457845084706e-20	1.2225310916183212e-19	2.1173666305058263e-20	2.0165710877585374e-20	8.235303951099475e-21	2.856827380791616e-20	3.023866282418674e-21	1.7139643819124184e-20	3.369388121093879e-20	2.269000099835264e-21	4.1176519755497375e-21
K12088	cag3; cag pathogenicity island protein 3	1.1846381914604816e-14	2.8265815671244583e-14	5.819752879923047e-14	7.711036463164641e-14	1.5422617337262865e-13	3.024202736012397e-13	5.237777591930741e-14	4.9884373843531225e-14	2.037185713439854e-14	7.066998328744722e-14	7.480206227328593e-15	4.239872350686687e-14	8.33493139304227e-14	5.6128767251643225e-15	1.018592856719927e-14
K12089	cag4; cag pathogenicity island protein 4	4.789616191029806e-21	1.142816510286156e-20	2.3529869982586688e-20	3.117652744933188e-20	6.235525600904568e-20	1.222716817149383e-19	2.1176882984328012e-20	2.0168774429414566e-20	8.236555049096294e-21	2.8572613867535805e-20	3.024325664740328e-21	1.7142247654292338e-20	3.3698999946997397e-20	2.2693448037462e-21	4.118277524548147e-21
K12090	cag5; cag pathogenicity island protein 5	9.860444345298351e-21	2.352731022095084e-20	4.8441245427959264e-20	6.418351732849531e-20	1.2837156611119346e-19	2.5172228096568173e-19	4.359712088516333e-20	4.1521714860279766e-20	1.6956701626887143e-20	5.882280700657991e-20	6.226218074650704e-21	3.5290965331426256e-20	6.937656384490704e-20	4.6719292830894286e-21	8.478350813443572e-21
K12091	cag6; cag pathogenicity island protein 6	4.400286899192459e-06	1.2359423806977723e-05	8.341623052015944e-07	1.588222390125154e-05	7.663604777202907e-06	2.3132917741087503e-05	0.0001966237394039	1.7396100555831112e-05	1.1924596532609425e-05	8.931255789391117e-06	1.068523322672162e-05	2.231233449285967e-05	2.009025876944133e-05	6.286601630970622e-05	2.351424808031176e-06
K12092	cag7; cag pathogenicity island protein 7	1.7302728326197258e-10	4.1284818690080956e-10	8.50028335510334e-10	1.126267665497509e-09	2.2526148472097523e-09	4.417125728493831e-09	7.650255019593004e-10	7.286070756109627e-10	2.9754967553598406e-10	1.0321999834667583e-09	1.0925527904501392e-10	6.192722803512143e-10	1.2173932475830883e-09	8.198121739112763e-11	1.4877483776799203e-10
K12093	cag8; cag pathogenicity island protein 8	7.325394029420235e-21	1.7478605606962253e-20	3.5987344749311725e-20	4.768239018047251e-20	9.536814681040711e-20	1.870062676168631e-19	3.238861027438055e-20	3.084677642076177e-20	1.2597253886990127e-20	4.369988046686768e-20	4.625501560856343e-21	2.621790841044337e-20	5.154034126398153e-20	3.4708093953732825e-21	6.2986269434950644e-21
K12094	cag9; cag pathogenicity island protein 9	4.789616191029806e-21	1.142816510286156e-20	2.3529869982586688e-20	3.117652744933188e-20	6.235525600904568e-20	1.222716817149383e-19	2.1176882984328012e-20	2.0168774429414566e-20	8.236555049096294e-21	2.8572613867535805e-20	3.024325664740328e-21	1.7142247654292338e-20	3.3698999946997397e-20	2.2693448037462e-21	4.118277524548147e-21
K12095	cag10; cag pathogenicity island protein 10	4.789616191029806e-21	1.142816510286156e-20	2.3529869982586688e-20	3.117652744933188e-20	6.235525600904568e-20	1.222716817149383e-19	2.1176882984328012e-20	2.0168774429414566e-20	8.236555049096294e-21	2.8572613867535805e-20	3.024325664740328e-21	1.7142247654292338e-20	3.3698999946997397e-20	2.2693448037462e-21	4.118277524548147e-21
K12096	cag11; cag pathogenicity island protein 11	0.0002581144044554	0.0011448133413149	0.0002752913582873	0.0053938162841289	0.0026991742974386	0.0032739785360892	0.0034697499039586	0.000746616909682	0.0007002647022048	0.0009973502394714	0.000481721535588	0.0004988984894198	0.0007800177427572	0.0035557828088533	4.118277524548147e-21
K12097	cag12; cag pathogenicity island protein 12	0.0058271433707106	4.793903735469086	0.0286269129746768	0.0379299902126588	0.0758626583404697	0.1487581866925445	0.0257642216772091	0.0245377365376018	0.0100207584987129	0.0347620165878653	0.0036794554188218	0.020855603203628	0.0409988809768291	0.0027609305216924	0.0050103792493564
K12098	cag13; cag pathogenicity island protein 13	4.789616191029806e-21	1.142816510286156e-20	2.3529869982586688e-20	3.117652744933188e-20	6.235525600904568e-20	1.222716817149383e-19	2.1176882984328012e-20	2.0168774429414566e-20	8.236555049096294e-21	2.8572613867535805e-20	3.024325664740328e-21	1.7142247654292338e-20	3.3698999946997397e-20	2.2693448037462e-21	4.118277524548147e-21
K12099	cag14; cag pathogenicity island protein 14	4.7896160857012226e-21	1.1428164851544462e-20	2.3529869465140662e-20	3.1176526763727995e-20	6.235525463778949e-20	1.2227167902605832e-19	2.117688251862659e-20	2.016877398588249e-20	8.236554867965982e-21	2.857261323919465e-20	3.024325598232298e-21	1.714224727731669e-20	3.3698999205921745e-20	2.2693447538409746e-21	4.118277433982991e-21
K12100	cag15; cag pathogenicity island protein 15	4.789049084154676e-21	1.1426811969177884e-20	2.3527083965815022e-20	3.1172836042264164e-20	6.234787293429129e-20	1.2225720433124643e-19	2.1174375569233518e-20	2.016638637780758e-20	8.235579812916726e-21	2.856923077270765e-20	3.0239675742778148e-21	1.7140217953766828e-20	3.3695009870591957e-20	2.2690761055898305e-21	4.117789906458364e-21
K12101	cag16; cag pathogenicity island protein 16	2.254565875151692e-21	5.37946048887297e-21	1.1075969303939147e-20	1.467540030130908e-20	2.935183670825932e-20	5.75556683661197e-20	9.968372373545231e-21	9.493835989896576e-21	3.8771073091992784e-21	1.344968732782358e-20	1.423609150945967e-21	8.069190733309455e-21	1.5862777366071874e-20	1.0682249160300525e-21	1.9385536545996392e-21
K12102	cag17; cag pathogenicity island protein 17	4.789616191029806e-21	1.142816510286156e-20	2.3529869982586688e-20	3.117652744933188e-20	6.235525600904568e-20	1.222716817149383e-19	2.1176882984328012e-20	2.0168774429414566e-20	8.236555049096294e-21	2.8572613867535805e-20	3.024325664740328e-21	1.7142247654292338e-20	3.3698999946997397e-20	2.2693448037462e-21	4.118277524548147e-21
K12103	cag18; cag pathogenicity island protein 18	4.789616191029806e-21	1.142816510286156e-20	2.3529869982586688e-20	3.117652744933188e-20	6.235525600904568e-20	1.222716817149383e-19	2.1176882984328012e-20	2.0168774429414566e-20	8.236555049096294e-21	2.8572613867535805e-20	3.024325664740328e-21	1.7142247654292338e-20	3.3698999946997397e-20	2.2693448037462e-21	4.118277524548147e-21
K12104	cag19; cag pathogenicity island protein 19	1.0987378819454485e-20	2.6216209021418976e-20	5.397751818932373e-20	7.151894926413295e-20	1.4304294787514991e-19	2.8049121940289374e-19	4.8579766370391357e-20	4.626716549754662e-20	1.889465603970528e-20	6.554557190043137e-20	6.93780261853422e-21	3.932431353212846e-20	7.730550079312877e-20	5.205876637342636e-21	9.44732801985264e-21
K12105	cag20; cag pathogenicity island protein 20	4.789616191029806e-21	1.142816510286156e-20	2.3529869982586688e-20	3.117652744933188e-20	6.235525600904568e-20	1.222716817149383e-19	2.1176882984328012e-20	2.0168774429414566e-20	8.236555049096294e-21	2.8572613867535805e-20	3.024325664740328e-21	1.7142247654292338e-20	3.3698999946997397e-20	2.2693448037462e-21	4.118277524548147e-21
K12106	cag21; cag pathogenicity island protein 21	2.2534751121633318e-21	5.3768578963014805e-21	1.1070610730250927e-20	1.4668300316489628e-20	2.933763623735066e-20	5.752782283119168e-20	9.963549657225832e-21	9.489242855125281e-21	3.875231557773524e-21	1.3443180345125095e-20	1.4229204063016629e-21	8.065286844452221e-21	1.5855102926112415e-20	1.0677081069119464e-21	1.937615778886762e-21
K12107	cag22; cag pathogenicity island protein 22	5.916680482226124e-21	1.4117373650605712e-20	2.9066780494024475e-20	3.851280438890202e-20	7.702832784052567e-20	1.5104393418550604e-19	2.6160102444622022e-20	2.4914771718124062e-20	1.0174732704269372e-20	3.529615318923589e-20	3.735992179493885e-21	2.117606047590857e-20	4.162885026786855e-20	2.8033536659812192e-21	5.087366352134686e-21
K12108	cag23; cag pathogenicity island protein 23	7.325394029420256e-21	1.7478605606962304e-20	3.5987344749311833e-20	4.7682390180472664e-20	9.536814681040736e-20	1.870062676168636e-19	3.2388610274380646e-20	3.084677642076186e-20	1.2597253886990163e-20	4.3699880466867806e-20	4.625501560856357e-21	2.621790841044345e-20	5.1540341263981675e-20	3.4708093953732916e-21	6.298626943495082e-21
K12109	cag24; cag pathogenicity island protein 24	2.2538383526393777e-21	5.377724598760869e-21	1.107239521586165e-20	1.4670664718191243e-20	2.9342365207684263e-20	5.753709581301355e-20	9.965155694275483e-21	9.490772438067379e-21	3.87585621120246e-21	1.3445347268203935e-20	1.4231497686243133e-21	8.066586898141302e-21	1.5857658630013272e-20	1.067880212119117e-21	1.9379281056012298e-21
K12110	cag25; cag pathogenicity island protein 25	4.7896161910137254e-21	1.142816510282319e-20	2.3529869982507682e-20	3.1176527449227213e-20	6.235525600883632e-20	1.2227168171452777e-19	2.117688298425692e-20	2.0168774429346855e-20	8.23655504906864e-21	2.857261386743988e-20	3.024325664730174e-21	1.7142247654234783e-20	3.369899994688425e-20	2.2693448037385804e-21	4.11827752453432e-21
K12111	ebgA; evolved beta-galactosidase subunit alpha [EC:3.2.1.23]	1954.0779830805109	7217.585738153257	16446.996430845018	3565.7000996350416	12872.56368135392	5774.567786839232	5069.811617831114	9120.36028416526	2860.647554412755	1886.1383695572224	1068.01839500654	994.6912518274088	832.980160452347	6793.649778150158	101.99608028453432
K12112	ebgC; evolved beta-galactosidase subunit beta	9.931409814349497	54.28564862644219	21.8465348584787	76.59031534686478	156.40407274852274	158.01079221888182	84.07793473905579	70.04772320371455	73.81497935398433	74.12367505662404	32.13143507376902	25.921842796933237	73.68851607473732	69.9044064304341	15.420000046589834
K12113	ebgR; LacI family transcriptional regulator, ebg operon repressor	9.85046534652343	53.11200603493694	21.840489157146106	74.10940318553371	156.34472855780606	157.84571138212135	83.95737616737738	70.03130256853625	72.17122861963794	74.10173851554299	32.12088884274949	25.91103074346889	73.67139057642592	69.82619600910112	15.419999998399437
K12129	PRR7; pseudo-response regulator 7	0.0	0.0	0.0	0.0	0.0	0.0	0.0	0.0	0.0	0.0	0.0	0.0	0.0	0.0	1.6167382205101384e-07
K12136	hyfA; hydrogenase-4 component A [EC:1.-.-.-]	13.227901419250498	61.47945200706931	37.85334304330417	98.2616561560436	199.92926745929032	242.13173584146523	117.6143200308775	84.05490501916104	78.12898266816012	93.93340193794658	34.43953268684254	37.750890604085264	96.82982798838204	73.43066134423042	18.19450029298865
K12137	hyfB; hydrogenase-4 component B [EC:1.-.-.-]	12443.739102305784	3557.652122818339	3356.827415880659	1797.394041949855	2627.029810607202	2935.930314267822	1474.143195866929	7303.933847258745	2242.114079935259	1642.7027113865618	132.9924090520131	344.27860115263263	727.9700585519191	314.5936055255502	96.57360904507408
K12138	hyfC; hydrogenase-4 component C [EC:1.-.-.-]	14.175277393822611	66.99602838738399	36.39665014799658	127.2870383434456	208.1936488689189	245.9094010298305	149.13605844120562	85.95003844092835	81.33694889872145	96.24634941651593	36.99994553268769	38.526106450529646	97.11845137915245	95.01412744064784	17.643105746479765
K12139	hyfD; hydrogenase-4 component D [EC:1.-.-.-]	13.996354704070914	60.17372614923037	36.98573869217988	107.380887871372	172.994448249207	178.04110021687762	140.09091919539767	74.63678135881541	76.49077979453197	80.25385452714805	35.09231952154538	28.988303470340647	78.48287152643633	91.75987027028424	15.420002805433535
K12140	hyfE; hydrogenase-4 component E [EC:1.-.-.-]	213.57377366978943	457.7064735971508	762.0317341772663	848.9761840452967	628.830505747807	980.7116184223592	735.1843885195042	768.9396972638367	425.3855801205126	1073.055118087453	92.22641911267928	209.5276419821359	453.53856489710336	275.25082965373485	38.51955729974512
K12141	hyfF; hydrogenase-4 component F [EC:1.-.-.-]	235.2616408355428	463.8148620213643	866.730865833383	874.3016685358918	633.045677913238	992.3528824118443	880.6133993013082	825.3184787343923	440.07394564280935	1077.4982619757322	100.3569531579204	220.19906814796943	463.2136611814701	305.83399192173897	39.63099433783694
K12142	hyfG; hydrogenase-4 component G [EC:1.-.-.-]	9.850000001978175	53.11000001066608	21.840000004386127	74.1000000148815	156.34000003139778	157.84000003169902	101.31594290343142	70.03000001406413	72.17000001449391	74.1000000148815	32.12000000645066	25.910000005203507	73.67000001479515	69.82000001402194	15.4200000030968
K12143	hyfH; hydrogenase-4 component H	17.23654093917957	63.82549217781951	49.82618741859904	108.32056108368596	175.04221365166427	179.59272880246218	127.74015172846688	76.38903349217702	77.44947213469905	80.66964571540817	35.15185522367847	29.13374540047177	78.60083157831878	92.23012477997744	18.106240844316517
K12144	hyfI; hydrogenase-4 component I [EC:1.-.-.-]	9.997251532524356	53.76310384418745	21.997050759912348	77.17711552912608	157.8798501325904	159.70776993666232	103.29539862089868	70.45593687846561	72.5694934205474	74.66897760684763	32.39481697947758	26.194616275510423	74.11499169086761	71.84853666056262	15.419999941840464
K12145	hyfJ; hydrogenase-4 component J [EC:1.-.-.-]	9.97684704706821	53.67260398212351	21.975288442951538	76.75072253334167	157.6664749399585	159.4489551853712	103.02110742518346	70.39691540127005	72.5141361973896	74.5901351129032	32.35673593276366	26.155177328646992	74.05332981663038	71.56744431745481	15.42
K12146	hyfR; hydrogenase-4 transcriptional activator	9.866409360196576	53.11327571454312	21.8410417637875	74.10082298055495	156.34415540640614	157.84535308574905	83.94999223353985	70.03544102078949	72.17197928328741	74.10236898107006	32.12030244387246	25.90999982174397	73.67018687644173	69.81999337879756	15.41999850285903
K12147	msyB; acidic protein MsyB	10.000005523981311	53.53175186496268	21.868662904991734	74.64588627553002	156.60350147871478	158.6305168531582	98.77375330778165	70.62275824129998	75.51650958621148	74.40493944523675	32.48411391940882	26.66981627221141	74.3544773032549	71.96296698677435	15.50002200353846
K12148	bssS; biofilm regulator BssS	10.000005554763842	53.53175203093833	21.86866297324457	74.64588650710215	156.6035019672976	158.63051734642872	98.7737535701363	70.62275846015282	75.51650981175212	74.40493967680888	32.484114019787995	26.669816353183528	74.35447753348322	71.96296720497092	15.500022051727964
K12149	dinI; DNA-damage-inducible protein I	23.45709906340274	110.12669877961004	40.70688299074604	138.56127585219636	291.45548537096886	294.7763345425107	171.18531815206157	135.4901405955593	137.76716634394447	138.3203290219031	60.18940829461157	50.13428751418973	140.00382523578	132.1866174623863	28.800633437711145
K12151	bhsA; multiple stress resistance protein BhsA	9.999747409576846	53.5306070516213	21.868387613633423	74.64049245924582	156.60080230441727	158.62724287462194	98.77028355787758	70.62201162439023	75.51580932150921	74.40394209499722	32.48363219787319	26.669317373721967	74.35369728551208	71.95941120396542	15.500022003538446
K12152	nudJ; phosphatase NudJ [EC:3.6.1.-]	14.985052185477748	64.38442173868027	21.873467451915296	74.73341926901404	156.64713033607836	158.75858726909715	134.45780230187862	75.18110143306183	75.58242143175866	74.45453731913607	32.54279963850299	28.22031902651389	76.56982818940229	73.05277888185654	15.51303295597636
K12158	NEDD8; ubiquitin-like protein Nedd8	0.0	0.0	0.0	0.0	0.0	0.0	0.0	0.0	0.0	0.0	0.0	0.0	0.0	0.0	2.062345010629965e-10
K12160	SUMO, SMT3; small ubiquitin-related modifier	0.0	7.558490584131057e-23	2.6482726890279336e-19	0.0	7.000796572256809e-19	0.0	1.1202945350115012e-18	0.0	0.0	0.0	0.0	0.0	0.0	0.0	0.0
K12182	HGS, HRS, VPS27; hepatocyte growth factor-regulated tyrosine kinase substrate	0.034631352420064	0.2151585347162862	0.0027798710303631	28.42079410074976	0.0482878225220408	0.0726540309253477	0.3193712956837666	30.529726361243988	137.31948573903796	484.4019465262028	0.0048643871344683	0.936521519227413	0.2846868511166653	0.0359060221944123	0.0
K12196	VPS4; vacuolar protein-sorting-associated protein 4	0.0173712447682933	0.0487919494943576	0.0032930665459108	0.062699093303238	0.0302540169407333	0.0913230399497301	0.7762219106826826	0.0686755040505751	0.0470753589201455	0.0352583897277748	0.0421826590038358	0.0880835801635181	0.0793113745847714	0.2481794896427872	0.0092828437850365
K12200	PDCD6IP, ALIX, RIM20; programmed cell death 6-interacting protein	0.0	2.1765387867539216e-11	7.625951453418426e-08	0.0	2.015945526171811e-07	0.0	3.225993974458709e-07	0.0	0.0	0.0	0.0	0.0	0.0	0.0	0.0
K12203	dotB, traJ; defect in organelle trafficking protein DotB	0.3602208803126415	1.9422671018684663	1.2325440509103869	3.577567206299002	8.047156720366534	12.783985763461596	8.64318135421414	3.0296111500060343	3.187665428847139	4.30900325452142	1.1753882989902873	9.560876460060488	2.9683405100124665	5.545122538685195	0.5639193882660846
K12204	dotC, traI; defect in organelle trafficking protein DotC	0.3603682674186607	1.9429208070566693	1.2327012463088247	3.580647154408515	8.048697988430874	12.785855253166137	8.645162632236412	3.030037479199112	3.188065290250795	4.30957275611868	1.175663369043959	9.561161338406324	2.9687859115705453	5.547152942756201	0.5639193882663004
K12205	dotD, traH; defect in organelle trafficking protein DotD	0.3602208803126415	1.9422671018684663	1.2325440509103869	3.577567206299002	8.047156720366534	12.783985763461596	8.64316684385612	3.017453334282943	3.187665428847139	4.308994886631018	1.1746492056489386	9.558330094680077	2.9683405100124665	5.545110817623977	0.5639193882660846
K12206	icmB, dotO; intracellular multiplication protein IcmB	0.3602209710981826	1.942267591373044	1.232544252205434	3.577567889264341	8.047158161322015	12.783987218242288	8.643167617607	3.0296117954589725	3.187666094024042	4.308995569596357	1.1753885950341023	9.560876698867938	2.968341189014579	5.545111461141386	0.5639195303892361
K12209	icmE, dotG; intracellular multiplication protein IcmE	0.3602208803126317	1.9422671018684128	1.232544050910365	3.577567206298928	8.047156720366377	12.78398576346144	8.643166843856037	3.017453334282873	3.1876654288470663	4.308994886630943	1.1746492056489066	9.55833009468005	2.9683405100123927	5.545110817623908	0.5639193882660691
K12211	icmG, dotF; intracellular multiplication protein IcmG	0.3602207350021624	1.9422663183720656	1.232543728719436	3.577566113151134	8.047154413986808	12.783983434953374	8.643165605397773	3.017452301177069	3.1876643641712734	4.3089937934831495	1.1746487318040058	9.55832971244713	2.9683394232081013	5.545109787616093	0.5639191607851112
K12213	icmK, traN, dotH; intracellular multiplication protein IcmK	0.3602208803126317	1.9422671018684128	1.232544050910365	3.577567206298928	8.047156720366377	12.78398576346144	8.643166843856037	3.017453334282873	3.1876654288470663	4.308994886630943	1.1746492056489066	9.55833009468005	2.9683405100123927	5.545110817623908	0.5639193882660691
K12214	icmL, traM, dotI; intracellular multiplication protein IcmL	0.3602208803126317	1.9422671018684128	1.232544050910365	3.577567206298928	8.047156720366377	12.78398576346144	8.643166843856037	3.0296111500059646	3.1876654288470663	4.308994886630943	1.175388298990255	9.560876460060465	2.9683405100123927	5.545110817623908	0.5639193882660691
K12217	icmO, trbC, dotL; intracellular multiplication protein IcmO	0.3613967548747213	1.945109323046226	1.2382879755882623	3.585233524209173	8.062499939618036	12.81388850228528	8.648415745474331	3.0345979313850835	3.189755725688721	4.316028541484137	1.1761627593579047	9.56507343256291	2.9766191727220623	5.545748382890729	0.5649390262377069
K12218	icmP, trbA; intracellular multiplication protein IcmP	0.3602208807405472	1.9422671041756816	1.2325440518591644	3.5775672095180693	8.047156727158287	12.783985770318516	8.643166847503092	3.0174533373252004	3.1876654319823627	4.308994889850085	1.1746492070443022	9.558330095805664	2.968340513212853	5.545110820657111	0.5639193889359633
K12222	icmT, traK; intracellular multiplication protein IcmT	0.3602207350019665	1.9422663183710087	1.2325437287190015	3.5775661131496594	8.047154413983698	12.783983434950231	8.643165605396103	3.0174523011756764	3.187664364169837	4.308993793481675	1.174648731803367	9.558329712446614	2.968339423206636	5.545109787614704	0.5639191607848044
K12227	K12227, traL; TraL protein	0.3602208803126317	1.9422671018684128	1.232544050910365	3.577567206298928	8.047156720366377	12.78398576346144	8.643166843856037	3.017453334282873	3.1876654288470663	4.308994886630943	1.1746492056489066	9.55833009468005	2.9683405100123927	5.545110817623908	0.5639193882660691
K12228	trbB; TrbB protein	0.3602208803384042	1.9422671020073756	1.2325440509675092	3.5775672064928106	8.04715672077544	12.78398576387443	8.64316684407569	3.0174533344661065	3.1876654290358992	4.308994886824826	1.1746492057329485	9.558330094747843	2.96834051020515	5.545110817806592	0.5639193883064155
K12231	HECTD1; E3 ubiquitin-protein ligase HECTD1 [EC:2.3.2.26]	0.0007291458555692	0.00204800797142	0.0001382241662063	0.0026317506108398	0.0012698912116488	0.0038332207614084	0.0325813720735409	0.0028826062740767	0.001975955282071	0.0014799462610172	0.0017705876233853	0.0036972467014659	0.003329039504615	0.0104171605848661	0.000389640878592
K12234	cofE, fbiB; coenzyme F420-0:L-glutamate ligase / coenzyme F420-1:gamma-L-glutamate ligase [EC:6.3.2.31 6.3.2.34]	428.895536910163	182.88349799826696	587.8969439472207	1346.643994155162	960.1224428849524	418.5757309373655	93.51082581725318	403.9118846768663	41.89958121144481	129.72411664213917	52.42357188535669	121.9102832560027	47.8130709492821	7.830499773774735	1.8193400707759908
K12235	SRR; serine racemase [EC:5.1.1.18]	0.0	0.0	0.0	0.0	0.0	0.0	0.0	0.0	0.0	0.0	0.0	0.0	0.0	0.0	0.0002996849224353
K12239	pchE; dihydroaeruginoic acid synthetase	157.78904334013254	227.52185462378267	199.83494625205415	183.8933490040808	44.20540498265504	50.39717189370228	26.525706021972837	303.8725493993386	165.49023640672957	368.3129791719064	8.90691806517868	22.56575057089858	34.534004717317565	10.630825303811005	10.135295375984136
K12240	pchF; pyochelin synthetase	1537.499992573794	2853.215100505632	759.0166319579906	449.0695009864575	1077.596206750707	783.4512479057631	510.0350842483945	2673.117383845606	754.5795214788839	1429.4706713166468	98.11867838349652	93.86023794713644	371.4282683272653	178.09648854487105	28.66470122487389
K12242	pchC; pyochelin biosynthetic protein PchC	1.851800527311515e-07	2.135541373623008	1.9887370178669352	0.288705724804407	5.650856926319722	2.333007874486221	9.65966810106089	0.1518625061124938	0.1824575935598364	0.5320749244016626	4.705938440052117e-09	2.8650826695198397	0.0912287343459357	0.995450074224696	0.0
K12243	pchR; AraC family transcriptional regulator, transcriptional activator of the genes for pyochelin and ferripyochelin receptors	11.083118041185536	4.997990967839215	58.36001529861321	9.985985953742752	9.985985953742752	25.98317330871765	37.954743409771	0.0	0.0	1.876683376808692e-19	0.0	47.13719167630468	0.0	35.423503866761884	0.0002211820477005
K12246	neuS, siaD; poly-alpha-2,8 sialosyl sialyltransferase [EC:2.4.-.-]	0.0001707488927252	0.0009206572276788	0.0003785944991999	0.0012845170508568	0.0027101402932652	0.0027361426627158	0.001455265943582	0.001213963955081	0.0012510606688304	0.0012845170508568	0.0005567974045009	0.0004491475949757	0.001277063038281	0.0012103236233579	0.0002673043579515
K12247	cstII, cstIII; alpha-2,3 sialyltransferase [EC:2.4.99.-]	0.0278388194889358	0.0664242420894093	0.1367633181694502	0.1812081981807383	0.3624291899366096	0.7106830986260956	0.1252422215280725	0.1172275289416906	0.0478735581468739	0.1660733987986561	0.0175783722324438	0.0996363631341139	0.1958696352829077	0.0131901759618992	0.0239520863625705
K12248	bst; beta-galactoside alpha-2,6-sialyltransferase (sialyltransferase 0160) [EC:2.4.99.1]	0.0	0.0	0.0	0.0	0.0	0.0	15.306873212932633	0.0	0.0	0.0	0.0	0.0	0.0	0.0	0.0
K12249	TRI5; trichodiene synthase [EC:4.2.3.6]	0.0	0.0060617576436617	0.0	0.0	0.0	0.0	0.0	0.0	0.0	0.0	0.0	0.0	0.0	0.0	0.0
K12250	E4.2.3.7; pentalenene synthase [EC:4.2.3.7]	0.0	0.3670004041027346	1.2454752228210897	0.0	3.292455005438716	0.0	5.268713797486059	0.0	0.0	0.0	0.0	0.0	0.0	0.0	0.0
K12251	aguB; N-carbamoylputrescine amidase [EC:3.5.1.53]	23427.597418719717	16956.776451230697	72763.93192551874	17628.558486325317	11469.649423068462	10093.700064209046	3520.152404651567	38075.15041193421	19719.43495822927	5035.15527836841	322.02944345222863	2438.12428373163	2404.1226148486257	2142.136422218654	717.624432896651
K12252	aruH; arginine:pyruvate transaminase [EC:2.6.1.84]	0.0	0.0002308009650888	1.5368255455621047	3.073651091124209	8.252664345821938	24.837943499373665	46.641841834802605	1.6167760074699598	1.942500111538999	5.6646382825824775	0.0	30.502581781956145	8.971250055769499	43.59787789511902	0.0002379948039948
K12253	aruI; 5-guanidino-2-oxopentanoate decarboxylase [EC:4.1.1.75]	0.0	0.0	1.5062744275491275	3.012548855098255	8.08860660805283	24.344180921545437	46.24938652884399	1.5846355249360764	1.903884440216238	5.552028863008633	0.0	29.89620978455407	0.951942220108119	10.387198798069994	0.0002379948039948
K12254	kauB; 4-guanidinobutyraldehyde dehydrogenase / NAD-dependent aldehyde dehydrogenase [EC:1.2.1.54 1.2.1.-]	9.011937747787966	39.83311613491311	27.408964372846945	92.69483153302797	67.09005656403508	137.38610087128785	115.04831874819298	100.13329361085886	12.279084780703196	28.637177321869643	2.8966601846831286	108.20538679450324	49.07422061828026	46.9728874541966	30.08836005382107
K12255	gbuA; guanidinobutyrase [EC:3.5.3.7]	26.98586381136993	38.57178288296981	41.3394959480144	111.02050080084322	381.8257223810047	242.4915725745577	362.9225158267647	45.93036813267496	92.88030816261258	61.01394416460624	31.02767260758598	191.07086064983216	25.2757528624646	142.154904654498	0.0806808433731677
K12256	spuC; putrescine---pyruvate transaminase [EC:2.6.1.113]	15.331224099489454	31.082162894108272	55.52785875399883	97.80849436227317	267.4964859251492	230.666255453294	237.32571068921223	26.94516745069083	28.46535080649042	50.75467991059324	29.92333230691284	168.73391462320717	29.58894718655163	176.23698349809166	30.088598048625062
K12257	secDF; SecD/SecF fusion protein	44390.72548733773	36046.47957454936	90012.40935449139	32258.436744731105	137401.28900757356	64573.50090760491	6162.176878636883	56484.09161503233	24223.481441178483	8055.04065257511	8594.152580849961	3610.416140627811	4477.100144087704	67724.79232388825	1148.7844025120062
K12260	SRX1; sulfiredoxin [EC:1.8.98.2]	5.102635658760196e-07	1.4332164716529748e-06	9.67306546420027e-08	1.8417254119001248e-06	8.886825769923491e-07	2.682526245697786e-06	2.2800770200359005e-05	2.017276715203553e-06	1.3827932786561637e-06	1.0356812024420274e-06	1.2390749361103045e-06	2.5873702379348253e-06	2.329695157138145e-06	7.29003321590184e-06	2.7267458575383293e-07
K12262	cybB; cytochrome b561	30.441407266749877	99.42355150481076	98.04678801518594	219.66078610556733	758.4386520496475	583.2555301075818	1206.7131322445148	223.4703522943207	375.4051411861923	284.24721051951747	92.96977626851252	1610.476618719083	183.49247417950625	1167.1746394193435	67.14417728525785
K12263	cccB; cytochrome c551	1.3790601367085125	4.811248717617666	17.90913396754042	20.878106297812877	10.915551148794956	12.965456909663269	77.28052924046207	15.103099989281285	2.710548546538079	3.8604919446559385	125.56960572195668	1.931110580198136	3.0192525087266278	13.76354097814134	0.0032636714786637
K12264	norV; anaerobic nitric oxide reductase flavorubredoxin	549.390223436022	738.9398095601925	330.5873105410792	641.0865088719422	336.6439333489296	330.8953118343913	333.127446382101	1809.4472458851344	379.5834390979881	249.77535853716375	70.14047269076262	370.4898395119431	808.7795077157792	224.85762400556612	28.896383269675205
K12265	norW; nitric oxide reductase FlRd-NAD(+) reductase [EC:1.18.1.-]	9.85	53.1100000853789	21.84	74.1	181.84	157.84	212.95	95.53	151.11	103.6	39.62	333.41	95.67	207.82	15.42
K12266	norR; anaerobic nitric oxide reductase transcription regulator	9.850000002580504	58.10799098175297	28.84782522193698	98.10163640558612	262.097602329175	295.22259129537537	499.7880900466927	128.40239417644582	240.82767505134885	169.05842047438992	47.12000000841479	903.8009337821946	122.09883753552091	451.4940652885351	15.420000004039732
K12267	msrAB; peptide methionine sulfoxide reductase msrA/msrB [EC:1.8.4.11 1.8.4.12]	21669.214011760072	21947.679007963445	65705.81894194556	28408.184508121136	79105.47574360903	41316.20193081079	14507.802973669925	36119.21991229598	22549.54061955557	10957.481341774728	5804.164171735713	3096.2960587050006	3792.217413385408	37018.85204864807	695.3519842153102
K12268	asp1; accessory secretory protein Asp1	717.9734991017414	4564.722803302221	13675.224894128914	170.3010437000353	530.6091549820076	787.2199336974985	1507.1334000564725	7124.677929984815	175.0380634069216	345.3259496458658	53.06017651682886	165.44448056282823	164.27848882231888	101.29549471563732	27.06684202912632
K12269	asp2; accessory secretory protein Asp2	717.8378993703011	4563.485335801964	13669.76463840564	168.01924592399638	523.619811320136	783.2458391049527	1506.0093793695833	7119.550133003004	173.8086101187032	342.8479646828748	52.37615058515601	163.93922189415193	173.94771586560066	98.64157352088316	27.053247694176797
K12270	asp3; accessory secretory protein Asp3	266.15319866844175	308.5161001373449	484.2228299336155	133.0724228185902	493.5150090197597	768.3487652419703	231.49316607142552	626.1214493411874	82.7267004239778	187.47188048782743	49.78191431616841	36.681871827139936	163.7876393039797	47.6932254540108	26.696805905949823
K12271	SRP43, CAO; signal recognition particle 43 kDa protein	0.0028854104960787	0.0081044740934242	0.0005469872137892	0.0104144880994381	0.0050252736170462	0.0151690026546482	0.1289325479114785	0.0114071860050409	0.0078193437802902	0.0058565134020244	0.0070066531596131	0.014630919667881	0.0131738327182531	0.041223280995603	0.0015419053296451
K12275	SEC62; translocation protein SEC62	1.6748762037722309e-15	7.428568844014747e-15	1.786335582751726e-15	3.499988526740758e-14	1.7514647468632434e-14	2.124448944771284e-14	2.2514828490262927e-14	4.844715652342333e-15	4.543941236208252e-15	6.471696868066212e-15	3.1258384765588706e-15	3.2372978555383648e-15	5.061450013300992e-15	2.307308662178205e-14	0.0
K12276	mshE; MSHA biogenesis protein MshE	0.042455291661531	0.1121764455876593	0.8421113205985542	0.1534656105005211	2.5719936896773024	0.2102872796903043	19.472716764296077	0.1529079800816653	0.9432422821656412	9.06596132436665	0.0939234946793531	4.365498093715797	0.1764518416086244	10.302200821391448	51.02054926926051
K12278	mshG; MSHA biogenesis protein MshG	29.840440651870452	71.0882899611797	90.868824704098	153.41221333561955	253.3479605679329	508.9191915599457	519.8354185082469	113.58606626767616	59.12799631425886	136.09924273386088	34.30135661191959	116.3066757218861	169.48492849616247	153.47302309753078	72.62937253218622
K12279	mshI; MSHA biogenesis protein MshI	0.0	0.0	0.83398902326485	0.0	2.50196706979455	0.0	17.748316904776637	0.0	0.83398902326485	8.986778459484064	0.0	4.16994511632425	0.0	9.748789945359515	51.0
K12280	mshJ; MSHA biogenesis protein MshJ	3.095296397571076	7.385468242733927	15.206212541376289	20.14787599963084	40.29717447003263	79.01825132586087	20.59205088957224	13.034099674146953	5.322885624867172	22.447937397500727	1.9544748392751183	11.078202364100887	21.778027503131053	7.045412193877075	53.661442812433584
K12281	mshK; MSHA biogenesis protein MshK	0.0	0.0	0.0	0.0	0.0	0.0	6.906459602288251	0.0	0.0	3.982844319868821	0.0	0.0	0.0	5.578844828998644	51.0
K12282	mshL; MSHA biogenesis protein MshL	29.13823966228417	7.920993633291087	17.142814512456244	21.60881236940196	45.72111742370504	84.74791916974574	32.42625984504889	13.97921122146499	9.940359853894758	28.790788157818348	2.096195156421794	16.051435566260878	23.357167281526685	11.321699120229145	53.854425864385135
K12283	mshM; MSHA biogenesis protein MshM	2200.060703317537	394.1360711523309	578.4811514313259	136.1004943970103	606.0689561402107	655.9818529180468	92.46656549053635	939.331601668105	363.1853872364128	158.93600124506267	2.6193786907461627	26.55475651240093	61.74307472991392	36.592713911883806	66.6363509730437
K12284	mshN; MSHA biogenesis protein MshN	0.0	0.0	0.0	0.0	0.0	0.0	6.9064596023335865	0.0	0.0	3.982844319894965	0.0	0.0	0.0	5.578844829035265	51.0
K12285	mshO; MSHA biogenesis protein MshO	9.17634666472493	21.89503303458265	45.91447884215708	59.73059474226282	121.96737362539774	234.2582983572931	58.32075774177965	38.64102228349013	16.6142689954159	63.728578117018216	5.794255660538628	37.012494668198215	64.56335819712255	14.096590226302254	58.890139986075525
K12286	mshP; MSHA biogenesis protein MshP	9.17634666472493	21.89503303458265	45.91447884215708	59.73059474226282	121.96737362539774	234.2582983572931	58.32075774177276	38.64102228349013	16.6142689954159	63.72857811701424	5.794255660538628	37.012494668198215	64.56335819712255	14.09659022629669	7.890139986075526
K12287	mshQ; MSHA biogenesis protein MshQ	9.183915862728888	21.914362571479728	45.11767500696389	59.77986409912314	119.56394904251802	234.45152857288127	47.51236747976005	38.67289570320992	15.793296488203811	58.76979827851383	5.7990351081753175	32.86964004546533	64.61661390550518	9.930231434868324	58.898081562682165
K12288	hofM; pilus assembly protein HofM	10.000005523981311	53.53175186496268	21.868662904991734	74.64588627553002	156.60350147871478	158.6305168531582	98.77375330778165	70.62275824129998	75.51650958621148	74.40493944523675	32.48411391940882	26.66981627221141	74.3544773032549	71.96296698677435	15.50002200353846
K12289	hofN; pilus assembly protein HofN	10.000005523981311	53.53175186496268	21.868662904991734	74.64588627553002	156.60350147871478	158.6305168531582	98.77375330778165	70.62275824129998	75.51650958621148	74.40493944523675	32.48411391940882	26.66981627221141	74.3544773032549	71.96296698677435	15.50002200353846
K12290	hofO; pilus assembly protein HofO	9.849999995703609	53.10999997683437	21.839999990473785	74.09999996767891	156.3399999318073	157.83999993115305	83.94999996338252	70.02999996945418	75.10999996852074	74.09999996767891	32.11999998598984	25.909999988698527	73.66999996786647	69.81999996954576	15.419999993274072
K12291	hofP; pilus assembly protein HofP	9.999747408591189	53.53060704630674	21.86838761144796	74.64049245183085	156.6008022887728	158.62724285882737	98.77028354947696	70.62201161738254	73.91835668484164	74.40394208758225	32.483632194659045	26.66931737112923	74.35369727814015	71.95941119697875	15.500022001995411
K12292	comA; ATP-binding cassette, subfamily C, bacterial, competence factor transporting protein [EC:3.4.22.-]	920.624829465702	8966.855208954568	28626.49109187189	74.50554511440286	936.366629926868	1655.836569994462	3505.3681703025213	13706.3955477503	381.2444090965686	966.9108638317064	127.73176248674464	288.8775367281166	7.33537404751524	123.3290051860649	0.0
K12293	comB; competence factor transport accessory protein ComB	30.27589663592811	70.26687193979339	109.00505680789958	3.145380646045975e-08	4.011848202300016	1.9092064283476265e-08	3.8866459754305342	83.43077280315873	4.083563335120117e-09	5.8160048012636115e-09	2.811725065974323e-09	28.215594879604076	4.548639742996873e-09	6.500000020735393	0.0
K12294	comD; two-component system, LytTR family, sensor histidine kinase ComD [EC:2.7.13.3]	2.3018312904917475	2.728268956174684	16.00405371168025	1.0509802111847131e-11	7.001773498865133	6.379317485094842e-12	67.00506713960627	6.224125710572537	13.336711426401129	1.9433278964081204e-12	13.216279447534488	9.720991820078445e-13	6.334937927541406	33.466916219017115	0.0
K12295	comE; two-component system, LytTR family, response regulator ComE	2.301831304574271	2.728269018580099	13.440000015002264	2.9394113803925854e-07	5.880000147094065	1.784185678785302e-07	56.27000018908732	17.626275479634327	11.200000038161589	5.43515479525282e-08	11.132985833047211	28.21559490388272	5.320000042507807	36.08000019377576	0.0
K12296	comX1_2; competence protein ComX	2.3018312905090195	2.728268956195155	13.440000000000536	1.0509802111925985e-11	5.880000000005259	6.379317485142704e-12	56.27000000000676	6.224125710619239	11.200000000001364	1.9433278964227003e-12	11.13298580679632	28.79321536991678	5.32000000000152	36.080000000006926	0.0
K12297	rlmL, rlmK; 23S rRNA (guanine2445-N2)-methyltransferase / 23S rRNA (guanine2069-N7)-methyltransferase [EC:2.1.1.173 2.1.1.264]	16.670005524967003	68.03175187027776	27.05866290717726	85.0258862829452	184.4735014943597	242.5105168689533	246.07570703142324	90.08275824830788	82.07650959343353	96.33493945265192	32.48411392262307	131.1798162748042	80.46447731062705	241.74296699376129	15.50465240313826
K12299	garP; MFS transporter, ACS family, probable galactarate transporter	9.849999999623504	53.10999999796998	21.83999999916521	74.09999999716767	156.33999999402425	157.8399999939669	83.94999999679118	70.02999999732324	72.16999999724145	74.09999999716767	32.11999999877227	25.90999999900964	73.66999999718412	69.81999999733127	15.4199999994106
K12301	SLC17A5; MFS transporter, ACS family, solute carrier family 17 (sodium-dependent inorganic phosphate cotransporter), member 5	3.84876579546265e-07	2.737404162390977e-07	5.589462400808912e-09	3.763555636727825e-07	9.709190298968033e-08	1.4608482540692577e-07	2.1860933992828006e-07	1.0906822622254239e-07	2.911991291646515e-07	1.3292210149651473e-07	9.780780724758104e-09	1.0129538267315538e-08	1.5837329120063582e-08	0.1313237736713102	0.0
K12304	CANT1; soluble calcium-activated nucleotidase 1 [EC:3.6.1.6]	0.0006970674280979	0.0019579068281852	0.0001321430593104	0.0025159679859405	0.001214022947682	0.0036645800248027	0.031147970000427	0.0027557873727761	0.0018890240628667	0.0014148367243823	0.0016926914573103	0.003534588079394	0.0031825799842295	0.0099588625259445	0.0003724988122026
K12306	MSFD7, SLC49A4; MFS transporter, FLVCR family, MFS-domain-containing protein 7	1.8097388417186474e-09	8.026724330500261e-09	1.930173036770631e-09	3.781810959010888e-08	1.8924943677391823e-08	2.2955116109128456e-08	2.4327744069497534e-08	5.234816802208594e-09	4.909823741678422e-09	6.992804105515307e-09	3.3775339880203634e-09	3.4979681830723476e-09	5.469002821735616e-09	2.4930953681073585e-08	0.0
K12308	bgaB, lacA; beta-galactosidase [EC:3.2.1.23]	26278.513614807507	16421.96781061203	67336.32645450758	25216.746909793903	107018.28562689196	52292.53879874214	15949.14267466203	31906.20664944913	18398.10742269576	8626.28754083287	7478.73188436071	5429.823178291279	4009.708112109008	54207.13603100379	571.2747648954592
K12327	CALD1; caldesmon	0.0	3.771142535122023e-14	0.0	0.0	0.0	0.0	0.0	1.3817623157155477e-10	0.0	0.0	0.0	0.0	0.0	0.0	0.0001377202351279
K12329	PPP1R12B, MYPT2; protein phosphatase 1 regulatory subunit 12B	0.0002361553948723	0.0010474186717466	0.00025187102424	0.0049349388970943	0.002469542811397	0.0029954457428481	0.0031745619172493	0.0006830986883368	0.0006406898817338	0.000912500951372	0.0004407392128902	0.0004564548422578	0.0007136579550332	0.0032532755972172	0.0
K12339	cysM; cysteine synthase B [EC:2.5.1.47]	46.18682922676807	174.76958737715665	880.7559170496642	1781.761104141917	1498.659712725257	865.6007144094378	1121.334933321804	429.1575684491187	350.9868439457774	374.1384521864624	130.05061074438834	1082.1622113653543	214.23841490777903	854.5391842443712	76.35931708512041
K12340	tolC; outer membrane protein	24657.341932323357	14288.64602310314	104684.55037476183	13157.865608021595	2313.1102934276446	1851.3165763412767	1868.071691349988	37864.427383421935	21846.489118184825	4777.385075120167	100.72796865531257	3372.6982570519986	379.76906608355966	1581.2368412669111	744.2563151551649
K12342	yadB_C; adhesin YadB/C	4.902175952900305e-23	2.643193551863302e-22	1.0869393178816515e-22	3.687829828527032e-22	7.780773487070393e-22	7.85542591274908e-22	4.1780474238170635e-22	3.485272913518867e-22	3.5917770408204574e-22	3.687829828527032e-22	1.5985572751995716e-22	1.2894962328898163e-22	3.666429466499142e-22	3.4748215739238506e-22	7.674269359768803e-23
K12343	SRD5A1; 3-oxo-5-alpha-steroid 4-dehydrogenase 1 [EC:1.3.1.22]	8721.626731758062	5888.458251784106	26360.13456018792	6186.122511700554	761.3766287328033	656.6946531372089	285.3667817627805	12058.027776872472	6083.587314271697	1789.2465905975228	2.9093607850775745	682.8744159922625	57.31157716105948	165.06386412175718	335.4288894414982
K12348	ASAH1; acid ceramidase [EC:3.5.1.23]	0.0	0.0	0.0	0.0	0.0	0.0	0.0	0.0	0.0	0.0	0.0	0.0	0.0	0.0	0.0002705666072194
K12349	ASAH2; neutral ceramidase [EC:3.5.1.23]	0.0725148288150284	1.1502098572837465	0.0149317856195415	0.2617321946922429	0.1294258845068707	0.381220499575816	3.24528788195906	0.2866802285293331	0.1965122038767866	0.1471832404675743	0.1760880315387102	0.3676976418311078	0.3310787930175703	1.0360048141435476	0.0475331982681668
K12357	NEU2_3_4; sialidase-2/3/4 [EC:3.2.1.18]	0.0014981896917845	0.006644912168283	0.0015978909665794	0.0313076675178542	0.0156669873472706	0.0190033597862953	0.0201396878649505	0.0043336355448935	0.0040645905081381	0.0057889828001925	0.0027960866440256	0.0028957879188205	0.004527506103634	0.0206390540725039	0.0
K12368	dppA; dipeptide transport system substrate-binding protein	142.22968467977023	140.9680629039726	104.90304583314052	229.5009055873728	877.3337739156229	715.6080068056406	1294.9660215010622	353.08784233703085	408.05927829114336	298.49280320933144	105.97617741743026	1513.7046894795037	188.93219692936543	823.2964638040363	15.586962182203168
K12369	dppB; dipeptide transport system permease protein	23.453340380000856	82.37873235120044	55.00320705369401	127.31429760784884	357.0461486767613	323.73123492180133	328.4061644983993	104.74775464197386	102.19875226727518	111.42348314254812	50.94179975865834	199.2246789998132	95.8309597759138	203.90713237833967	15.500588360818492
K12370	dppC; dipeptide transport system permease protein	27.160499740250927	84.74516844475188	57.4234183106302	127.13122695587604	363.449277081876	325.5104151660745	329.9893149743483	101.11936787644308	104.2858455364573	112.02596159232723	61.909761086117896	195.04018625794467	103.3507285898573	201.2318689298225	15.500630839555756
K12371	dppD; dipeptide transport system ATP-binding protein	157.04276291000278	180.04152636458622	227.31965791037717	209.53474307484672	842.8232628162638	635.5740150083625	619.1524388207586	284.951138930242	222.9111771212464	181.3131722482852	77.54084248513712	278.2060545833106	104.0226325515018	304.42519372979154	15.86553879994922
K12372	dppF; dipeptide transport system ATP-binding protein	27.1598119076699	81.59009330412559	75.0535155455735	122.72079486119196	354.766834037304	318.86297758829056	352.316364931427	100.18209471373515	101.62964890233307	110.57296515927948	49.628185373018646	190.5967115981818	95.16203603335808	197.85489412168897	15.50070459422004
K12373	HEXA_B; hexosaminidase [EC:3.2.1.52]	83314.76835743048	63343.77909821508	298908.72568734444	95608.59845846478	128906.61785433847	57509.24096538538	16581.06606028331	125358.51117574956	86557.45683290757	23770.359181542543	8990.862837903293	7029.254718030781	2577.066512149074	70102.20012596324	3107.641012677098
K12394	AP1S1_2; AP-1 complex subunit sigma 1/2	2.799641226807089e-06	1.2417232715491266e-05	2.985951278739587e-06	5.850409809839161e-05	2.927662893277579e-05	3.551125054277348e-05	3.763468721680096e-05	8.098189968850808e-06	7.595430150852752e-06	1.0817772273813046e-05	5.224998867142642e-06	5.41130891907514e-06	8.460472536863253e-06	3.856784423263361e-05	0.0
K12405	HSD17B4; 3-hydroxyacyl-CoA dehydrogenase / 3a,7a,12a-trihydroxy-5b-cholest-24-enoyl-CoA hydratase / enoyl-CoA hydratase 2 [EC:1.1.1.35 4.2.1.107 4.2.1.119]	0.8168682256692659	2.366384732047449	0.1548537742247879	2.948372311877729	1.4226700008670177	4.294389412013808	36.5011851043686	3.2294080181939435	2.213679297411762	1.6579962254318388	1.9836041846217405	4.142056530692652	3.729550915700906	11.67043249094264	0.43651794865549
K12410	npdA; NAD-dependent deacetylase [EC:3.5.1.-]	61029.58817143555	48331.63673159202	105134.09385597984	36930.716301766384	96719.3730291375	57984.92909190876	19969.39146052997	80748.55908310095	31443.004853006554	14625.65177939169	5807.392376493743	6810.857521146803	6265.699327587656	38326.97442278719	1641.4948203075069
K12415	comC; competence-stimulating peptide	1.8863096991120432e-18	2.2357677624232678e-18	4.395724604159268e-31	8.612595432695795e-30	4.309916208042294e-30	5.2277369308324616e-30	5.540335562292273e-30	5.100560038801725e-18	1.118150166447787e-30	1.592522560055443e-30	1.7453807096534006e-19	7.966179463693648e-31	1.2454961190392222e-30	5.6777089107204794e-30	0.0
K12420	actIII, oxyJ, snoaD, aknA; ketoreductase [EC:1.1.1.-]	3.217367420522761	4.491376074131674	15.018938456068526	0.3761993793519977	6.017793675658865	0.221899797801825	9.778791324727294	0.9971470579211248	0.4005053481291896	0.1713631328316921	0.0351502525504281	0.0508032474476208	0.0604866440498056	0.2697317171402182	0.0030286137513891
K12421	fadD9; fatty acid CoA ligase FadD9	0.0001868587934285	0.6700899541047924	3.588432244781053e-05	0.0006744408405949	0.0003266560420488	0.000982342560067	0.0083516066575189	0.0007387278226838	0.0005063796455214	0.0003792670157288	0.0004537499108557	0.0009474963786283	0.0008531356248644	0.0026696141011733	9.98535805807016e-05
K12422	fadD10; long chain fatty acid CoA ligase FadD10 [EC:6.2.1.-]	0.0	0.0620934836486085	0.0	0.0	0.0	0.0	0.0	0.0	0.0	0.0	0.0	0.0	0.0	0.0	0.0
K12423	fadD21; fatty acid CoA ligase FadD21	3.697817737106593e-15	1.537566103399803e-13	3.9438994878825515e-15	7.72732911525179e-14	3.866911113956319e-14	4.690391428249682e-14	4.9708588582066445e-14	1.069623858176546e-14	1.0032184146969912e-14	1.4288313019203212e-14	6.9012748141722e-15	7.147356564948158e-15	1.1174748075415412e-14	5.0941119569112526e-14	0.0
K12424	fadD22; 4-hydroxybenzoate adenylyltransferase [EC:6.2.1.50]	0.0	0.3645493734762943	0.0307965831084417	0.0	0.0814117875232624	0.0	0.1302782900581086	0.0	0.0	0.0	0.0	0.0	0.0	0.0	0.0
K12425	fadD23; fatty acid CoA ligase FadD23	0.0	1.1616432897689908e-15	0.0	0.0	0.0	0.0	0.0	0.0	0.0	0.0	0.0	0.0	0.0	0.0	0.0
K12426	fadD26; long chain fatty acid CoA FadD26	0.0	0.0165390596607501	0.0168848225316876	0.0	0.0446355876389725	0.0	0.071427593107234	0.0	0.0	0.0	0.0	0.0	0.0	0.0	0.0
K12427	fadD28; long-chain fatty acid adenylyltransferase FadD28 [EC:6.2.1.49]	0.0	1.028898061370318e-13	0.0	0.0	0.0	0.0	0.0	0.0	0.0	0.0	0.0	0.0	0.0	0.0	0.0
K12428	fadD32; fatty acid CoA ligase FadD32	0.0	0.5675976767339586	0.1189843674282453	0.0	0.314539116419147	0.0	0.5033376552721672	0.0	0.0	0.0	11.4	0.0	0.0	0.0	0.0
K12429	fadD36; fatty acid CoA ligase FadD36	0.0	0.7550944159468354	0.0008468868155897	0.0	0.0022387733484675	0.0	0.0035825716709963	0.0	0.0	0.0	0.0	0.0	0.0	0.0	0.0
K12430	pks1_15; 4-hydroxyphenylalkanoate synthase [EC:2.3.1.261]	0.0	0.0020143810598875	0.0	0.0	0.0	0.0	0.0	0.0	0.0	0.0	0.0	0.0	0.0	0.0	0.0
K12431	pks2; polyketide synthase 2	0.0	0.0231370618067376	0.000429641263154	0.0	0.0011357709101674	0.0	0.0018175045233109	0.0	0.0	0.0	0.0	0.0	0.0	0.0	0.0
K12432	pks3_4; mycolipanoate synthase [EC:2.3.1.252]	0.0	1.5594079521736866e-16	0.0	0.0	0.0	0.0	0.0	0.0	0.0	0.0	0.0	0.0	0.0	0.0	0.0
K12433	pks5; polyketide synthase 5	0.0	0.01267690726113	3.3370016647306405e-06	0.0	8.821474432316332e-06	0.0	1.4116464455532458e-05	0.0	0.0	0.0	0.0	0.0	0.0	0.0	0.0
K12434	pks7; polyketide synthase 7	0.0	0.1643725322655559	1.8776960445563595	0.0	4.96375168876413	0.0	7.943187368296775	0.0	0.0	0.0	0.0	0.0	0.0	0.0	0.0
K12435	pks8; polyketide synthase 8	0.0	1.85354588734387e-17	0.0	0.0	0.0	0.0	0.0	0.0	0.0	0.0	0.0	0.0	0.0	0.0	0.0
K12436	pks12; polyketide synthase 12	22.722378170868904	94.06400896897338	49.30144978094073	99.88425767000986	33.11572927220318	18.13135878859482	83.09190823075063	175.2051658078065	24.10668789139248	0.1119633078940573	8.794702503857499	111.51632317909235	15.560000423384286	38.28563761047791	0.1067569749566942
K12437	pks13; polyketide synthase 13	0.0	0.499776344143487	0.3989378273225558	0.0	1.054605360556157	0.0	1.68762027267996	0.0	0.0	0.0	11.4	0.0	0.0	0.0	0.0
K12439	pks17; polyketide synthase 17	0.0	2.4656289208906297e-17	0.0	0.0	0.0	0.0	0.0	0.0	0.0	0.0	0.0	0.0	0.0	0.0	0.0
K12440	ppsA; phthiocerol/phenolphthiocerol synthesis type-I polyketide synthase A	0.0	0.0042285717459959	0.1189840603024308	0.0	0.3145383045218833	0.0	0.5033363560427752	0.0	0.0	0.0	0.0	0.0	0.0	0.0	0.0
K12441	ppsB; phthiocerol/phenolphthiocerol synthesis type-I polyketide synthase B	3.697817737106593e-15	0.0021141572443691	0.1189842650935145	7.72732911525179e-14	0.3145388458939249	4.690391428249682e-14	0.5033372223672351	1.069623858176546e-14	1.0032184146969912e-14	1.4288313019203212e-14	6.9012748141722e-15	7.147356564948158e-15	1.1174748075415412e-14	5.0941119569112526e-14	0.0
K12442	ppsC; phthiocerol/phenolphthiocerol synthesis type-I polyketide synthase C	0.0	0.1059377948480643	0.1226384386033651	0.0	0.3241987746044795	0.0	0.5187954137763807	0.0	0.0	0.0	0.0	0.0	0.0	0.0	0.0
K12443	ppsD; phthiocerol/phenolphthiocerol synthesis type-I polyketide synthase D	0.0	0.9751433854682312	0.1213502779295582	0.0	0.3207934791954883	0.0	0.5133461284023267	0.0	0.0	0.0	0.0	0.0	0.0	0.0	0.0
K12444	ppsE; phthiocerol/phenolphthiocerol synthesis type-I polyketide synthase E	0.0	0.1400206449241311	7.580170615750073e-08	0.0	2.0038432100941843e-07	0.0	3.20662738035358e-07	0.0	0.0	0.0	0.0	0.0	0.0	0.0	0.0
K12445	K12445; trans enoyl reductase [EC:1.3.1.-]	0.0	2.834195482096675e-16	0.0	0.0	0.0	0.0	0.0	0.0	0.0	0.0	0.0	0.0	0.0	0.0	0.0
K12446	E2.7.1.46; L-arabinokinase [EC:2.7.1.46]	0.0	0.0	0.0	0.0	0.0	0.0	6.123368303035155	4.102734979529756	0.0	0.0	0.0	0.0	0.0	0.0	0.0002558344424242
K12447	USP; UDP-sugar pyrophosphorylase [EC:2.7.7.64]	0.0	0.1536198367334688	0.0	0.0	0.0	0.0	0.0	0.0	0.0	0.0	0.0	0.0	0.0	0.0	0.0
K12448	UXE, uxe; UDP-arabinose 4-epimerase [EC:5.1.3.5]	4.789038437879351	15.553849525493334	14.519439080913603	40.34800602009324	171.86108789582997	80.34811935885318	161.01451188655977	28.92796030265413	21.638261731351893	18.60151878955053	19.047491306185037	66.24113139374617	10.272482009106376	75.0339374217455	0.5359527966502312
K12449	AXS; UDP-apiose/xylose synthase	0.0	1.7217163067365278e-35	0.0	0.0	0.0	0.0	0.0	0.0	0.0	0.0	0.0	0.0	0.0	0.0	0.0
K12450	RHM; UDP-glucose 4,6-dehydratase [EC:4.2.1.76]	8.672720648814098e-05	0.0003846606827389	9.249871399061975e-05	0.0018123382909203	0.0009069305803962	0.0011000665117321	0.0011658462727706	0.0002508654990802	0.0002352910197034	0.000335112642559	0.0001618598666543	0.0001676313741568	0.0002620882781929	0.00119475358433	1.931871497512072e-06
K12452	ascC, ddhC, rfbH; CDP-4-dehydro-6-deoxyglucose reductase, E1 [EC:1.17.1.1]	5215.366573218852	6957.439742265155	4038.1686099642593	2563.535303447755	1944.897585646303	1874.713083247524	4584.909403497957	4707.253316829348	2145.014107435631	1439.9261845787491	295.6576339508416	1270.2136681424463	848.7337729869255	986.7808222551536	165.44616864325118
K12453	rfbS; CDP-paratose synthetase [EC:1.1.1.342]	0.1429676192928454	0.6825589889282035	0.0114760618739799	2.6895839162668738	25.441086995003324	17.14015653265306	0.2379627081373416	11.22017575300168	8.097162738263696	2.789039570637755	0.0200815099421565	13.176723808771763	0.4331938244455867	0.1482298019767267	3.122687522245856e-05
K12454	rfbE; CDP-paratose 2-epimerase [EC:5.1.3.10]	74.10020966862278	126.69625269111594	40.74705427575458	236.8060004264792	128.2113872360628	165.75573199637807	356.7394096737632	342.1739236429573	33.76977690182698	19.56733678800964	25.054798685785	55.49888856984376	145.83171713187429	107.75480219576578	4.100043480214137
K12460	KIDINS220, ARMS; ankyrin repeat-rich membrane spanning protein	0.0347256028683631	0.1521216096336249	0.0360138854586005	0.7055020062559354	0.352972104123113	0.431806399757101	0.5032356335267205	0.10168363755807	0.0942070563551503	0.1320402809237423	0.065464077930343	0.070778597348816	0.1067403045324552	0.4789753812789903	0.0006326326970538
K12466	E1.1.1.275; (+)-trans-carveol dehydrogenase [EC:1.1.1.275]	0.0	0.601496194102518	388.68633702187	943.4454845923736	698.1192141771469	286.7201332132866	30.286170505261744	0.0	0.0	80.26325007502932	37.35470196431512	70.67024309488545	28.77148519260745	4.039160833744786	0.0
K12472	EPS15; epidermal growth factor receptor substrate 15	348.42385345370195	600.6421601720118	600.5398316788832	329.2515789431338	155.76797671931126	160.3382146214861	209.6224432283384	545.4601165233003	58.26279979360928	65.80680208397155	30.841858653209464	71.74909873917115	359.66685205668284	47.15354747164456	12.914758746510092
K12478	EEA1; early endosome antigen 1	1.320351141009455	88.88772705552444	13.27714347195435	60.03145981452595	821.3387041851548	827.4056349251576	16.078542600597746	12.204171849406691	2.804877981305636	31.787220018345494	66.74684171267337	9.39991939820652	9.02797340434064	113.2922705494612	1.3198412821262044
K12489	ACAP; Arf-GAP with coiled-coil, ANK repeat and PH domain-containing protein	0.0008024718376502	0.0035591987502969	0.000855874598088	0.0167692526676468	0.0083916717595575	0.0101787251192964	0.010787373868152	0.0023212150627443	0.0021771070994873	0.0031007393064251	0.0014976613440639	0.0015510641045017	0.0024250574963097	0.0110548482209874	0.0
K12495	IQSEC; IQ motif and SEC7 domain-containing protein	0.0	4.4059566180969626e-18	1.5437175519203795e-14	0.0	4.080868481101824e-14	0.0	6.53036352405435e-14	0.0	0.0	0.0	0.0	0.0	0.0	0.0	0.0
K12500	tesC; thioesterase III [EC:3.1.2.-]	10.4192099608546	55.39104690540563	22.315764487990872	83.40600070136523	160.98723916188547	163.9477959544619	104.4089853191398	71.8353411726696	76.6538117478995	76.0247391863054	33.26647941924185	27.48007891817029	75.62130663536277	77.73792531648745	16.979800961667216
K12501	HST; homogentisate solanesyltransferase [EC:2.5.1.117]	0.0	0.0010249253254478	8.614118304146188e-09	0.0	2.2771707062695605e-08	0.0	3.644016607526826e-08	0.0	0.0	0.0	0.0	0.0	0.0	0.0	0.0
K12502	VTE3, APG1; MPBQ/MSBQ methyltransferase [EC:2.1.1.295]	0.0	0.0	0.0	0.0	0.0	0.0	0.0	0.0	0.0	0.0	0.0	0.0	0.0	0.0	0.007437290517559
K12503	E2.5.1.68; short-chain Z-isoprenyl diphosphate synthase [EC:2.5.1.68]	0.0	2.147136866590847	526.5541499153767	1270.71	979.2802133409645	380.48	118.20963733918045	5.0	9.75	115.01	60.97	115.28	38.18	30.86	0.0
K12506	ispDF; 2-C-methyl-D-erythritol 4-phosphate cytidylyltransferase / 2-C-methyl-D-erythritol 2,4-cyclodiphosphate synthase [EC:2.7.7.60 4.6.1.12]	8591.515805794743	9730.750042919066	6849.090106603916	10089.791062210536	9817.370659944036	9694.284682540365	7760.507959529642	14154.791756919323	7445.009734211292	3503.214495067843	518.8466939620739	1598.9861956344805	1711.5165795382918	2509.538675192243	391.1894658903936
K12507	fadK; acyl-CoA synthetase [EC:6.2.1.-]	541.3638960773893	134.73242149130115	160.24881332515918	415.1516482168661	593.8255541113308	367.6637209908708	564.4785513191649	510.4849271741453	237.27728255230875	165.71446032864324	70.18503717739979	412.7480191015077	97.5745799216372	386.23565522898895	60.13488640844077
K12508	fcs; feruloyl-CoA synthase [EC:6.2.1.34]	11.32903897762857	16.08732001336403	582.7886739187518	1303.0447106953472	1247.011393651759	555.3208737111728	796.1167357215882	132.41741134421252	351.1188243203562	294.6496314150237	95.22694304051544	1656.7598206441785	136.2553828912663	714.4304451321431	0.0058438286059009
K12509	rcpB; pilus assembly protein RcpB	1.7090817281921191	3.7153950612872153	0.0	0.0	0.0	0.0	15.306873212932633	1.537404852946434	0.0	0.0	0.0	0.3843512132366085	0.7251426223064014	0.0	0.0
K12510	tadB; tight adherence protein B	18344.069321573726	17914.290593544843	9372.318779292407	8351.74940889511	6898.176780316406	6594.427499149882	7585.37131089847	15115.25223513307	6422.524034991913	4719.269676712253	684.7333136889833	2267.752936465627	3060.2886752648687	1719.891843579402	433.8822546301493
K12511	tadC; tight adherence protein C	6092.350371511417	9198.329344134912	4986.159995403145	5569.095059199585	1917.3857920524677	2182.0485011888886	4857.14076478132	8683.624779160771	4017.831605011782	3638.123053364503	405.0385609392988	1453.4762343678933	1613.6313418374398	1203.9919203870404	250.7509748621052
K12512	tadD; tight adherence protein D	1.7090817281921191	3.7153950612872153	0.0	0.0	0.0	0.0	15.306873212932633	1.537404852946434	1.342547370554262	0.0	0.0	0.3843512132366085	0.7251426223064014	0.0	0.0
K12513	tadE; tight adherence protein E	1.7090817281921191	3.7153950612872153	0.0	0.0	0.0	0.0	22.584463350681325	1.537404852946434	1.342547370554262	0.0	0.0	0.3843512132366085	0.7251426223064014	0.0	0.0
K12514	tadF; tight adherence protein F	1.7090817281921191	3.7153950612872153	0.0	0.0	0.0	0.0	22.584463350681325	1.537404852946434	1.342547370554262	0.0	0.0	0.3843512132366085	0.7251426223064014	0.0	0.0
K12515	tadG; tight adherence protein G	1.7090817281921191	3.7153950612872153	0.0	0.0	0.0	0.0	22.584463350681325	1.537404852946434	1.342547370554262	0.0	0.0	0.3843512132366085	0.7251426223064014	0.0	0.0
K12516	bigA; putative surface-exposed virulence protein	48.34414588555833	70.91247857447631	287.7538240556751	92.88066431024116	254.5304870034068	212.3589596167704	86.50068064326561	134.8998541179046	122.2839534507921	114.1290328440764	41.45770936129066	30.606636499996306	73.59102259131396	107.15517576765616	15.468527410425384
K12517	papA; major pilin subunit PapA	8.49683903734561	45.8139209414645	18.839691835089152	63.920383011909614	134.86251929935156	136.15645417813514	72.41722204925523	60.40950637414346	62.25552013454139	63.920383011909614	27.70745887101939	22.350568472855308	63.54945501332499	60.22835549111375	13.301650553895362
K12518	papC; outer membrane usher protein PapC	8.128674328642715	43.82882168469184	18.02337536421897	61.1507378428858	129.01897914111697	130.25684832821992	69.27941217152852	57.79198611521313	59.55801282214667	61.1507378428858	26.506905526497867	21.38212709189165	60.79588200924962	57.61868442901872	12.725295243418342
K12519	papD; chaperone protein PapD	8.128674240437885	43.82882120910215	18.023375168646037	61.15073717933475	129.01897774112274	130.2568469147935	69.27941141977264	57.79198548810814	59.5580121758784	61.15073717933475	26.50690523886953	21.382126859872653	60.79588134954914	57.61868380379423	12.725295105335247
K12520	papE; minor pilin subunit PapE	8.488724084209835	45.77016610278014	18.821698883161705	63.859335496441496	134.73371810409805	136.02641720321628	72.34805958065134	60.35181194083398	62.19606265557602	63.859335496441496	27.68099670911877	22.32922243876922	63.488761754694266	60.17083406695743	13.2889467389356
K12521	papF; minor pilin subunit PapF	8.48889483310256	45.77108676000781	18.822077477660905	63.86062001349234	134.73642824439128	136.029153345879	72.34951484659491	60.35302590478906	62.19731371624485	63.86062001349234	27.68155350652327	22.3296715863642	63.49003881773255	60.17204439058078	13.28921404329355
K12522	papG; adhesin PapG	8.489065491209942	45.77200692773199	18.822455870865497	63.86190384757936	134.73913694373223	136.0318880337642	72.35096933878931	60.35423922329262	62.19856411173824	63.86190384757936	27.682110007884603	22.330120495152247	63.491315201770206	60.17325407068814	13.289481205528665
K12523	papK; minor pilin subunit PapK	8.128503377009656	43.82789993431298	18.022996320191968	61.14945180065132	129.01626578291263	130.25410893677198	69.27795517766098	57.79077070984632	59.55676027601898	61.14945180065132	26.506348067974635	21.38167741099697	60.79460342987832	57.61747266830601	12.725027621674
K12524	thrA; bifunctional aspartokinase / homoserine dehydrogenase 1 [EC:2.7.2.4 1.1.1.3]	15765.770378476162	9742.12768406469	62255.22653624358	9174.738844751297	1327.3377502963876	1149.9041910734495	670.5736218288632	23597.82157325187	14263.649046296972	3331.673906323552	36.80411392262307	944.469375215001	176.687666721923	417.3542144708472	521.387019491597
K12525	metL; bifunctional aspartokinase / homoserine dehydrogenase 2 [EC:2.7.2.4 1.1.1.3]	10.000005524967	53.5317518702774	21.86866290717726	74.6458862829452	156.6035014943597	158.63051686895326	98.7737533161825	70.62275824830787	75.51650959343353	74.40493945265193	32.48411392262307	26.669816274804223	74.35447731062705	71.96296699376123	15.50002200508154
K12526	lysAC; bifunctional diaminopimelate decarboxylase / aspartate kinase [EC:4.1.1.20 2.7.2.4]	0.0	0.0	0.0	0.0	0.0	0.0	0.0	0.0	0.0	2.8	0.0	0.0	0.0	0.0	0.3498708067704788
K12527	ygfK; putative selenate reductase [EC:1.97.1.9]	6661.475936000922	8016.252178275996	3410.7636577009075	8534.957927721229	48222.09691019783	20554.12208604939	3225.16908576103	8627.807508319998	2813.9307710000307	1236.948583510596	3350.349764048664	1694.3483794896456	1456.0821679150522	26303.501576920236	330.099913909939
K12528	xdhD; putative selenate reductase molybdopterin-binding subunit	53.990810043710574	60.38358017369824	46.86506029957481	89.2931662313086	176.86400357936282	173.94648844319244	338.18633234835534	108.68611867375014	86.91832124731599	82.13561974665265	48.130333158312936	233.2706223535903	131.74597549148297	71.49293466733192	15.756032294995462
K12529	ygfM; putative selenate reductase FAD-binding subunit	205.62940851917077	481.0670468484632	321.0537984657271	2517.647343425561	688.3457597550149	739.5922810217162	809.8271336631219	1291.9955681805543	142.65077649745083	238.12551096176145	129.51460442161417	53.078432902385984	448.5330568308171	91.96321361768491	58.61172680754197
K12530	rtxB, fitA; ATP-binding cassette, subfamily B, bacterial RtxB	0.0014478726164083	0.0016488611775994	0.0001959120045533	0.0047271042730102	0.0020616963340667	0.0025950403470249	0.0029626313827162	0.0008440488675331	0.0014206906656936	0.0010849648351588	0.0003428187221739	0.0003550427581126	0.0005551022034309	0.0025304845824903	0.0
K12531	rtxE, fitC; ATP-binding cassette, subfamily B, bacterial RtxE	1.741848273721392	1.238876420237757	0.0252964628578759	1.7032852462149837	0.4394123945954575	0.6611422734057903	0.98938082967302	0.4936146934613801	1.3178898327588655	0.6015703323672752	0.0442659299203119	0.0458451233440456	0.0716768959289689	0.3267437378520427	1.6391504748083308e-07
K12532	rtxD, fitB; membrane fusion protein, RTX toxin transport system	0.5415959165073281	0.5223318123255449	0.3830086979830735	0.2466482380101697	0.3161540334726812	0.4364153437900515	0.1380807627367021	0.6381488190151132	0.2001475101007965	0.3595937479296688	0.0084555682551407	0.0670958894042454	0.296443511129418	0.1296459370441045	0.0112789930647406
K12533	rsaD; ATP-binding cassette, subfamily C, bacterial RsaD	0.0	0.0	0.0	0.0	0.0	0.0	0.0	0.0	0.0	0.0	0.0	1.2310130147195786e-10	0.0	2.9356566867489434e-10	0.0
K12534	rsaE; membrane fusion protein, S-layer protein transport system	0.0	0.0	0.0	0.0	0.0	0.0	0.0	0.0	0.0	0.0	0.0	1.2310130147195786e-10	0.0	2.9356566867489434e-10	0.0
K12535	rsaF; outer membrane protein, S-layer protein transport system	0.0	0.0	0.0	0.0	0.0	0.0	0.0	0.0	0.0	0.0	0.0	1.2310130147195786e-10	0.0	2.9356566867489434e-10	0.0
K12536	hasD, prtD, aprD; ATP-binding cassette, subfamily C, bacterial exporter for protease/lipase	3.61836794612608	13.760178178158458	23.11552534254593	45.94455049457885	191.66462597970047	210.52728968726893	710.9258204388667	124.13996567353264	318.9056600606805	162.863613692561	32.82291314411964	1422.7379395087764	116.9118123172549	640.2157383228007	54.550278869961694
K12537	hasE, prtE; membrane fusion protein, protease secretion system	3.61836794612608	13.76014421866844	22.99654128224349	45.94455049457885	140.3500876751786	210.52728968726893	452.4224859556108	73.13996567353264	166.90566006068045	103.86361369256096	17.82291314411963	807.0508931732104	72.9118123172549	362.5773054671005	54.30637951180456
K12538	hasF, prtF; outer membrane protein, protease secretion system	0.1497474095768567	5.420608272175512	7.530577201171891	25.53487407298997	101.53712917558867	139.02650763916043	434.0654144712736	59.48448853151166	161.8883456787833	86.9565214418329	15.363632197873228	811.6211688010076	49.42496546414917	364.8441722142504	51.37267569734454
K12539	prsD; ATP-binding cassette, subfamily C, bacterial PrsD	0.0	0.0	0.0	0.0	0.0	4.2	0.0	8.0	0.0	0.0	1.8	16.4	10.03669948886552	47.401385391570265	0.0
K12540	prsE; membrane fusion protein	0.0	0.0	0.0	0.0	0.0	4.2	0.0	8.0	0.0	0.0	1.8	16.4	10.03669948886552	47.401385391570265	0.0
K12541	lapB; ATP-binding cassette, subfamily C, bacterial LapB	46.05164505718131	69.08868647600826	109.64711261511688	123.49530304405572	363.5111289640287	330.1928229051464	383.01054745851	272.47511626521765	113.54268942486588	115.30568529715458	55.56845412503469	445.97715246870496	84.80171415455993	370.0218105223496	13.795461543954492
K12542	lapC; membrane fusion protein, adhesin transport system	41.287116862009256	69.1401206535364	84.55047889388138	123.63598611714508	363.7912036373324	330.7449863854084	393.96299912156223	272.5660870934162	114.92186437753496	115.43424021962474	55.58210937085102	445.94457917818943	84.95403191538877	369.7695841617757	13.813959715375036
K12543	lapE; outer membrane protein, adhesin transport system	37.39929353133161	68.79676904907103	64.13057286126762	122.69870010452344	361.9137114984241	327.06199968375506	393.2815168070159	271.94463890723904	111.98771462411298	114.54391434065045	55.48961779288481	445.1298943623509	83.93643115418833	368.9271323231696	13.826874275837204
K12544	rsaA; S-layer protein	0.0006095951009262	0.0014545118400778	0.0029947479912233	0.0039679710521691	0.0079362222491456	0.0155620440516799	0.0026952731955096	0.0025669668703068	0.0010483018693318	0.0036365597469676	0.0003849189653826	0.0021817678331684	0.0042890170014621	0.000288829473404	0.0005241509346659
K12545	hasA; heme acquisition protein HasA	0.1497474095768567	5.4185980194605765	1.4735793453864507	13.416861876494652	18.007384320579423	41.12738775548659	71.34281777477221	2.112386741032178	2.2324871173281	5.6308241428652845	0.3636321978732279	76.38430216368273	1.5970361834215656	47.06133538552623	0.0800220035384622
K12549	lapA; surface adhesion protein	0.0	0.0	0.9280805515815386	1.8561611031630767	4.983738915718204	14.999498394346714	11.923598361338811	0.9763621987736416	1.1730652058525803	3.420844114018272	0.0	18.42034250836499	0.5865326029262902	6.400002547570047	0.0003193040947763
K12551	sgtA; monofunctional glycosyltransferase [EC:2.4.1.129]	2.35301951356228e-09	1.0436333986021912e-08	2.509607859087518e-09	4.9171044893447366e-08	2.460618114582804e-08	2.9846204820123114e-08	3.1630893473068413e-08	6.806300335479849e-09	6.383744884068088e-09	9.092032582541005e-09	4.391464225846181e-09	4.5480525713714194e-09	20.00000000711079	3.2415185633952153e-08	0.0
K12552	pbpA; penicillin-binding protein 1 [EC:3.4.-.-]	5.258868178050874e-08	233.23220521417943	92.73907060752973	374.5987416543919	2486.8258341750056	1413.9030271175814	118.6299084856347	41.90134551490564	102.68562841262673	799.6252632332645	296.52291889694084	64.23645000480975	35.19310000189587	944.212237387266	4.836598854978718
K12553	pbp3; penicillin-binding protein 3 [EC:3.4.-.-]	38.40519520490945	103.83907986959392	143.49742851361495	584.1972779910645	543.487092128994	354.4290210426896	579.0650277599996	129.06481695868007	69.47967216456284	147.25675899536122	125.86717394269829	188.7221395103809	119.63222734155023	184.570605802562	1.0216180532113974
K12554	murN; alanine adding enzyme [EC:2.3.2.-]	121.48926305312187	79.8544903159142	201.3282435703641	112.18151521790072	36.93220300155991	18.95032886032425	70.9584397460396	87.91597865925111	161.54251503115773	69.40711328245277	14.427299234463652	34.75044168227763	14.720727978298768	45.90494578868078	0.0236288874058109
K12555	pbp2A; penicillin-binding protein 2A [EC:2.4.1.129 3.4.16.4]	1155.2277891009926	6897.476178237294	17233.017616844503	1368.495183717189	1231.7057556067289	1693.0625203715	4711.400592427669	10345.677854164463	1667.1738239388633	1860.1599536869244	281.3802977136246	433.8608270244226	134.99984500296785	430.4458901404456	40.20145076103002
K12556	pbp2X; penicillin-binding protein 2X	49.390000011941005	58.54000005296185	13.440000012735648	2.495310932608411e-07	5.880000124870385	1.514622301517286e-07	56.270000160519096	133.55000003454032	11.200000032395952	4.61398539567538e-08	15.490000022285614	28.36000002308026	5.320000036085523	36.08000016449918	0.0
K12561	MARCKS; myristoylated alanine-rich C-kinase substrate	0.0014981896917845	0.0067886437385289	0.0015978909665794	0.0313076675178542	0.0156669873472706	0.0190033597862953	0.0201396878649505	0.0043336355448935	0.0040645905081381	0.0057889828001925	0.0027960866440256	0.0028957879188205	0.004527506103634	0.0206390540725039	0.0
K12567	TTN; titin [EC:2.7.11.1]	14.173812443020635	101.45303514030448	7.194786766502233	237.84981923466117	99.51546970326052	136.3761702158431	22.94067051211884	254.56123533734967	106.93590960604875	328.58237403591954	8.694369511043096	7.979193615273668	114.86527995956769	11.740811861351633	0.0030119748314096
K12570	aphD, strA; streptomycin 6-kinase [EC:2.7.1.72]	0.0	0.117654273536144	1.7928365489714797	0.0	4.739422801382019	0.0	7.584207609371464	0.0	0.0	0.0	0.0	0.0	0.0	0.0	0.0
K12573	rnr, vacB; ribonuclease R [EC:3.1.-.-]	42226.56090429816	41499.45485780635	112152.68882153805	34248.09057055107	88185.22270875241	50746.13060131837	18380.33305762608	67398.41610791846	29489.441490243367	13400.525406501783	5713.769308333955	6138.180867952491	4749.9163002596	38646.845687517256	1338.7234439951574
K12574	rnj; ribonuclease J [EC:3.1.-.-]	42160.98790633312	51698.159789396246	70769.7764112679	37302.824750179054	140533.96954503545	73965.93491411585	25497.751338116992	68134.55184760285	19093.900781801247	14468.89582435076	9733.904694283554	6722.8883934053865	6616.489179090343	65521.353452464966	1275.749800219712
K12580	CNOT3, NOT3; CCR4-NOT transcription complex subunit 3	0.0	0.0008126063965018	0.0	0.0	0.0	0.0	0.0	0.0	0.0	0.0	0.0	0.0	0.0	0.0	0.0
K12581	CNOT7_8, CAF1, POP2; CCR4-NOT transcription complex subunit 7/8	4.315169713821873e-12	1.9139047543057976e-11	4.602334899768426e-12	9.017409439157356e-11	4.512493289634656e-11	5.473453933126966e-11	5.800745499533571e-11	1.248197938927158e-11	1.1707060832144152e-11	1.6673751922212485e-11	8.053445080876116e-12	8.340610266822668e-12	1.3040376211822962e-11	5.944575746581112e-11	0.0
K12582	wecF, rffT; dTDP-N-acetylfucosamine:lipid II N-acetylfucosaminyltransferase [EC:2.4.1.325]	14.96092379514328	64.31635893341799	21.86866290355957	74.64588627067091	156.60350146846278	158.63051684280785	98.77375330227662	75.08535338376132	75.51650958147894	74.40493944037765	32.48411391730255	27.785465057275758	76.45933467611759	71.96296698219591	15.5000465061227
K12583	mgtA; phosphatidylinositol alpha 1,6-mannosyltransferase [EC:2.4.1.-]	1.2194984885977316e-12	1.1362154633665895	2.298634541794814	2.5483857904582173e-11	6.076516548981095	1.5468380716237987e-11	9.72387672097886	3.5274985711843665e-12	3.3085009252340158e-12	4.712124114901264e-12	11.400000000002276	2.3571173995296627e-12	3.6853055929935016e-12	1.6799805382138095e-11	0.0
K12584	DCPS, DCS; m7GpppX diphosphatase [EC:3.6.1.59]	0.0089868493800685	0.0398593216383826	0.0095849047161159	0.1877981766708816	0.0939779897708811	0.1139911274594805	0.1208073599734454	0.0259951928141323	0.0243813336112329	0.0347250530252813	0.0167722483082563	0.0173703036443036	0.0271581199922927	0.1238027943415863	0.0
K12585	DIS3, RRP44; exosome complex exonuclease DIS3/RRP44 [EC:3.1.13.-]	0.0	0.0	0.0	0.0	0.0	0.0	0.0	0.0	0.0	0.0	0.0	0.0	0.0	0.0	0.0054810637401673
K12600	SKI3, TTC37; superkiller protein 3	211.98099803342075	251.27080234811692	816.9132684531161	131.58835311577127	128.78669516681254	266.1749953994879	734.6815216689802	172.20598697246407	77.8577102696918	79.90828602973426	41.92179139812905	97.52497404435027	115.7175951061446	215.91279113591943	13.55439532250096
K12603	CNOT6, CCR4; CCR4-NOT transcription complex subunit 6 [EC:3.1.13.4]	6.277168295841255e-05	0.0001763116475206	1.1899626764695986e-05	0.0002265656640676	0.0001093240919089	0.0003299994322218	0.0028049087058908	0.000248161661687	0.0001701086792975	0.0001274075917493	0.0001524287138112	0.0003182935156125	0.0002865948023205	0.000896806443547	3.354392473303662e-05
K12608	CAF16; CCR4-NOT complex subunit CAF16	0.0498066389445222	0.8852790902163037	0.0039979967008577	0.2691973206037854	0.0694473063771897	0.1044906662110797	0.1563655602520075	0.6639679789132323	0.4094393151110269	0.0950757130376768	0.0069959374024479	1.3469005947601476	0.4094352144793813	0.0516398626793237	0.0
K12613	DCP2; mRNA-decapping enzyme subunit 2 [EC:3.6.1.62]	0.0010206091298039	0.0045267018341434	0.0010885284539501	0.0213276673019507	0.010672794246837	0.0129456253778794	0.0137197241571522	0.002952194923391	0.0027689138460036	0.0039436185755078	0.0019047731887785	0.0019726925129247	0.0030842650232816	0.0140599065207994	0.0
K12618	XRN1, SEP1, KEM1; 5'-3' exoribonuclease 1 [EC:3.1.13.-]	0.000291074771587	0.0012910022690755	0.0003104451663688	0.0060825890217082	0.0030438500468743	0.0036920549110138	0.0039128256436899	0.000841957452577	0.0007896862194684	0.0011247086103502	0.0005432358036572	0.0005626061984389	0.0008796234630374	0.0040098446697842	0.0
K12619	XRN2, RAT1; 5'-3' exoribonuclease 2 [EC:3.1.13.-]	0.0020630409757652	164.9861180392158	61.56249743844605	265.01422335129354	1759.0810039047058	1000.1516301784984	45.79331479184192	29.64475452714134	73.50683415102762	565.6240069741533	172.14683105725462	45.44156401657021	10.75299793858399	686.2360857069622	3.421176039656174
K12644	E2.3.1.159; acridone synthase [EC:2.3.1.159]	0.0	0.0	0.0	0.0	0.0	0.0	0.0	0.0	0.0	0.0	0.0	0.0	0.0	0.0	0.0016172195798194
K12645	CYP170A; epi-isozizaene 5-monooxygenase / beta-farnesene synthase [EC:1.14.13.106 4.2.3.47]	0.0	0.0005798224864011	2.03152737723151	0.0	5.370409912050491	0.0	8.593937580023518	0.0	0.0	0.0	0.0	0.0	0.0	0.0	0.0
K12658	lhpA; 4-hydroxyproline epimerase [EC:5.1.1.8]	6.718598291572835	13.7867601477511	32.928601705648504	48.39673204789982	249.16963420499783	156.06555263662713	484.1510690371874	77.58217416885088	179.7573128597686	100.26225616156576	30.703256390739263	767.8703158750063	54.70144065455818	388.7792693956159	0.5976654630138453
K12659	ARG56; N-acetyl-gamma-glutamyl-phosphate reductase / acetylglutamate kinase [EC:1.2.1.38 2.7.2.8]	7.684984640566015e-19	3.4085168407708843e-18	8.196403701613782e-19	1.6059311135700997e-17	8.036402719091536e-18	9.74779955286429e-18	1.0330680604509848e-17	2.222944316260868e-18	2.084937294424885e-18	2.9694666935665386e-18	1.4342564917419997e-18	1.4853983978467764e-18	2.3223904861508466e-18	1.0586831187850449e-17	0.0
K12660	rhmA; 2-dehydro-3-deoxy-L-rhamnonate aldolase [EC:4.1.2.53]	135.13424129952568	110.34178566770792	88.04063950555074	136.66969740772484	319.7306852876211	302.8145577899163	347.31098272017454	143.833233827491	183.2913655834879	151.27420261726954	59.7012316500062	214.01727106063944	135.2253760606661	268.4180774718802	50.495869815617056
K12661	LRA3, yfaW; L-rhamnonate dehydratase [EC:4.2.1.90]	131.8216108849521	122.73417345108342	80.5030406502121	130.3825889840655	228.01813721088263	249.20759521270344	107.21994915068272	133.4380637779946	77.3929409245755	83.35749984306844	43.598250994773046	38.208002169892886	127.5612507547752	80.5320437977245	15.491474326041123
K12673	ceaS; N2-(2-carboxyethyl)arginine synthase [EC:2.5.1.66]	4.865225521638735e-11	0.0010744581168765	0.1189840930182264	1.0166860970016859e-09	0.3145383913787702	6.171156532190679e-10	0.5033364948743866	1.4073060554428895e-10	1.3199362926905303e-10	1.8799159424386382e-10	9.080019823807051e-11	9.403790030832327e-11	1.4702636365451344e-10	6.702332365965187e-10	1.343117922589839e-07
K12674	bls; (carboxyethyl)arginine beta-lactam-synthase [EC:6.3.3.4]	1.991769473611217e-06	0.0011172514748574	0.23797027758618	4.162200340449617e-05	0.6290975238806349	2.5264031735066924e-05	1.0066996249871465	5.761355211166516e-06	5.403673073734603e-06	7.696167773622845e-06	3.717259605830561e-06	3.849807544656738e-06	6.019096579195871e-06	2.7438606800758218e-05	0.0
K12675	cs; clavaminate synthase [EC:1.14.11.21]	0.0	0.0261328187194035	0.1189840603031827	0.0	0.3145383045238711	0.0	0.503336356045956	0.0	0.0	0.0	0.0	0.0	0.0	0.0	0.0
K12676	pah; proclavaminate amidinohydrolase [EC:3.5.3.22]	1.991769473611217e-06	0.0010832919755193	0.1189861846266688	4.162200340449617e-05	0.3145591330286779	2.5264031735066924e-05	0.5033631307956498	5.761355211166516e-06	5.403673073734603e-06	7.696167773622845e-06	3.717259605830561e-06	3.849807544656738e-06	6.019096579195871e-06	2.7438606800758218e-05	0.0
K12678	aidA-I, misL; autotransporter family porin	395.4181455792592	459.4873851365254	1967.4887741071525	369.142658433984	339.9548124094595	343.2235255710042	245.8214726910013	1502.272474811294	450.1629341319514	169.52279688214367	69.84175558533124	132.37676082563473	160.18723690198948	151.85152255696713	33.52863878094216
K12679	icsA, virG; outer membrane protein IcsA	1.488305485680443e-15	8.024761862384601e-15	3.2999585591127795e-15	1.1196287968418356e-14	2.362250554632289e-14	2.3849151051756462e-14	1.2684593454098802e-14	1.0581323163675272e-14	1.0904670751427166e-14	1.1196287968418356e-14	4.8532357563508446e-15	3.914923363855866e-15	1.1131316256860736e-14	1.0549592792914572e-14	2.3299157958570995e-15
K12684	esp, sigA, sepA; serine protease autotransporter [EC:3.4.21.-]	24.789429788343465	142.2296553052299	54.979145779349246	196.3981072983886	403.1534242556551	414.2093466939671	249.7647848025877	176.13530601839383	187.071872867136	186.3640470935489	80.77321299382925	112.20636763453771	185.34486878344097	210.67559772284812	38.7762250805572
K12685	ssp; subtilase-type serine protease [EC:3.4.21.-]	375.03913541516624	346.94366229636427	1929.466088361264	230.44046652911803	51.91702556589619	156.1977583555641	302.30691675466664	1363.9142913171838	288.61342202388835	44.27853412736205	2.54877570318933	272.7219794655902	10.710304341116895	117.79720541377183	0.5647162119028212
K12686	apeE, estA, lip-1; outer membrane lipase/esterase	0.1920902199297567	0.5399583830672305	3.78144916826276	8.187401672071509	20.446200745510684	61.53479035703421	114.29095102586383	4.969777920239202	5.25387958565683	16.993476642282808	0.46630834486033	85.26012691423551	3.2432832475358278	72.3221741387576	0.1025112185280083
K12687	flu; antigen 43	48.78952350253231	263.0669199162317	108.17870738036464	367.0393598325556	774.3898819945928	781.8202941675819	415.8267011543032	346.875087239305	360.41494219984816	367.0349633665109	159.09806591104487	128.33855638137192	364.9048593216392	345.8377191735791	76.37872815075447
K12689	capA; campylobacter adhesion protein	0.0006051725913536	0.0014439596021637	0.0029730215999865	0.0039391840918812	0.0078786462961665	0.0154491440485739	0.0026757194399879	0.0025483439589033	0.0010406966161973	0.0036101771178134	0.0003821264432536	0.0021659394032456	0.0042579009069967	0.0002867338886422	0.0005203483080986
K12700	rihC; non-specific riboncleoside hydrolase [EC:3.2.-.-]	12038.02947641446	7729.446543727344	17578.85321626495	4637.518539495051	30226.98331537428	26471.59124994668	2896.572518965384	31620.76030081849	1600.0075275603604	1953.7873832378368	256.6636729989417	256.3286016950729	322.9476185386426	659.8085298733342	196.6191059359494
K12701	novH; novobiocin biosynthesis protein NovH	0.0	0.0003994318876131	0.3087192698858414	0.0	0.8161096156603632	0.0	1.3059701606211778	0.0	0.0	0.0	0.0	0.0	0.0	0.0	0.0
K12702	novI, CYP163A; novobiocin biosynthesis protein NovI	0.0	0.0004263348870367	0.4029715816381684	0.0	1.0652687236996377	0.0	1.7046841986649333	0.0	0.0	0.0	0.0	0.0	0.0	0.0	0.0
K12703	novJ; novobiocin biosynthesis protein NovJ	0.0	0.0003904222968012	0.2771523147897319	0.0	0.732661324270648	0.0	1.172432978337636	0.0	0.0	0.0	0.0	0.0	0.0	0.0	0.0
K12704	novK; novobiocin biosynthesis protein NovK	0.0	0.0003904222968012	0.2771523147897319	0.0	0.732661324270648	0.0	1.172432978337636	0.0	0.0	0.0	0.0	0.0	0.0	0.0	0.0
K12705	novO, couO; 8-demethylnovobiocic acid C8-methyltransferase [EC:2.1.1.284]	0.0	1.278029222560903e-11	4.477838330570257e-08	0.0	1.1837313946428629e-07	0.0	1.8942527448879225e-07	0.0	0.0	0.0	0.0	0.0	0.0	0.0	0.0
K12706	novC; novobiocin biosynthesis protein NovC	0.0	0.0166674343303667	0.8436697300575464	0.0	2.230268876303545	0.0	3.568962485827034	0.0	0.0	0.0	0.0	0.0	0.0	0.0	0.0
K12707	novQ, cloQ; 4-hydroxyphenylpyruvate 3-dimethylallyltransferase [EC:2.5.1.111]	0.0	0.0150378064513125	0.2771524978816533	0.0	0.7326618082802067	0.0	1.1724337528684452	0.0	0.0	0.0	0.0	0.0	0.0	0.0	0.0
K12708	novR, cloR; 4-hydroxy-3-prenylphenylpyruvate oxygenase / 4-hydroxy-3-prenylbenzoate synthase [EC:1.13.11.83 1.13.12.23]	0.0	0.0564608178483993	0.2771524978816533	0.0	0.7326618082802067	0.0	1.1724337528684452	5.879805845814821	0.0	0.0	0.0	0.0	0.0	0.0	0.0
K12709	novL, cloL, couL; 8-demethylnovobiocic acid synthase [EC:6.3.1.15]	0.0	0.0004169827996808	0.3702125013447119	0.0	0.9786690098639388	0.0	1.5661039883383556	0.0	0.0	0.0	0.0	0.0	0.0	0.0	0.0
K12710	novU; C-methyltransferase [EC:2.1.1.-]	0.0	0.0061290326057869	0.277155299466129	0.0	0.7326692143615652	0.0	1.17244560436618	0.0	0.0	0.0	0.0	0.0	0.0	0.0	0.0
K12711	novM, cloM, couM; L-demethylnoviosyl transferase [EC:2.4.1.302]	0.0	0.0289608647084645	0.2771523147897319	0.0	0.732661324270648	0.0	1.172432978337636	0.0	0.0	0.0	0.0	0.0	0.0	0.0	0.0
K12712	novP, cloP, couP; demethyldecarbamoylnovobiocin O-methyltransferase [EC:2.1.1.285]	0.0	0.0271909492851403	1.2159471349132098	0.0	3.2143965269945425	0.0	5.143801602266922	0.0	0.0	0.0	0.0	0.0	0.0	0.0	0.0
K12713	novN; decarbamoylnovobiocin carbamoyltransferase [EC:2.1.3.12]	0.0	0.6022369859728767	4.836305663138553e-08	0.0	1.2784934213596556e-07	0.0	2.045894603870284e-07	0.0	0.0	0.0	0.0	0.0	0.0	0.0	0.0
K12714	clohal; clorobiocin biosynthesis protein Clo-hal	0.0087289960516545	0.0387956888188299	0.2896854395430127	0.1824098160923626	0.8324635929433647	0.1107204604679673	1.3034092884417272	0.0252493310881373	0.0236817772086567	0.0337287115797718	0.0162910140215371	0.0168719097777969	0.0263788912172995	0.1202506081150392	0.0
K12719	cloN4; clorobiocin biosynthesis protein CloN4	0.0	0.0072638194025337	0.2943673686131576	0.0	0.7781698892675902	0.0	1.2452575435654396	0.0	0.0	0.0	0.0	0.0	0.0	0.0	0.0
K12720	cloN5; clorobiocin biosynthesis protein CloN5	0.0065223959298074	0.0075385073178502	0.2785488449729039	0.0246987638218034	0.740102410926759	0.013683507067346	1.1863757767912957	0.0014199321653346	0.0084732422183803	0.0018967822276256	0.0009161484212929	0.0009488159231028	0.0014834545911161	0.0067624645487669	0.0
K12721	cloN3; clorobiocin biosynthesis protein CloN3	0.0	0.0003091807115068	0.2780327570229947	0.0	0.7349888024771911	0.0	1.1761574989521637	0.0	0.0	0.0	0.0	0.0	0.0	0.0	0.0
K12722	cloN6, couN6; clorobiocin/coumermycin A biosynthesis protein CloN6/CouN6	0.0	0.0477021340671059	0.2771595324918866	0.0	0.732680404505366	0.0	1.17246351126694	0.0	0.0	0.0	0.0	0.0	0.0	0.0	0.0
K12723	cloN2; clorobiocin biosynthesis protein CloN2	0.0	0.0073215098714591	0.2771523899744469	0.0	0.7326615230239325	0.0	1.1724332963903263	0.0	0.0	0.0	0.0	0.0	0.0	0.0	0.0
K12724	cloN7, couN7; clorobiocin/coumermycin A biosynthesis protein CloN7/CouN7	0.0	0.0062519949870917	0.2771595324918866	0.0	0.732680404505366	0.0	1.17246351126694	0.0	0.0	0.0	0.0	0.0	0.0	0.0	0.0
K12733	PPIL1; peptidyl-prolyl cis-trans isomerase-like 1 [EC:5.2.1.8]	16.049393826513402	17.592593027422527	64.05653943455437	1.7777781321728132	0.971124073800712	0.9605343594817484	16.118504286985647	4.871486131382694	1.9250086664396604	0.7990814999402851	0.1072359571903854	0.111059716249705	0.1736396301401783	0.9453022200812023	0.4000291260541411
K12734	PPIL3; peptidyl-prolyl cis-trans isomerase-like 3 [EC:5.2.1.8]	26.41179034631064	18.97021828030118	0.3120637779864341	7.473709849655143	13.291800501394196	10.94205289101536	0.1054138273417156	2.691281935180492	1.4736530154552696	1.066995235723807	0.0002272650455801	0.6411136896515557	0.000367994276288	0.0432501199178013	0.0
K12735	PPIL4; peptidyl-prolyl cis-trans isomerase-like 4 [EC:5.2.1.8]	0.0	0.0	0.0	0.0	0.0	0.0	0.0	0.0	0.0	0.0	0.0	0.0	0.0	0.0	0.0001057842043307
K12737	SDCCAG10; peptidyl-prolyl cis-trans isomerase SDCCAG10 [EC:5.2.1.8]	1746.494817839043	974.634302740916	573.1396278866096	348.3281736052112	40.50897150477133	73.56120649392585	81.61694499569711	1353.2875488662028	277.47312715972424	55.169890175550734	7.74830101435615	11.86172365375796	65.83924107891463	9.610958322308337	19.48740180200976
K12740	NKTR; NK-tumor recognition protein	1.9850748473685318e-07	8.804391113198091e-07	2.1171772733372043e-07	4.148210581094596e-06	2.075848117741679e-06	2.51791156581361e-06	2.6684730267333392e-06	5.741990460224607e-07	5.385510544362769e-07	7.670299836882135e-07	3.704765356853569e-07	3.836867782822242e-07	5.998865522113101e-07	2.734638166146132e-06	0.0
K12741	HNRNPA1_3; heterogeneous nuclear ribonucleoprotein A1/A3	149.95301782639913	35.20969391672101	1020.8259116686324	17.95977062190838	4.609380149512388	0.0	2.940278967060803	248.17357494566212	176.33570195163907	35.20352102641695	0.0	9.297377383703262	0.0	2.3040853279503986	0.0044566169091417
K12743	PCBAB; N-(5-amino-5-carboxypentanoyl)-L-cysteinyl-D-valine synthase [EC:6.3.2.26]	0.0	0.0005470481742377	2.6286816797794244e-08	0.0	6.94900709039482e-08	0.0	1.112006981887763e-07	0.0	0.0	0.0	0.0	0.0	0.0	0.0	0.0
K12744	cefE; deacetoxycephalosporin-C synthase [EC:1.14.20.1]	0.0	1.6228555263928747e-10	5.257363359558856e-08	0.0	1.3898014180789658e-07	0.0	2.2240139637755285e-07	0.0	0.0	0.0	0.0	0.0	0.0	0.0	0.0
K12745	cefF; deacetoxycephalosporin-C hydroxylase [EC:1.14.11.26]	0.0	1.6228555263928747e-10	5.257363359558856e-08	0.0	1.3898014180789658e-07	0.0	2.2240139637755285e-07	0.0	0.0	0.0	0.0	0.0	0.0	0.0	0.0
K12784	tir; translocated intimin receptor	0.0001146575656007	0.0006182196252847	0.0002542255058598	0.0008625508234531	0.0018198541935042	0.0018373147364891	0.0009772083890538	0.0008151745501541	1.3433874554790748	0.0008625508234531	0.0003738884271162	0.0003016017791588	0.0008575454677974	0.0008127300741362	0.0001794943818845
K12785	espG, virA; LEE-encoded effector EspG	0.0001146575654513	0.0006182196244791	0.0002542255055286	0.0008625508223292	0.0018198541911329	0.001837314734095	0.0009772083877805	0.0008151745490919	1.34338745547798	0.0008625508223292	0.000373888426629	0.0003016017787658	0.00085754546668	0.0008127300730772	0.0001794943816506
K12786	espF; LEE-encoded effector EspF	0.0001146585511182	0.0006182249390753	0.0002542276910074	0.0008625582373467	0.0018198698357191	0.0018373305287828	0.000977216788465	0.0008151815568338	1.3433874626998668	0.0008625582373467	0.000373891640804	0.0003016043715202	0.0008575528386684	0.0008127370598049	0.0001794959246948
K12787	map; LEE-encoded effector Map	0.0001146575654498	0.0006182196244711	0.0002542255055253	0.0008625508223179	0.0018198541911092	0.0018373147340711	0.0009772083877678	0.0008151745490813	1.343387455477969	0.0008625508223179	0.0003738884266242	0.0003016017787619	0.0008575454666689	0.0008127300730666	0.0001794943816483
K12788	espH; LEE-encoded effector EspH	0.0001137002590035	0.000613057944739	0.0002521029093033	0.0008553491565648	0.0018046597454433	0.0018219745056977	0.0009690494155684	0.000808368440408	1.3433804413859665	0.0008553491565648	0.0003707667329131	0.0002990836254601	0.0008503855919586	0.0008059443739724	0.0001779957354147
K12789	tccP; Tir-cytoskeleton coupling protein	0.0001136948329401	0.000613028688066	0.000252090878316	0.0008553083371435	0.0018045736225239	0.0018218875564742	0.0009690031700837	0.0008083298630251	0.0008330310754608	0.0008553083371435	0.0003707490389885	0.0002990693524344	0.0008503450094111	0.0008059059122721	0.0001779872410088
K12790	eae; intimin	0.0001146575656007	0.0006182196252847	0.0002542255058598	0.0008625508234531	0.0018198541935042	0.0018373147364891	0.0009772083890538	0.0008151745501541	1.3433874554790748	0.0008625508234531	0.0003738884271162	0.0003016017791588	0.0008575454677974	0.0008127300741362	0.0001794943818845
K12809	espG2; T3SS secreted effector EspG-like protein	4.1675669308173786e-18	2.2471013167077253e-17	9.24057479888848e-18	3.1351950210514485e-17	6.614796080852679e-17	6.67826156710878e-17	3.551951714133187e-17	2.9629920016765577e-17	3.0535360954019305e-17	3.1351950210514485e-17	1.359007612364002e-17	1.0962604992637388e-17	3.117001581658033e-17	2.954106833600704e-17	6.5242519871273065e-18
K12810	bfpA; major structural subunit of bundle-forming pilus	4.6865848395740824e-09	2.5269494500485227e-08	1.0391371867644464e-08	3.5256440265222284e-08	7.438585521005197e-08	7.509954833282977e-08	3.9943025104796366e-08	3.3319952925418575e-08	3.433815511391487e-08	3.5256440265222284e-08	1.5282548735748174e-08	1.2327859207448169e-08	3.505184823669265e-08	3.322003588822968e-08	7.336765302155566e-09
K12811	DDX46, PRP5; ATP-dependent RNA helicase DDX46/PRP5 [EC:3.6.4.13]	7.7157579330039	0.0558408376625148	0.0039109892148509	0.0717570697389208	0.0350005991213315	0.1045162441959402	0.8889622198697577	0.0785968769871777	1.0665953224374876	0.0403520783412786	0.0482766813220714	0.1008087956004798	0.090769285751893	0.2840333401065975	0.0106239122730694
K12813	DHX16; pre-mRNA-splicing factor ATP-dependent RNA helicase DHX16 [EC:3.6.4.13]	0.0	0.0	0.0	0.0	0.0	0.0	0.0	0.0	0.0	0.0	0.0	0.0	0.0	0.0	4.8020207317614e-05
K12814	PRP2; pre-mRNA-splicing factor ATP-dependent RNA helicase-like protein PRP2 [EC:3.6.4.13]	33.86932324908775	3.7809613835934632	19.09930905633839	8.805833138953359	2.398005494869145	4.349923557025111	30.194136168225445	26.727927350918726	7.517520212984604	5.0307775557384975	6.354432904700712	147.4084014607896	42.89080119404733	0.0050017396823856	0.0
K12818	DHX8, PRP22; ATP-dependent RNA helicase DHX8/PRP22 [EC:3.6.4.13]	4.769865583313548e-32	2.9831199898662594e-10	1.0451974649333154e-06	9.967587322628976e-31	2.763014118656525e-06	6.0501999385677455e-31	4.421482020427684e-06	1.3797224176331268e-31	1.2940651294927863e-31	1.843069003374834e-31	8.902048602012986e-32	9.219472811954231e-32	1.4414460105010522e-31	6.570964560256959e-31	0.0
K12820	DHX15, PRP43; pre-mRNA-splicing factor ATP-dependent RNA helicase DHX15/PRP43 [EC:3.6.4.13]	33.86932324908775	3.7809613835934632	19.09930905633839	8.805833138953359	2.398005494869145	4.349923557025111	30.194136168225445	26.727927350918726	7.517520212984604	5.0307775557384975	6.354432904700712	147.4084014607896	42.89080119404733	0.0050017396823856	0.0
K12821	PRPF40, PRP40; pre-mRNA-processing factor 40	0.0012492714535779	0.0035106469344852	0.0002409776094464	0.0045273669541941	0.0021934991178581	0.0065754530609522	0.0558034009424018	0.004937748908228	0.0033854774819357	0.0025375856188403	0.00303301581819	0.006331303204805	0.0057021277841423	0.0178475500978291	0.0006670200081811
K12823	DDX5, DBP2; ATP-dependent RNA helicase DDX5/DBP2 [EC:3.6.4.13]	0.0003564396564532	0.0015809147689461	0.000380159942563	0.0074485189129324	0.0037273888736126	0.0045211571477418	0.0047915050163699	0.0010310306987736	0.0009670212338858	0.0013772775582623	0.0006652269524181	0.0006889472385278	0.0010771551353067	0.0049103110129938	0.0
K12824	TCERG1, CA150; transcription elongation regulator 1	6.381406771563904e-21	2.8303416943567126e-20	6.806075552559244e-21	1.333522467788121e-19	6.673214993810079e-20	8.094313389533888e-20	8.578322306136395e-20	1.8458738144663108e-20	1.7312764554789227e-20	2.465766133901255e-20	1.1909684295592524e-20	1.2334353076587866e-20	1.928451267984196e-20	8.791022935157998e-20	9.986545305346951e-07
K12826	SF3A2, SAP62; splicing factor 3A subunit 2	0.0004060159704116	0.0264824891360714	7.696843991908735e-05	0.0014654582069967	0.0007071234221201	0.0021344821963368	0.0181425393818559	0.0016051441213641	0.001100286582187	0.0008240900126284	0.0009859301079705	0.0020587667006281	0.0018537350170492	0.0058006687297104	0.0002169667676573
K12831	SF3B4, SAP49; splicing factor 3B subunit 4	5.835151667120405e-07	2.5881164732727537e-06	8.150256150363479e-07	1.2193715476234075e-05	6.61133353551008e-06	7.40143168424892e-06	8.659094871507914e-06	1.6878650823159068e-06	1.583077377303494e-06	2.254693969843395e-06	1.0890202843984074e-06	1.1278519532467427e-06	1.7633738193092328e-06	8.038502162934441e-06	0.0
K12835	DDX42, SF3B125; ATP-dependent RNA helicase DDX42 [EC:3.6.4.13]	1.1041967498921505e-06	1.5577373218963498e-06	2.0767497616565508e-07	6.246484495885553e-06	2.036209786514469e-06	3.594256571655782e-06	3.168049008914049e-06	5.632347120800791e-07	1.6051152511790806e-06	7.523835419303694e-07	3.6340228419850843e-07	3.763602771403209e-07	5.884317151969481e-07	2.682420235320732e-06	0.0
K12837	U2AF2; splicing factor U2AF 65 kDa subunit	5.4591592295074775e-12	6.028183343176414e-08	0.0002111249768442	1.1408004141376815e-10	0.0005581159110824	6.924514801956529e-11	0.0008931186416514	1.579106211447536e-11	1.4810705819401158e-11	2.1094110483095068e-11	1.0188484337423048e-11	1.0551779544615464e-11	0.0010155484686654	0.0041891374403983	0.0
K12838	PUF60; poly(U)-binding-splicing factor PUF60	4.650702263547906	13.062784675655564	0.8816335411400658	16.786063349933055	8.09973188130408	24.449385998146305	207.8133746417828	18.386093017425356	12.603211871544056	9.439523482814115	11.293317797794366	23.58210428279666	21.233572736234738	66.44365039139757	2.4852417416873926
K12841	CHERP; calcium homeostasis endoplasmic reticulum protein	2.034381830460476e-18	5.438723180491626e-09	1.905568565301468e-05	1.989341418049536e-18	5.037433620576163e-05	7.721756280005528e-19	8.061096044382654e-05	5.765131720129034e-19	1.5392212696259153e-18	7.026000606997902e-19	5.169928141022195e-20	5.354274512176122e-20	8.371300390079237e-20	6.941516144719235e-13	0.0
K12842	SR140; U2-associated protein SR140	0.0	0.0	0.0	0.0	0.0	0.0	0.0	0.0	0.0	0.0	0.0	0.0	0.0	0.0	6.104152551902062e-05
K12849	PRPF38A; pre-mRNA-splicing factor 38A	3.2583818470110693	1.2807891149366084	1.484527728512758	0.608928181246308	2.5331314263793905	1.5059208004927584	0.2189766054419458	0.8198978090666128	9.292431638187807	4.6371633272710175	1.8516652860476302e-05	0.0522353959231699	0.5480135429260449	0.0035238479135559	0.0
K12850	PRPF38B; pre-mRNA-splicing factor 38B	1.160616553945884e-09	0.0519625577756882	1.2378530685281411e-09	2.425340221329221e-08	1.213689091936348e-08	1.472150961223954e-08	1.5601799462072462e-08	3.357177785800038e-09	3.148754162858593e-09	4.484605190688363e-09	2.166070466989912e-09	2.2433069815721684e-09	3.507365296119291e-09	1.59886481302646e-08	0.0
K12856	PRPF8, PRP8; pre-mRNA-processing factor 8	0.0	0.0250583608276364	0.0	0.0	0.0	0.0	0.0	0.0	0.0	0.0	0.0	0.0	0.0	0.0	0.0
K12858	DDX23, PRP28; ATP-dependent RNA helicase DDX23/PRP28 [EC:3.6.4.13]	0.0001068023362417	0.0004736997908779	0.0001139098000914	0.0022318482442658	0.0011168618097786	0.0013547037686536	0.0014357098616758	0.0003089344447856	0.0002897548718401	0.0004126826468732	0.0001993262852853	0.000206433749135	0.0003227550101755	0.0014713084763901	0.0
K12869	CRN, CRNKL1, CLF1, SYF3; crooked neck	9.029082237351058e-06	4.004663678865808e-05	9.6299480784582e-06	0.0001886807166198	9.441963053527303e-05	0.0001145268180907	0.0001213750828512	2.6117354789004755e-05	2.4495911405876257e-05	3.4888240160897024e-05	1.685106791890652e-05	1.7451933760013663e-05	2.7285747034561787e-05	0.0001243845939827	0.0
K12875	ACIN1, ACINUS; apoptotic chromatin condensation inducer in the nucleus	0.0416991806263685	0.0434097955952095	0.0035381017840708	0.225413354762337	0.058602337454873	0.0884189544504579	0.1311458766115418	0.5554875421826567	0.3425109276317688	0.0797597913024467	0.0058865594914017	1.1266327032105627	0.3427251370928748	0.0432701051110466	5.3963388886596914e-05
K12879	THOC2; THO complex subunit 2	5.030120470538146e-08	1.413434248138979e-07	2.1473867551284106e-07	1.815552062707931e-07	6.300664536521108e-07	2.644404006794955e-07	8.876634812706236	1.988608550262596e-07	1.3631419608706605e-07	1.0209628054496445e-07	1.221466045681491e-07	2.550600291508832e-07	2.296587113742996e-07	7.186432221014314e-07	2.687995199581078e-08
K12885	RBMX, HNRNPG; heterogeneous nuclear ribonucleoprotein G	0.0	0.0	0.0	0.0	0.0	0.0	0.0	0.0	0.0	0.0	0.0	0.0	0.0	0.0	2.543017993862193e-05
K12887	HNRNPM; heterogeneous nuclear ribonucleoprotein M	2.3616859209861577e-11	1.0474772053285364e-10	2.518850997130217e-11	4.93521467950883e-10	2.4696808184714193e-10	2.9956131392995473e-10	3.1747393233669147e-10	6.831368623871228e-11	6.407256858251274e-11	9.125519452589168e-11	4.407638430075772e-11	4.56480350621983e-11	7.136978368470353e-11	3.2534574021428446e-10	0.0
K12893	SFRS4_5_6; splicing factor, arginine/serine-rich 4/5/6	0.0001896613569399	0.0008412039313142	0.0002022829089169	0.0039633530631156	0.0019833416928036	0.0024057053811353	0.002549557342278	0.0005486109018338	0.0005145514986563	0.0007328486767781	0.0003539669174976	0.0003665884694746	0.0005731536906694	0.0026127739516657	0.0
K12894	HNRNPA0; heterogeneous nuclear ribonucleoprotein A0	0.0	1.9073207357202464e-16	0.0	0.0	0.0	0.0	0.0	0.0	0.0	0.0	0.0	0.0	0.0	0.0	0.0
K12896	SFRS7; splicing factor, arginine/serine-rich 7	9.419741654930577e-08	4.177932626834384e-07	1.0046605033036474e-07	1.9684432582458806e-06	9.850486499248014e-07	1.1948202603729154e-06	1.2662659324055271e-06	2.7247368930240865e-07	2.555577089450871e-07	3.6397742369798054e-07	1.758015955920199e-07	1.8207022937307886e-07	2.846631375934457e-07	1.2976631626236806e-06	0.0
K12897	TRA2; transformer-2 protein	0.192890093380846	0.5417852214815582	0.0365661713954699	0.6962099793925077	0.3359402409374345	1.0140499393502418	8.619158778369588	0.762571972589483	0.5227242203516476	0.3915087362917245	0.4683957392134371	0.9780790167709784	0.8806725513270683	2.7557820738203334	0.1030765859567952
K12898	HNRNPF_H; heterogeneous nuclear ribonucleoprotein F/H	1.4075612709304976e-89	2.756599988057452e-09	9.65831521742451e-06	9.16208540508252e-89	2.5532076189910848e-05	3.593291755523398e-88	4.085741547812703e-05	0.0003012365671562	2.4205396488152214e-89	8.396853335454407e-89	8.887817951555622e-90	5.0377238869516144e-89	9.903383758247204e-89	6.669097749675289e-90	1.2102698244076109e-89
K12900	FUSIP1; FUS-interacting serine-arginine-rich protein 1	0.0107644349228142	0.0302348952015172	0.0020406137270402	0.0388527315448384	0.0187474991490923	0.0565901254403327	0.4810012382334968	0.0425561325054375	0.0291711759475606	0.0218485575887227	0.0261393178079469	0.0545827302007348	0.0491468597526757	0.1537893225886255	0.0057522974982807
K12902	fom3; phosphonoacetaldehyde methylase [EC:2.1.1.308]	0.0	3.1771311642716065e-18	0.0	0.0	0.0	0.0	0.0	0.0	0.0	0.0	0.0	0.0	0.0	0.0	0.0
K12904	phpC; phosphonoacetaldehyde reductase [EC:1.1.1.309]	0.0	1.1262368065702847e-09	5.046473260246864e-09	0.0	1.3340519217939662e-08	0.0	2.1348014643504878e-08	0.0	0.0	0.0	0.0	0.0	0.0	0.0	0.0
K12905	phpD; 2-hydroxyethylphosphonate dioxygenase [EC:1.13.11.72]	0.0	1.1262368065702847e-09	5.046473260246864e-09	0.0	1.3340519217939662e-08	0.0	2.1348014643504878e-08	0.0	0.0	0.0	0.0	0.0	0.0	0.0	0.0
K12906	phpE; D-3-phosphoglycerate dehydrogenase	0.0	0.0629655763306398	2.411755321215344e-07	0.0	6.375555076272737e-07	0.0	1.020240973422642e-06	0.0	0.0	0.0	0.0	0.0	0.0	0.0	0.0
K12907	phpJ; aldehyde dehydrogenase	0.0	1.1262368065703112e-09	5.0464732603399666e-09	0.0	1.3340519218185782e-08	0.0	2.1348014643898725e-08	0.0	0.0	0.0	0.0	0.0	0.0	0.0	0.0
K12908	phpF; phosphonoformate cytidylyltransferase [EC:2.7.7.93]	205.4178157727956	71.54017337557836	32.8514796397491	62.83665973431451	76.84651176949833	86.62948912689836	4.8897084488769496	99.78475603556802	7.222454950495873	6.949473901918461	12.017333468941551	0.8050282088440803	58.98370367205701	0.0033087304907472	3.407394407014961
K12909	phpI; carboxyvinyl-carboxyphosphonate phosphorylmutase [EC:2.7.8.23]	0.0	1.440325574074468e-12	5.046473260246864e-09	0.0	1.3340519217939662e-08	0.0	2.1348014643504878e-08	0.0	0.0	0.0	0.0	0.0	0.0	0.0	0.0
K12910	pmmS; 2-phosphinomethylmalate synthase [EC:2.3.3.18]	0.0	1.440325574072799e-12	5.046473260246864e-09	0.0	1.3340519217939662e-08	0.0	2.1348014643504878e-08	0.0	0.0	0.0	0.0	0.0	0.0	0.0	0.0
K12911	phsA; peptide synthetase PhsA	0.0	0.0010071905313695	5.046473260246864e-09	0.0	1.3340519217939662e-08	0.0	2.1348014643504878e-08	0.0	0.0	0.0	0.0	0.0	0.0	0.0	0.0
K12912	phsB; peptide synthetase PhsB	0.0	1.440325574072799e-12	5.046473260246864e-09	0.0	1.3340519217939662e-08	0.0	2.1348014643504878e-08	0.0	0.0	0.0	0.0	0.0	0.0	0.0	0.0
K12913	phsC; peptide synthetase PhsC	0.0	0.0005091694101048	0.118984065348904	0.0	0.3145383178624025	0.0	0.5033363773907897	0.0	0.0	0.0	0.0	0.0	0.0	0.0	0.0
K12914	phpK; P-methyltransferase [EC:2.1.1.326]	2.4127965371057147	17.837281744795394	1.141947739455247	36.54853430649126	16.45651155931116	22.80129074560057	2.052192522284356	42.11609078527332	2.4669653932148616	0.7615371421029457	1.290670293796606	1.038317967680632	20.363515036881346	0.0045842390712354	0.0
K12915	dea; phosphinothricin tripeptide acetyl hydrolase	6.702493717906756e-13	0.0010071905529285	7.016821535260291e-08	1.4006200016688416e-11	1.854971207153413e-07	8.501586967605854e-12	2.968374584349263e-07	1.9387508253884583e-12	1.818387384191709e-12	2.5898336548525854e-12	1.250893212593293e-12	1.2954968546851264e-12	2.025483247134508e-12	9.233352159813911e-12	6.813809625278072e-05
K12940	abgA; aminobenzoyl-glutamate utilization protein A	2785.0191837736124	1637.0079073424522	4478.415679726914	984.899639664364	769.4192439637654	644.3590496998751	521.3593473040153	5216.824282896274	1294.7585883498598	458.48493060341895	199.8175298230121	401.0458351328613	244.06247741384817	320.4603091999229	64.82166222116388
K12941	abgB; aminobenzoyl-glutamate utilization protein B	20553.968519849903	7811.918970191493	5091.156989810774	11210.971755281793	38310.53253423355	33457.5156599563	2929.012904955617	35997.17819674613	2882.156618708761	2425.675986340824	421.8741504162283	952.4027367268168	2322.4953954658777	711.2954461599888	539.7243795419378
K12942	abgT; aminobenzoyl-glutamate transport protein	12979.664613536595	7439.435900348313	36707.040023271125	10401.172052629729	62962.03918820561	28061.856745891306	3344.8949775990586	14715.153812648625	7059.775331216983	1600.0698228437748	4564.738505107233	1990.665546513076	1162.181535262168	33300.440369954275	239.5498022054719
K12943	ygeR; lipoprotein YgeR	9.99974740920036	53.53060704959133	21.868387612798657	74.64049245641357	156.60080229844164	158.627242868589	98.77028355466884	70.62201162171354	75.51580931875073	74.40394209216497	32.4836321966455	26.669317372731637	74.35369728269627	71.95941120129676	15.500022002949065
K12944	nudI; nucleoside triphosphatase [EC:3.6.1.-]	216.6004605856373	258.37208946056865	43.03408161892234	138.89209482022204	173.2850142938313	178.82687482142768	302.3772466912341	474.9761010924129	228.5941897912356	209.0027859751128	53.52889215082205	59.07381821679624	81.63206569790997	120.02854118539491	39.61345078956859
K12945	nudK; GDP-mannose pyrophosphatase NudK [EC:3.6.1.-]	9.850258114404456	53.11114481334131	21.84027529135829	74.10539381628412	156.34269917429745	157.84327397853608	83.95346974990397	70.03074661690968	75.11070026470222	74.10099735023947	32.12048172153558	25.91049889848942	73.67078001774277	69.82355578280885	15.420299723180117
K12949	ctpA_B; cation-transporting P-type ATPase A/B [EC:3.6.3.-]	0.0	0.238024242195562	0.0	0.0	0.0	0.0	0.0	0.0	0.0	0.0	0.0	0.0	0.0	0.0	0.0
K12950	ctpC; manganese/zinc-transporting P-type ATPase C [EC:3.6.3.-]	707.8361913483521	1549.16276805813	764.7996705938982	1475.819177120611	707.0956577613129	667.8831447412813	1607.7111682450584	2162.252984669191	1082.1283338843575	817.5205112363508	153.41055343891273	218.28386968988409	792.1582916586099	284.1713597978926	35.34052262539024
K12951	ctpD; cobalt/nickel-transporting P-type ATPase D [EC:3.6.3.-]	0.0	6.225309931959916e-14	0.0	0.0	0.0	0.0	0.0	0.0	0.0	0.0	0.0	0.0	0.0	0.0	0.0
K12952	ctpE; cation-transporting P-type ATPase E [EC:3.6.3.-]	20216.222955566645	31425.75128613551	17976.489663982175	12040.382537480413	61069.31036243016	30569.03883961012	7843.044230752477	22255.015899585524	6976.121616068858	5296.359415342364	4340.221041539361	2216.015587458557	2653.5760648251307	29061.09733184674	555.8017860210318
K12953	ctpF; cation-transporting P-type ATPase F [EC:3.6.3.-]	0.0	0.4694150541052172	1.740788331535632e-07	0.0	4.601831614595772e-07	0.0	7.364028872521396e-07	0.0	0.0	0.0	0.0	0.0	0.0	0.0	8.93993829095549e-05
K12954	ctpG; cation-transporting P-type ATPase G [EC:3.6.3.-]	0.0	0.0742361806514177	516.554605171591	1251.96	928.4312590971394	380.48	43.4244969561622	0.0	0.0	106.51	83.76774167987315	93.78	38.18	5.36	0.0
K12955	ctpI; cation-transporting P-type ATPase I [EC:3.6.3.-]	0.0	0.2422250600230579	2.945982249806784	0.0	7.787801657217934	0.0	12.4623413154287	0.0	0.0	0.0	0.0	0.0	0.0	0.0	0.0
K12956	ctpV; copper-transporting P-type ATPase V [EC:3.6.3.54]	0.0	0.0234682534127714	0.0	0.0	0.0	0.0	0.0	0.0	0.0	0.0	0.0	0.0	0.0	0.0	0.0
K12957	yjgB; uncharacterized zinc-type alcohol dehydrogenase-like protein [EC:1.-.-.-]	37.66542603144576	197.584782637489	79.11674866771622	274.8683111175807	567.1860045014657	580.215429468031	451.3023865731831	277.1868991647119	268.89811012952026	271.4384855946425	121.01786572433454	104.36855988585944	275.38780940258727	416.58317644962096	56.84341646642634
K12960	mtaD; 5-methylthioadenosine/S-adenosylhomocysteine deaminase [EC:3.5.4.31 3.5.4.28]	41259.357451982185	22717.39711145749	23745.418437905075	25644.05209638606	40824.12320822259	37698.02069488472	14726.224782386758	53986.29992605816	14672.11131408124	7912.448909738199	1198.0027179174772	4176.681183513729	5619.58715426716	3655.867598096976	873.7812234050506
K12961	diaA; DnaA initiator-associating protein	10.000005523981311	53.53175186496268	21.868662904991734	74.64588627553002	156.60350147871478	158.6305168531582	98.77375330778165	70.62275824129998	75.51650958621148	74.40493944523675	32.48411391940882	26.66981627221141	74.3544773032549	71.96296698677435	15.50002200353846
K12962	arnE; undecaprenyl phosphate-alpha-L-ara4N flippase subunit ArnE	6930.178740742359	4131.675109127251	22881.514912291397	3349.662131423926	759.9310912363409	766.0322335116098	597.380521734872	9783.890039903245	5720.133022525478	1395.7315751150147	49.492031491556126	381.6101352245528	179.19043493910186	258.6246389784751	217.56710250551032
K12963	arnF; undecaprenyl phosphate-alpha-L-ara4N flippase subunit ArnF	10.000381644865282	53.53342007176742	27.059064055904823	85.03374607302189	184.47743467967223	242.5152876512223	192.34880938128435	76.08384620155019	79.13753000264023	93.5363927707669	32.48481587763612	129.68054326046783	77.63561393475572	107.75814842628404	15.50026227777626
K12972	ghrA; glyoxylate/hydroxypyruvatereductase [EC:1.1.1.79 1.1.1.81]	22.64438240668574	85.77930778785446	84.78563218949621	213.2765868563289	568.0389436651217	390.055798008672	736.7312326004763	159.41245645199848	274.88723908861016	213.0620409446591	70.79947726398811	1088.8072490262891	148.9869657814911	666.0707776982188	67.72084178379816
K12973	pagP, crcA; lipid IVA palmitoyltransferase [EC:2.3.1.251]	10.000005523981311	58.53175186496268	21.868662904991734	84.63588627553001	166.59350147871476	175.62051685315822	145.35029683732137	70.62275824129998	75.51650958621148	79.36819485890398	32.48411391940882	73.62981627221141	74.3544773032549	113.88509204509168	15.50002200353846
K12974	lpxP; KDO2-lipid IV(A) palmitoleoyltransferase [EC:2.3.1.242]	10.149752933558169	53.952358916584046	21.897050518625186	75.18637873477593	182.36430378313216	159.41775972778035	242.5940368656593	96.71476986569029	151.92231890772075	104.20888154023405	40.34774611728205	334.92913364593346	97.03817458876708	212.10237819073987	15.580044007076925
K12975	eptB; KDO II ethanolaminephosphotransferase [EC:2.7.8.42]	10.014787789055417	53.579218774934205	21.930347028566985	74.7462196745886	156.8075262408999	158.96932356323288	98.85575305537876	70.69676670793967	75.5646810958181	74.49944219549914	32.50411684569949	26.718873834176588	74.46028186336589	71.99680878435512	15.51559541486057
K12976	pagL; lipid A 3-O-deacylase [EC:3.1.-.-]	0.0832214288459947	5.198568776915627	6.177034443230307	22.06809194227279	42.04831431815178	112.33920016157133	139.33535260124142	6.41871356169361	7.433932555476569	21.757644936421343	0.0525488250158073	161.74372485856475	4.230942740174554	74.78663950615677	0.0715566605564596
K12977	lpxE; lipid A 1-phosphatase [EC:3.1.3.-]	0.00069808564409	0.0016656528787296	0.0034294740511594	0.0045439729149319	0.0090882666412812	0.017821074232171	0.0030865266460435	0.0029395950169105	0.0012004763236144	0.0041644530082414	0.0004407948873987	0.0024984793180944	0.0049116227991816	0.0003307565712577	0.0006002381618072
K12978	lpxF; lipid A 4'-phosphatase [EC:3.1.3.-]	33.07479478786264	11.446782523642357	63.05219109910013	31.227316576438817	64.95880491884392	122.4708723398176	32.05323917069481	20.201631021597635	11.839162103509867	33.623095144866724	3.029252539962365	21.340118901787783	33.753898389245855	6.44298686938189	4.124986537314109
K12979	lpxO; beta-hydroxylase [EC:1.14.11.-]	42.64149317955156	45.93228308523792	49.961667014753296	127.34968827387264	302.96590716376545	421.3518758903765	843.4378659740848	79.8084959174667	64.49038127696542	109.05587188365288	33.18463374789874	748.1872622391671	80.94702412568317	514.6218018447003	53.51641558912713
K12980	lpxQ; lipid A oxidase	0.0	0.0	0.0	0.0	0.0	4.2	0.0	8.0	0.0	0.0	1.8	16.4	0.0	6.0	0.0
K12981	waaZ, rfaZ; KDO transferase III [EC:2.4.99.-]	6.460027742683501e-16	5.000000000000004	1.432355389849824e-15	9.990000000000006	9.99000000000001	16.99000000000001	37.970000000000006	4.5928501809149805e-15	2.940000000000005	4.859777215561902e-15	2.106559300456792e-15	46.96	4.831576079223284e-15	34.970000000000006	1.0113058659104526e-15
K12982	opsX; heptosyltransferase I [EC:2.4.-.-]	32.488503885660506	14.50001195428958	2.874628113528692e-06	5.632293009860064e-05	2.8185128538008056e-05	3.418730904407382e-05	34.610036231579095	6.064382707648119	3.397526414114595	2.80001041446072	5.030198832642687e-06	1.5000052095628151	2.8300081450465657	3.712994585635806e-05	1.367066941527851
K12983	waaV; UDP-glucose:(glucosyl)LPS beta-1,3-glucosyltransferase [EC:2.4.1.-]	163.1794771923104	77.77836163961614	72.18604215788031	113.94628531824836	145.253002606401	104.36260468371528	125.35096035564436	159.8186570374814	25.829718322667077	56.32948683788459	17.15756218668873	43.69523204536512	176.32434241467803	53.15344670530866	3.594295154880323
K12984	waaE, kdtX; (heptosyl)LPS beta-1,4-glucosyltransferase [EC:2.4.1.-]	6.820005523981312	14.921751864962676	0.0286629049917338	0.5458862755300207	0.2635014787148015	0.7905168531582101	49.43375330778164	6.592758241299972	0.4065095862114785	0.3049394452367468	0.3641139194088159	2.2598162722114097	3.5144773032549104	2.142966986774352	0.1302190083990617
K12985	waaW; (galactosyl)LPS 1,2-glucosyltransferase [EC:2.4.1.-]	9.849999035365366	53.10999479880758	21.83999786115529	74.09999274320545	156.33998468924077	157.83998454234208	83.94999177857082	70.02999314179053	72.16999293221508	74.09999274320545	32.1199968544097	25.90999746257022	73.66999278531641	69.81999316235633	15.41999848988162
K12986	waaS, rfaS; 1,5-rhamnosyltransferase [EC:2.4.1.-]	4.645885088349707e-18	2.505004640022873e-17	1.0301129982696204e-17	3.495026244129069e-17	7.373986545305515e-17	7.44473606441744e-17	3.95961475296404e-17	3.303059215605381e-17	2.94	3.495026244129069e-17	1.514983035916676e-17	1.222080026793309e-17	3.474744715316984e-17	3.293154282929711e-17	7.273053088643912e-18
K12987	migA; alpha-1,6-rhamnosyltransferase [EC:2.4.1.-]	0.0	0.0	0.0	0.0	0.0	0.0	0.0	0.0	0.0	0.0	0.0	0.0	0.0	0.0	0.0001103018693241
K12988	wapR; alpha-1,3-rhamnosyltransferase [EC:2.4.1.-]	710.9854214530375	106.55079387228936	39.38158439242364	25.69591899215692	46.395021104209775	119.73625188173853	158.25648518259948	252.29776196751357	103.92756515345172	58.1034157769774	0.0011582397379554	104.96370279520691	9.65637044532964	69.45153039715626	1.4578172020503095
K12989	lpcC; mannosyltransferase [EC:2.4.1.-]	0.0006585097366788	0.0018505707694536	0.0001253533844855	0.0023870441886486	0.001152035293125	4.203466278261248	0.0294065324527764	8.002602724687257	0.0017845361077705	0.0013376632523222	1.8015987286270845	16.403337215858336	8.003005623477659	39.00940769381487	0.0005373988703771
K12990	rfbF, rhlC; rhamnosyltransferase [EC:2.4.1.-]	1863.1340048037116	2920.403689253665	11656.11906221885	2980.044708711549	23718.182811206647	9455.6067175433	916.467981147756	4109.102942692284	1995.945447522881	464.9362479077445	1638.7882569939138	1004.248179030076	266.5060852903678	13591.738458010988	39.3530817754019
K12991	rfbG; rhamnosyltransferase [EC:2.4.1.-]	0.0028741311988738	0.0068577617389214	0.0141196976993251	0.0187082694954172	0.0374178598685629	0.0733722366549871	0.0127077282882938	0.0121027870045094	0.0049425549708243	0.01714572485254	0.0018148237966907	0.0102866423085609	0.0202219433399626	0.0013617785189838	0.00251285518129
K12992	rfbN; rhamnosyltransferase [EC:2.4.1.-]	11944.789977009896	8273.165037607687	4098.983478128523	1134.4745189979287	3079.2872581767897	3247.612968162497	2429.6643755342184	6812.892360144787	2630.6424376842224	1355.9478943193458	181.6091387205397	976.5999577883616	728.9161314784485	491.2030706871759	148.1632422263944
K12993	wbpX; alpha-1,2-rhamnosyltransferase [EC:2.4.1.-]	6.645501352028897	15.85636167100183	32.647246963316555	43.25683872330228	86.51673145224615	169.64963223773572	29.38252281939013	27.98379082279952	11.428063438681216	39.643958164854	4.196194344535048	23.784542566953828	46.756721336586565	3.148672742302723	5.714031717583359
K12994	wbdB, wbpY; mannosyl-N-acetyl-alpha-D-glucosaminyl-diphospho-ditrans,octacis-undecaprenol 3-alpha-mannosyltransferase / alpha-1,3-rhamnosyltransferase [EC:2.4.1.349 2.4.1.-]	1.8087444058330917	4.582154190930401	15.51782400407453	32.34539431444409	70.05060954017469	48.09698250839776	71.77646905376899	22.90716610874029	15.429649032005816	19.028890788120968	1.3046531888715756	66.19311497981813	12.219494412953406	28.281234287457902	52.463533343978135
K12995	wbdC, wbpZ; N-acetyl-alpha-D-glucosaminyl-diphospho-ditrans,octacis-undecaprenol 3-alpha-mannosyltransferase / rhamnosyltransferase [EC:2.4.1.348 2.4.1.-]	2313.707289235839	4792.232919042012	13504.304804197243	1989.1639193667368	753.7402649181157	750.6261353952633	3601.6868677298103	3493.400565054265	2859.1598991630294	1256.4873100021805	213.7053192090568	464.1211015437215	312.8353228892564	1471.0933066143414	155.58452237016718
K12996	rgpA; rhamnosyltransferase [EC:2.4.1.-]	1206.8647814046371	3551.6791176327174	1117.7543146946791	694.5755139533597	708.5596195772262	637.845017107329	684.9103020794428	1956.586159461031	566.0140962384661	444.4278774675324	84.95175131786073	305.84487485342	265.557783904824	657.6293762342283	62.96521992605863
K12997	rgpB; rhamnosyltransferase [EC:2.4.1.-]	610.3776912539922	1407.743335812086	893.3787618217469	381.353193680126	265.2378281713682	241.47271359818825	983.967244313812	1157.8409600846765	409.3823752491644	199.82429528632247	69.68033177874607	867.6827474584003	201.40361714167332	742.1667634927005	20.931984273425485
K12998	rgpE; glucosyltransferase [EC:2.4.1.-]	2.299567195559	2.72558541462046	2.5640537116802884	1.0499464608050083e-11	1.1217734988651458	6.373042750516306e-12	10.735067139606432	6.218003623545439	2.136711426401157	1.9414164275436987e-12	2.296069953429587	9.711430194770778e-13	1.0149379275414203	3.8869162190172335	3.7240854955199044e-08
K12999	rgpI; glucosyltransferase [EC:2.4.1.-]	4.852121972439773	11.228861655286073	17.38117051441979	0.0987162842233028	0.6654477686264606	0.0648155609596282	0.661344940961208	13.307434986043871	0.0336287901528034	0.0101054948938219	0.0038418031385456	0.0053297939784586	0.0089981506010452	0.0264240502440964	0.0004006488686294
K13001	wbyK; mannosyltransferase [EC:2.4.1.-]	3363.246073333701	2633.1256398027613	7279.316911814359	2798.401124677824	321.080498365929	323.56453547664864	140.58565522761393	4738.202645599116	2665.13730231291	870.4118635268712	1.43013029878275	168.03577035074892	28.23998344153664	71.96000713894969	165.18332492865625
K13002	wbyL; glycosyltransferase [EC:2.4.1.-]	391.83761220882735	56.27467780869849	230.5305088951039	0.1483352837375071	20.08844129414929	0.5736863677717849	0.1205961881334383	433.1639784024847	2.42575561196374	0.1348079986552005	0.0160654262060983	0.280985856146295	0.1595216755841755	0.4853022130969531	0.7252977893817645
K13004	wbtD; galacturonosyltransferase [EC:2.4.1.-]	11109.113569856569	5336.6564705630735	3240.459969646652	2140.739385845884	4638.6721112178575	4264.0362432521015	1894.8737174591784	6122.932372973177	2636.756264493448	1250.557956454151	195.36021902420532	514.4395847131777	789.4259419508871	883.1096410887616	90.31870247878052
K13005	rfbV; abequosyltransferase [EC:2.4.1.60]	61.93659503104658	12.9705345880328	59.25363848499164	8.378208628140811	17.65176609886922	4.615394063319559	109.8014271899419	44.311650466405766	0.7994638401974692	3.1691046222992707	1.797548173567376e-05	0.7500544355605022	13.646769010039192	1.4031607155359709	0.370877803822346
K13006	wbqR; UDP-perosamine 4-acetyltransferase [EC:2.3.1.-]	79.54926126064719	55.83611022591454	106.92045088682735	331.4079713699366	76.38152690366702	118.74664575756512	41.00450194483591	37.45815280497622	70.27036507063899	69.61536632342383	3.601520627251874	14.469165233147171	13.405435380929235	56.92208589431144	17.577147496488358
K13007	wbpL; Fuc2NAc and GlcNAc transferase [EC:2.4.1.-]	0.475608111271532	1.9495503769695948	2.3498601287425966	11.874539155351352	13.435857357644537	31.90192312423106	34.322127590047536	3.097316250645945	3.153838628742781	7.669427627904528	0.7894538750934557	31.690243656577493	2.727644727340901	16.3741319965541	0.0718479700684371
K13009	wzy; O-antigen polymerase [EC:2.4.1.-]	0.2994948191537152	0.84121410324273	0.0567752272668948	1.0809849184918126	0.5216046088347422	1.5744857492442623	29.640567115755395	1.1840232487805804	0.811618643018548	0.6078841899945548	0.7272643957464588	1.5186347474439834	1.3673945710243105	4.27882240793102	0.1600440070769244
K13010	per, rfbE; perosamine synthetase [EC:2.6.1.102]	9885.711606802211	2676.061666600945	2738.517919175537	1791.1659035672774	1849.8598687807253	2115.672557290324	3118.3774822295018	4835.563162671448	2471.061003822931	1302.8175307507604	177.56280039099047	353.8480916444205	395.89679427635775	718.4056842022942	114.49625583303616
K13011	wbqL; O-antigen biosynthesis protein WbqL	0.0	0.0	0.0	0.0	0.0	0.0	0.0	0.0	0.0	0.0	0.0	7.305170136902019e-11	0.0	1.7420994988521974e-10	0.0
K13012	wbqP; O-antigen biosynthesis protein WbqP	6382.265943461721	5553.183982218048	2368.9806775667644	4238.60291528127	10764.079666446463	9234.302229523906	2746.3115477193505	10048.098636561986	2192.783092858909	1896.1594938081043	301.730945021946	869.5324442729667	1581.462137661426	1680.1514615054307	152.55383525921613
K13013	wbqV; O-antigen biosynthesis protein WbqV	7.34	0.0	38.65	6.0	0.0401649854763895	0.0	11.498107618890902	0.2710170980916477	0.0	0.0	0.0	2.1010593329083243	0.0	5.010498513140129	0.1225827379842805
K13014	arnD; undecaprenyl phosphate-alpha-L-ara4FN deformylase [EC:3.5.1.-]	10.089881295841264	54.01635107749893	27.25794075853705	85.70200756434447	185.900017029231	243.9507190694399	166.23170408369674	76.7217430436708	79.79502069840771	94.2110607340512	32.777191055666854	129.91623061220037	78.3066750812166	108.390035655938	15.640720927607545
K13015	wbpA; UDP-N-acetyl-D-glucosamine dehydrogenase [EC:1.1.1.136]	2543.567664285274	3726.959356774254	1782.2207875601664	2461.252067719838	1123.5438772533284	1332.3243085703225	2486.6417163528367	3876.6300614083166	1953.9342384979464	2092.684664851617	199.00487696766447	497.040528551982	433.99444842778246	618.6154159370458	245.39901831637263
K13016	wbpB; UDP-N-acetyl-2-amino-2-deoxyglucuronate dehydrogenase [EC:1.1.1.335]	200.2794355561689	177.52049011033347	1050.9389274378648	135.08015502839706	24.130664291292096	47.31732229915754	31.19336734403167	682.7532090886953	141.18978187015304	11.057178078392813	1.170369052007965	79.67346265664716	13.041011780379872	0.8782331544900099	3.862761563285632
K13017	wbpE, wlbC; UDP-2-acetamido-2-deoxy-ribo-hexuluronate aminotransferase [EC:2.6.1.98]	115.25665519697064	164.50518093016194	208.32711453356885	171.51389964817452	97.14576254114786	160.65005997520706	67.91791398290792	140.60331836996062	40.745302086060654	62.58415497081784	7.715729218608059	20.89925043367308	50.61668412056894	6.29656843759752	38.641349626462976
K13018	wbpD, wlbB; UDP-2-acetamido-3-amino-2,3-dideoxy-glucuronate N-acetyltransferase [EC:2.3.1.201]	8448.256897474635	3789.698269571972	5776.904469917488	1555.1731220243978	2090.222166467116	2273.0331461549818	1697.0215423834734	6654.529554714976	2142.1960980274207	1381.7661912361425	121.78438964397536	447.6074731578884	377.9551363804956	560.6178932186763	256.39571617931085
K13019	wbpI, wlbD; UDP-GlcNAc3NAcA epimerase [EC:5.1.3.23]	2370.419176990818	2121.9137195720755	2892.5500506807343	1385.3124905250984	643.1350237822919	806.7546446439635	1854.8039045063613	2864.93850253389	1626.7008006742944	1096.269338965616	143.58796426414128	325.01174225742375	240.68328325674585	401.14393335814185	147.8959275681346
K13020	wlbA, bplA; UDP-N-acetyl-2-amino-2-deoxyglucuronate dehydrogenase [EC:1.1.1.335]	23.26695111598482	90.39595979916218	43.40929241800217	98.97818940923332	10.179766157357914	5.295838692058796	30.43774742980137	323.9473915415528	49.57237359007605	17.321631215797638	10.639202768464584	81.74970185349596	16.479541556150323	11.743624403015383	23.354160788386125
K13021	ttuB; MFS transporter, ACS family, tartrate transporter	28.49202391436921	40.96839813120208	111.19724332153288	49.631427766441725	214.76254453570965	76.00208591755027	145.80792524913235	26.631979554055132	24.695140857218103	20.043124205915323	16.115238389261208	45.02601184370309	8.037390035301238	57.31756227297795	41.90330189589632
K13023	CPN2; carboxypeptidase N regulatory subunit	0.0	0.0	0.0	0.0	0.0	0.0	0.0	0.0	0.0	0.0	0.0	0.1959837493852871	0.0	0.4673719916016552	0.0
K13026	DHX57; ATP-dependent RNA helicase DHX57 [EC:3.6.4.13]	0.0018262448529298	0.0051295141952708	0.000346201202622	0.0065915769396907	0.0031806150598552	0.0096008221567698	0.0816044726802219	0.0072198790281077	0.0049490484461228	0.0037067264678966	0.0044346772448489	0.0092602566509725	0.0083380317038997	0.0260911939016694	0.0009759085148531
K13028	oxdA; aldoxime dehydratase [EC:4.99.1.5]	0.0	0.0249908514930633	7.755403502739887	19.678784444236964	97.24179312283404	7.505437300828177	328.750268177696	56.48855135506106	162.50298842896967	70.20778516852776	15.0	646.5472114926208	44.29348872611727	305.53248217261995	3.5204972697803204e-06
K13035	NIT4; beta-cyano-L-alanine hydratase/nitrilase [EC:3.5.5.4 4.2.1.65]	0.0	0.0084808637823822	0.0	0.0	0.0	0.0	0.0	0.0	0.0	0.0	0.0	0.0	0.0	0.0	0.0
K13037	bacD; L-alanine-L-anticapsin ligase [EC:6.3.2.49]	0.0037003346692832	0.016412073187711	0.0039465839164369	0.0773258874800624	0.0386954314011309	0.0469358395907358	0.0497424229013744	0.0107035190128119	0.0100390125871145	0.0142980384078908	0.0069059721902666	0.0071522214374203	0.0111823542055701	0.0509757928148141	0.0
K13038	coaBC, dfp; phosphopantothenoylcysteine decarboxylase / phosphopantothenate---cysteine ligase [EC:4.1.1.36 6.3.2.5]	44508.73223526991	48620.7036314658	104129.19286720575	37092.24572820876	81809.89163054871	45237.89777817312	19218.6075082137	66834.48432356055	29580.815405322646	13558.775541466735	5755.724400224668	5861.870444083384	5364.50944657997	38893.01621844931	1453.6342169468237
K13039	comE; sulfopyruvate decarboxylase subunit beta [EC:4.1.1.79]	5.228200887056433e-50	0.0738497690768587	0.5543045400226972	1.0925370531254998e-48	1.4653224117950168	6.63156228056948e-49	2.3448655778247223	1.5122996322990876e-49	1.4184115547388236e-49	2.020169086537779e-49	9.757444436271098e-50	1.0105369866663443e-49	1.5799542312281058e-49	7.202367056827298e-49	0.0002379948039948
K13040	ttrS; two-component system, LuxR family, sensor histidine kinase TtrS [EC:2.7.13.3]	1880.555415358608	1720.383660933769	9599.80772556083	1040.5203626596892	0.2690302513970916	0.7955497644217906	267.4522577751528	6750.439736018514	1371.7528777275518	0.3357573710465113	0.3653226267909002	380.8321507206149	0.6875744305421937	2.373563049478571	0.0808335357274568
K13041	ttrR; two-component system, LuxR family, response regulator TtrR	1122.1358635221084	1032.4101553584658	5759.955599934531	624.5363836863249	0.2690309069782772	0.7955505596126502	184.0139380363609	4050.5437103218496	822.3990562458646	5.271097526208136	0.3653227437924497	228.75775442154887	0.6875746199945596	29.095211651044444	0.0808815605899939
K13042	bsmB; dimethylglycine N-methyltransferase [EC:2.1.1.161]	0.0009564493348742	0.0026864527132952	0.000181314082528	0.0034521709230968	0.0016657663147464	0.0050281866373814	0.0427382689087642	0.0037812281760727	0.0025919383630079	0.0019413037956508	0.0023225495170666	0.0048498241078562	0.0043668322265555	0.0136645998006738	0.0005111072857683
K13043	argF; N-succinyl-L-ornithine transcarbamylase [EC:2.1.3.11]	14439.50977382108	9298.788797197103	49627.496593966775	9180.248696512775	1136.3719714056042	985.4599022390938	475.5958963467134	20995.91267440826	11674.068529725824	2982.6523375269044	4.32	913.095696971113	92.29213531201366	298.1968150203453	500.6754300566765
K13048	CPS; carboxypeptidase Ss1 [EC:3.4.17.-]	2702.733854217668	436.7792077749874	275.9811619618124	1116.0334933981649	7169.776291185413	6168.5095606708965	106.0703100925128	5553.2918322289215	225.86198057117969	183.11662237472933	12.8496222055138	4.262416565066095	43.77679928625378	42.64563535273226	43.704933814060055
K13049	PM20D1; carboxypeptidase PM20D1 [EC:3.4.17.-]	11702.436977504098	4358.401775984039	4052.0847843721904	5867.058992783667	18396.04374483582	16138.51751194241	3581.853962796092	16051.160628643278	2858.7394556904937	1932.6447921777408	386.0627997034859	1439.8133345858137	1089.7353605158792	860.8543777913981	226.3548899681245
K13051	iaaA, ASRGL1; beta-aspartyl-peptidase (threonine type) [EC:3.4.19.5]	15.330316887414472	79.06036844984007	40.02722730069976	149.72923287707945	381.97764054286864	312.66218562743404	346.74169362104146	119.7176390150685	101.51896501863745	107.17591047502282	52.29763795974459	196.56563738093288	94.8625144994848	283.37393825383646	70.35778174892238
K13052	divIC, divA; cell division protein DivIC	12919.432058945018	19577.05878431321	21279.47219076217	5245.100616671543	10639.817104065702	9994.382052339051	9117.21905272181	20855.46458886752	4865.991815008625	3605.387385784568	706.8436500393136	1737.1040779792545	1084.8416926850875	1148.227756217182	258.81989548077894
K13053	sulA; cell division inhibitor SulA	10.000005524259375	53.53175186646198	27.05866290560828	85.02588627762186	184.47350148312827	242.51051685761405	168.37912316880858	76.08275824327694	82.07650958824885	98.01505974143345	32.48411392031557	129.67981627294284	77.63447730533461	110.11263432007172	15.50002200397377
K13057	treT; trehalose synthase [EC:2.4.1.245]	178.65358782226116	204.1027816320486	702.9599325879278	115.83183959858675	86.00148322307197	154.6643855860935	392.18763668944456	126.01820328010638	53.94300493231299	48.84130010072015	25.32551577304941	51.1643831589465	61.96420945250007	134.78578332663983	8.198006829322193
K13058	mfpsA; mannosylfructose-phosphate synthase [EC:2.4.1.246]	0.0	0.0	0.0	0.0	0.0	4.2	0.0	8.0	0.0	0.0	1.8	16.4	0.0	6.0	0.0043096300904545
K13059	nahK, lnpB; N-acetylhexosamine 1-kinase [EC:2.7.1.162]	0.0498066521089614	0.8852790996716366	0.0039980046949768	0.2691973243289046	0.0694473276975297	0.1044906716649295	0.1563666841041149	0.6639679802546481	0.4094393222153967	0.0950757135694987	0.0069959791770631	1.346900731141772	0.4094352410058491	0.0516398627008794	0.0003715806247531
K13060	lasI, luxI; acyl homoserine lactone synthase [EC:2.3.1.184]	0.0002581144044554	0.0011448133413149	0.0002752913582873	0.0053938162841289	0.0026991742974386	0.0032739785360892	20.10812089840521	0.2717637150013298	2.9407002647022047	4.9642527639474086	0.000481721535588	0.2280616231482069	5.963064980425085	32.09278622408576	51.0
K13061	rhlI, phzI, solI, cepI, tofI; acyl homoserine lactone synthase [EC:2.3.1.184]	4.000258114404455	13.331144813341314	14.250275291358289	37.505393816284126	170.17269917429746	72.0032739785361	125.25346974990396	10.000746616909682	19.500700264702207	17.000997350239473	15.330481721535588	43.00049889848943	6.670780017742757	51.00355578280885	0.0
K13063	phzE; 2-amino-4-deoxychorismate synthase [EC:2.6.1.86]	0.0	1.163167488032706	4.4843156288281225	0.0	11.854436898921032	0.0	18.96992825949057	0.0	0.0	0.0	0.0	0.0	0.0	0.0	4.705788704120123e-06
K13065	E2.3.1.133, HCT; shikimate O-hydroxycinnamoyltransferase [EC:2.3.1.133]	0.0	0.0111698826842671	0.0008476922587152	0.0	0.0022409025640485	0.0	0.003585978924092	0.0	0.0	0.0	0.0	0.0	0.0	0.0	0.0
K13069	E2.7.7.65; diguanylate cyclase [EC:2.7.7.65]	35.435993179402104	342.8425555309253	53.97544046527227	194.62232620078925	394.0406490258426	362.3343490793404	604.5589516275536	235.1237380960839	355.51811390791005	236.12910021765305	81.54879887652572	848.0793594475756	199.6924900915787	746.9163323359082	34.14574115683548
K13074	CYP158A2; biflaviolin synthase [EC:1.14.21.7]	0.0	0.1020340575484892	3.2693950666162648	0.0	8.64275415086571	0.0	13.830469351206345	0.0	0.0	0.0	0.0	0.0	0.0	0.0	0.0
K13075	ahlD, aiiA, attM, blcC; N-acyl homoserine lactone hydrolase [EC:3.1.1.81]	4560.839938919865	5559.959981083042	1468.275392771849	461.86009815621287	83.13271042453222	121.72386899260198	86.68175677576903	2579.805816757948	822.0227175957302	90.13569826657846	8.552100559915468	12.331010037078634	82.33412755073816	47.57830847268897	49.70362335173863
K13081	LAR; leucoanthocyanidin reductase [EC:1.17.1.3]	1.6118432424437094e-07	7.148999111268863e-07	1.719107914549292e-07	3.368268557850257e-06	1.6855494216537428e-06	2.044496582991596e-06	2.16674964245564e-06	4.6623876846549405e-07	4.372932733265829e-07	6.228138438197802e-07	3.008199420389597e-07	3.115464092495179e-07	4.870965377937437e-07	2.2204744846142246e-06	0.0
K13085	ipgD, sopB; phosphatidylinositol-4,5-bisphosphate 4-phosphatase [EC:3.1.3.78]	1.4883061027788949e-15	0.0030144690876345	3.299959927379803e-15	0.0060229092370889	0.0060229092371013	0.0102431659597786	0.0228918782514483	1.0581327551025991e-14	1.0904675272848004e-14	1.1196292610752902e-14	4.853237768655644e-15	0.028311893670992	1.1131320872255955e-14	0.0210831967988702	2.329916761913762e-15
K13086	mfppA; mannosylfructose-6-phosphate phosphatase [EC:3.1.3.79]	0.0	0.0	0.0	0.0	0.0	4.2	0.0	8.0	0.0	0.0	1.8	16.4	0.0	6.0	0.0
K13091	RBM39, RNPC2; RNA-binding protein 39	3.311483652724773e-19	1.4687404498727197e-18	3.5318557080457328e-19	6.920006842847499e-18	3.4629107897637226e-18	4.200356979109132e-18	4.451522227224074e-18	9.578735818622449e-19	8.984059292714091e-19	1.279552383377571e-18	6.180255587170834e-19	6.400627642491794e-19	1.000725244073571e-18	4.5618983059075385e-18	3.7900636150021446e-08
K13093	HTATSF1; HIV Tat-specific factor 1	3.211840466736357e-44	1.4245457646007697e-43	3.4255814841305773e-44	6.71178249352432e-43	3.358711131824357e-43	4.073967422167569e-43	4.317575059206536e-43	9.290509798263402e-44	8.713727204467705e-44	1.2410504037546599e-43	5.994290496743255e-44	6.208031514137475e-44	9.706132272026805e-44	4.424629900254453e-43	8.462904896785238e-07
K13095	SF1; splicing factor 1	0.0	0.0	0.0	0.0	0.0	0.0	0.0	0.0	0.0	0.0	0.0	0.0	0.0	0.0	1.1252064469599004e-10
K13098	TLS, FUS; RNA-binding protein FUS	0.0972165646452589	0.4314052289784204	0.1036862902868409	2.0315343910267263	1.0166211836390802	1.2331157831829591	1.306852117202571	0.2812068207447564	0.2637486615065497	0.3756433672661089	0.1814362623593335	0.7281886130966395	0.2937869564977938	2.627693635556234	0.0
K13100	CWC22; pre-mRNA-splicing factor CWC22	81.64342601212722	233.5521696102088	36.39726262034634	26.7830122562317	22.865258601281027	53.52831203509074	0.2378729167004304	235.31377168880053	44.9377865706402	46.76853875376694	0.0034916185467112	4.061904234883655	10.552409047200156	11.378027817462646	6.645563773588397
K13107	RBMX2, IST3; RNA-binding motif protein, X-linked 2	0.0038214292313987	0.010733541812444	0.0007244282679419	0.0137929176133999	0.0066554576972873	0.0200897828002009	0.1707578897828312	0.0151076438194519	0.0103559160587254	0.0077563492400785	0.009279590974943	0.0193771472645122	0.0174473855652447	0.0545959929184597	0.002042094913969
K13110	MFAP1; microfibrillar-associated protein 1	4.661766190227548e-07	2.0676304911855503e-06	4.971996619999078e-07	9.74169203872888e-06	4.874938889162746e-06	5.913084346946861e-06	6.266664127073189e-06	1.348453788912212e-06	1.2647377506246466e-06	1.801299557842149e-06	8.700301606360504e-07	9.010532036132036e-07	1.408778540908931e-06	6.422046887725829e-06	0.0
K13119	FAM50, XAP5; protein FAM50	0.0	0.0	0.0	0.0	0.0	0.0	6.123368303035155	0.0	0.0	0.0	0.0	0.0	0.0	0.0	0.0
K13126	PABPC; polyadenylate-binding protein	0.0002030079852058	0.0005810830464986	3.848421995954368e-05	0.0007327291034983	0.00035356171106	0.0010672410981684	0.009071269690928	0.000802572060682	0.0005501432910935	0.0004120450063142	0.0004929650539852	0.001029383350314	0.0009268675085246	0.0029003343648552	0.000327886754192
K13133	GEMIN5; gem associated protein 5	0.0002030079852058	0.0005702041214221	3.848421995954368e-05	0.0007327291034983	0.00035356171106	0.0010672410981684	0.009071269690928	0.000802572060682	0.0005501432910935	0.0004120450063142	0.0004929650539852	0.001029383350314	0.0009268675085246	0.0029003343648552	0.0001084833838286
K13148	CPSF3L, INTS11; integrator complex subunit 11 [EC:3.1.27.-]	0.0005818197683105	0.0016342018737795	0.0001102955625995	0.0020999975779257	0.0010133059180105	0.0030587071136058	0.0259982090089076	0.0023001671088215	0.0015767076444658	0.001180918720336	0.0014128351316039	0.0029502070166119	0.0026563971782568	0.0083123423271864	0.000310912780996
K13162	PCBP2; poly(rC)-binding protein 2	0.0045477163249607	0.0130954215887	0.0010356717601354	0.019835718141711	0.0096452729549389	0.0253778552442044	0.1970285422743187	0.0177690030774099	0.0123247263251366	0.0095935137741027	0.0109320134153859	0.0224389019659648	0.0204578645865769	0.0648712185203209	0.0023244498727818
K13169	SFRS17; splicing factor, arginine/serine-rich 17	1.2070243513996686e-07	5.353508199937415e-07	1.287349204255737e-07	2.5223185880131198e-06	1.2622190197225376e-06	1.531015608120125e-06	1.6225644733698835e-06	3.4914161147038305e-07	3.2746585754097666e-07	4.663924233349006e-07	2.2526818109009855e-07	2.3330066637570537e-07	3.647608943088957e-07	1.6627961727392343e-06	0.0
K13171	SRRM1, SRM160; serine/arginine repetitive matrix protein 1	1.1617893935806268e-09	0.0016809139629661	0.0032158112795251	2.4277911041204787e-08	0.0085011125083762	1.4736386162033513e-08	0.0136038050945522	3.360570319841277e-09	3.1519360782549662e-09	4.489137025682398e-09	2.168259349516785e-09	0.5459960489145173	3.510909599376749e-09	1.302063378598334	0.0
K13172	SRRM2, SRM300; serine/arginine repetitive matrix protein 2	1.2070243513996686e-07	0.00045509935373	1.450027830358032e-07	2.5223185880131198e-06	1.3052236533735546e-06	1.531015608120125e-06	1.6913821508472268e-06	3.4914161147038305e-07	3.2746585754097666e-07	4.663924233349006e-07	2.2526818109009855e-07	2.3330066637570537e-07	3.647608943088957e-07	1.6627961727392343e-06	0.0
K13179	DDX18, HAS1; ATP-dependent RNA helicase DDX18/HAS1 [EC:3.6.4.13]	0.0	0.0	0.0	0.0	0.0	0.0	0.0	0.0	0.0	0.0	0.0	0.0	0.0	0.0	2.2404979393894226e-07
K13181	DDX27, DRS1; ATP-dependent RNA helicase DDX27 [EC:3.6.4.13]	44.71858620521865	17.577767473611907	20.373910830135145	8.357033842067576	34.76512618175958	20.667512985576213	3.0052721464687377	11.252416866932816	127.5309109795032	63.64121755357324	0.0002541256906193	0.7168874506518453	7.521030993787662	0.0483618876163924	0.0
K13184	DHX9; ATP-dependent RNA helicase A [EC:3.6.4.13]	0.0	3.790465953897417e-17	0.0	0.0	0.0	0.0	0.0	0.0	0.0	0.0	0.0	0.0	0.0	0.0	0.0
K13191	RBM16, SCAF8; RNA-binding protein 16	3.19190934266497e-14	1.415705724544709e-13	3.4043239869777905e-14	6.670132426840112e-13	3.3378685996433114e-13	4.0486863563752454e-13	4.2907822825777467e-13	9.232857400707112e-14	8.659654039926945e-14	1.2333490469057577e-13	5.957092837380078e-14	6.1695074816929e-14	9.645900722991113e-14	4.397172793207804e-13	0.0
K13195	CIRBP; cold-inducible RNA-binding protein	0.0	0.0	0.0	0.0	0.0	0.0	0.0	0.0	0.0	0.0	0.0	0.0	0.0	0.0	0.0005993844756409
K13199	SERBP1; plasminogen activator inhibitor 1 RNA-binding protein	0.0057813408289879	0.0162384960681425	0.0010959686769162	0.0208669461677706	0.010068868777999	0.0303933095831241	0.2583351672218171	0.0228559611432192	0.015667195885772	0.0117343789097585	0.0140388516759609	0.0293151817789997	0.0263956955348799	0.0825968567875439	0.0030894322460102
K13201	TIA1, TIAL1; nucleolysin TIA-1/TIAR	2.0386053327228089e-25	4.864172282856996e-25	1.0015023440628137e-24	1.3269671844065191e-24	2.6540280547198734e-24	5.2042521246669135e-24	9.013521096565322e-25	8.584439643262452e-25	3.5057266337540213e-25	1.2161367566210836e-24	1.2872443599086115e-25	7.296258424285493e-25	1.4343312336390721e-24	9.659016994656324e-26	1.752863316877011e-25
K13207	CUGBP, BRUNOL, CELF; CUG-BP- and ETR3-like factor	0.0	0.0001437315702459	0.0	0.0	0.0	0.0	0.0	0.0	0.0	0.0	0.0	0.0	0.0	0.0	5.6967704035527365e-05
K13208	ELAVL2_3_4; ELAV like protein 2/3/4	0.0	0.0	0.0	0.0	0.0	0.0	0.0	0.0	0.0	0.0	0.0	0.0	0.0	0.0	9.088232465186836e-07
K13210	FUBP; far upstream element-binding protein	35.45427515423554	13.936206298403851	16.1530667235946	6.625764523254452	27.562888346472494	16.38587171534018	2.3827049188793423	8.921269741479435	101.11044147813652	50.45672715354063	0.0002060021411386	0.5683751398509957	5.962912386967004	0.0383761838615081	0.0
K13217	PRPF39, PRP39; pre-mRNA-processing factor 39	0.0225141758152274	0.0632372949628054	0.0042680118883131	0.08126178802459	0.0392110217549704	0.1183601408439079	1.0060301838956225	0.0890075750481725	0.0610124905514897	0.0456969892417743	0.0546712578075922	0.1141616065335653	0.1027923016091583	0.3216555139301105	0.0120311226874815
K13219	SFPQ, PSF; splicing factor, proline- and glutamine-rich	0.0001948109222741	0.0005471804011361	3.693030289285669e-05	0.0007031429442782	0.0003392855849616	0.0010241480029086	0.0087049896726744	0.0007701657802988	0.0005279295876573	0.000395407439846	0.0004730600952392	0.0083303128021107	0.0008894424225655	0.0202932274162794	0.0001041030382802
K13237	DECR2; peroxisomal 2,4-dienoyl-CoA reductase [EC:1.3.1.34]	0.0	7.111667604179478e-14	0.0	0.0	0.0	0.0	15.0	0.0	0.0	0.0	0.0	0.0	0.0	0.0	1.3334060914784125
K13238	ECI1, DCI; Delta3-Delta2-enoyl-CoA isomerase [EC:5.3.3.8]	0.0	0.0	0.0	0.0	0.0	0.0	0.0	0.0	0.0	0.0	0.0	0.0	0.0	0.0	0.0285136652223174
K13239	ECI2, PECI; Delta3-Delta2-enoyl-CoA isomerase [EC:5.3.3.8]	0.0	0.0	0.0	0.0	0.0	0.0	0.0	0.0	0.0	0.0	0.0	0.0	0.0	0.0	5.263951438129704e-07
K13243	dos; c-di-GMP-specific phosphodiesterase [EC:3.1.4.52]	9.850000091223608	53.11000049186658	21.840000202266356	74.10000068626084	156.34000144790852	157.84000146180043	83.95000077748446	70.03000064856744	75.11000066838658	74.10000068626084	32.12000029747231	25.910000239959764	73.6700006822785	69.82000064662256	15.420000142808936
K13244	yahA; c-di-GMP-specific phosphodiesterase [EC:3.1.4.52]	9.394295043773736	50.65289439338306	20.82958413766684	70.67180332422679	149.1070139232067	150.53761722936514	80.06609836800052	66.79009968685023	68.8310937369696	70.67180332422679	30.63398546253933	24.7112877750434	70.26169704312804	66.58981522398804	14.706601987308732
K13245	pdeA; c-di-GMP-specific phosphodiesterase [EC:3.1.4.52]	0.0	0.0	0.0	0.0	0.0	0.0	0.0	0.0	0.0	0.0	0.0	11.008151461509764	0.0	26.251674889146333	0.0
K13247	CRYL1; L-gulonate 3-dehydrogenase [EC:1.1.1.45]	6.528921624432781e-32	7.73847078142385e-32	1.5214543739374552e-44	2.9810036278501117e-43	1.4917542513526157e-43	1.8094316490354075e-43	1.917628726411768e-43	1.765413004541428e-31	3.8701570609113687e-44	5.512061452389023e-44	6.041136226722573e-33	2.757265224745706e-44	4.3109286606383833e-44	1.9651765827153153e-43	0.0
K13252	ptcA; putrescine carbamoyltransferase [EC:2.1.3.6]	932.4553986005864	2380.53377432902	1145.6647210719068	2134.744670861486	840.8733248326287	957.2407659678476	3195.119186748427	2347.448600873457	2076.8591209026995	1392.6421987379313	221.1920374276769	369.1244170231301	306.06163082590683	250.48663888956852	56.70426082955188
K13255	fhuF; ferric iron reductase protein FhuF	21.98238997203115	110.28885598117544	57.77478836196686	192.08503895227764	475.24545477441086	419.1984456565042	329.3838747064652	141.69162701195555	158.8127368713532	168.01886028582152	73.96902191894827	162.80931914954914	143.47242194824418	206.84351123885023	28.15111201712897
K13256	psiE; protein PsiE	289.39788778498473	980.3518026033062	2534.0349852251857	600.3983632761526	3375.160884363959	2644.386501943643	1029.2227857533512	2002.075633096384	645.1306311288589	1564.373208933484	346.6010136206939	486.6100609251522	125.96999589349518	1234.772248549344	20.348803295241083
K13274	wprA; cell wall-associated protease [EC:3.4.21.-]	343.7537909251169	1898.931542357039	354.28492296976555	68.16363716917861	204.5513297546169	152.01711968015343	4.298498825507125	385.7192788196904	64.40074983839207	74.14094214813862	0.5499872726577069	16.962718742678362	19.04811317640533	19.423171669209243	8.968357228918071
K13275	isp; major intracellular serine protease [EC:3.4.21.-]	89.57192702033342	607.448762025291	180.44813353188067	1620.469959912232	15303.019744999758	8312.928548143373	187.47773997878403	92.00316535940073	248.3351964803238	273.3727986013261	1084.1406974026504	100.21170058147072	98.66270240971802	6928.557561489586	17.888447677639938
K13276	bpr; bacillopeptidase F [EC:3.4.21.-]	39.66507525894248	25.201251790591336	19.544341517310716	56.71593822566147	55.24306904205783	51.16905189505506	34.983367711895234	12.237020078803086	107.01298810249888	59.24185152559933	5.051555484856326	5.825371517284623	14.33335004221459	37.31453533323808	0.0293302349328467
K13277	epr; minor extracellular protease Epr [EC:3.4.21.-]	1770.6657355074494	3677.5175653356487	842.2761157897263	382.2994506657842	733.1361352952182	777.3384358838084	238.75397405128825	2323.5521571948743	673.7085405247238	471.30642848608784	12.93876879444354	64.38885963077344	98.13198579162524	171.24931101277605	48.95771238957232
K13280	SEC11, sipW; signal peptidase I [EC:3.4.21.89]	13883.326057647642	13503.077551046665	26598.07302183485	5398.089142680483	11936.086655347666	10333.95053436641	4462.911427017501	18651.620131352003	3385.0689224553958	2330.6959761093185	531.5973499176872	1839.302264701798	3489.0671548477585	2991.080074725243	345.6136808751536
K13281	uvsE, UVE1; UV DNA damage endonuclease [EC:3.-.-.-]	810.3548815571928	1899.714702646142	1391.7907539046687	7559.274202736562	59999.47491419582	25180.92109502383	858.4846659574077	877.483546587724	957.8524314446164	1340.9149307259368	4104.858291768791	360.78928562945566	503.1932734861204	32585.73221575025	133.9060711761861
K13282	cphB; cyanophycinase [EC:3.4.15.6]	1110.563881757037	3842.718032809833	1994.1714857367256	9522.96937897056	58441.25961310567	23748.64882076861	4558.316651284435	3443.301159802302	2693.347635293794	2472.856474948554	4167.74398535191	788.755679516051	1356.9722757355617	32724.16853638145	248.1755222515193
K13283	fieF; ferrous-iron efflux pump FieF	22.300923795789192	64.31635680367546	60.51866290499173	74.64588627553002	156.60350147871478	167.6305168531582	133.38375330778163	75.08535338835355	75.51650958621148	74.40493944523675	32.48411391940882	27.7854650589748	76.4593346809485	71.96296698677435	15.500022036564516
K13284	sipA, ipaA; invasin A	1.488305485680443e-15	8.024761862384601e-15	3.2999585591127795e-15	1.1196287968418356e-14	2.362250554632289e-14	2.3849151051756462e-14	1.2684593454098802e-14	1.0581323163675272e-14	1.0904670751427166e-14	1.1196287968418356e-14	4.8532357563508446e-15	3.914923363855866e-15	1.1131316256860736e-14	1.0549592792914572e-14	2.3299157958570995e-15
K13285	sipB, ipaB, bipB; invasin B	8.582544487304698	46.276034286370816	19.02972300535377	64.56513162530742	136.22284316195092	137.52982963209885	73.14767611261213	61.01884166963939	62.88347570038376	64.56513162530742	27.9869369474342	22.5760129610218	64.19046217053169	60.83586356381868	13.435820913120654
K13286	sipC, ipaC, bipC; invasin C	1.488305485680443e-15	8.024761862384601e-15	3.2999585591127795e-15	1.1196287968418356e-14	2.362250554632289e-14	2.3849151051756462e-14	1.2684593454098802e-14	1.0581323163675272e-14	1.0904670751427166e-14	1.1196287968418356e-14	4.8532357563508446e-15	3.914923363855866e-15	1.1131316256860736e-14	1.0549592792914572e-14	2.3299157958570995e-15
K13287	sipD, ipaD, bipD; invasin D	8.582544487304698	46.276034286370816	19.02972300535377	64.56513162530742	136.22284316195092	137.52982963209885	73.14767611261213	61.01884166963939	62.88347570038376	64.56513162530742	27.9869369474342	22.5760129610218	64.19046217053169	60.83586356381868	13.435820913120654
K13288	orn, REX2, REXO2; oligoribonuclease [EC:3.1.-.-]	207.67000552402752	260.39156466870975	1521.387646884593	1488.475886275878	1360.8780395703634	719.1205168538985	803.5770893223969	826.0827582416285	396.43650958655	304.3949394455842	123.78411391955947	1049.779816272333	169.31447730360043	649.6629669871018	66.68064772175235
K13289	CTSA, CPY; cathepsin A (carboxypeptidase C) [EC:3.4.16.5]	0.0	0.0	0.0	0.0	0.0	0.0	0.0	0.0	0.0	0.0	0.0	0.0	0.0	0.0	5.6967704035527365e-05
K13292	lgt, umpA; phosphatidylglycerol:prolipoprotein diacylglycerol transferase [EC:2.-.-.-]	39372.71658775621	46754.74491125417	46747.158164900975	34157.421024156174	90326.56664044048	53618.45469695173	24768.4741789385	57297.803169849794	19419.87258682756	12674.209413470744	6276.119064279003	6595.520923067366	7510.996204315295	39798.01049730989	1201.9604795016585
K13293	PDE4; cAMP-specific phosphodiesterase 4 [EC:3.1.4.53]	0.0	0.0	0.0	0.0	0.0	0.0	0.0	0.0	0.0	0.0	0.0	0.0	0.0	0.0	0.0003592696492673
K13300	cccA; cytochrome c550	0.3981350591265118	1.7658461498682676	12.811157762736752	8.319827673816212	4.163409325297381	5.050030589322258	69.20200306267718	1.1516380424727553	1.080140913501921	1.5383879772207925	96.20720662723552	0.7695385308012733	1.2031579980495777	5.484706682025061	0.0
K13301	secM; secretion monitor	10.000005523981311	53.53175186496268	21.868662904991734	74.64588627553002	156.60350147871478	158.6305168531582	98.77375330778165	70.62275824129998	75.51650958621148	74.40493944523675	32.48411391940882	26.66981627221141	74.3544773032549	71.96296698677435	15.50002200353846
K13307	tylMI; dTDP-3-amino-3,6-dideoxy-alpha-D-glucopyranose N,N-dimethyltransferase [EC:2.1.1.235]	0.0006513462650138	0.40558535165624	0.0361632967734788	0.0136111818255554	0.1005737411962812	0.0082618159018134	0.1587981091963126	0.0018840720514747	0.0017671032318572	0.0025167923299781	0.001215614152352	0.0526653168927542	0.0019683583504816	0.131564186227974	3.558944047097899e-05
K13308	desI, eryCIV; dTDP-4-amino-4,6-dideoxy-D-glucose transaminase [EC:2.6.1.33]	0.0	0.4312462528552684	0.0005721223331661	0.0	0.001512424338149	0.0	0.002420239901501	0.0	0.0	0.0	0.0	0.0	0.0	0.0	0.0
K13309	desII, eryCV; dTDP-4-amino-4,6-dideoxy-D-glucose ammonia-lyase [EC:4.3.1.30]	0.0	0.0353707687727712	7.293565492157354e-13	0.0	1.928078196349484e-12	0.0	3.0853852760198775e-12	0.0	0.0	0.0	0.0	0.0	0.0	0.0	0.0
K13310	desV, eryCI; dTDP-3-amino-3,4,6-trideoxy-alpha-D-glucose transaminase [EC:2.6.1.106]	0.0	0.0670478112159094	0.8572490271810281	0.0	2.2661661980369137	0.0	3.626406767980312	3.519397228344808	0.0	0.0	0.0	0.0	0.0	0.0	0.0
K13311	desVI, eryCVI; dTDP-3-amino-3,4,6-trideoxy-alpha-D-glucopyranose N,N-dimethyltransferase [EC:2.1.1.234]	13.283508617947293	97.9351885829726	6.324763221376887	201.21636347217984	90.70058061419384	125.53147800597591	11.4592860635288	231.86620537839963	13.581899439961962	4.192949010002685	7.105840795305621	5.767953288199571	112.10959139900592	0.1378258124647922	3.558944047097899e-05
K13312	tylJ, gerF; dTDP-4-dehydro-6-deoxy-D-glucose 3-epimerase [EC:5.1.3.27]	0.0	7.910274478404965e-05	0.2771523198938384	0.0	0.7326613377635224	0.0	1.1724329999294552	0.0	0.0	0.0	0.0	0.0	0.0	0.0	0.0
K13313	tylD, gerKI, mydI; dTDP-4-dehydro-6-deoxy-alpha-D-gulose 4-ketoreductase [EC:1.1.1.364]	0.0	0.0262386940888203	4.101714100853912e-06	0.0	1.0843017086799933e-05	0.0	1.7351415171120177e-05	0.0	0.0	0.0	0.0	0.0	0.0	0.0	0.0
K13315	eryBII, tylCII, tylC1, calS12, atmS12; NDP-hexose C3-ketoreductase / dTDP-4-oxo-2-deoxy-alpha-D-pentos-2-ene 2,3-reductase [EC:1.1.1.-]	0.0	0.082560768974624	0.2419812720764521	0.0	0.6396855078866462	0.0	1.023649482190922	0.0	0.0	0.0	0.0	0.0	0.0	0.0	0.0
K13316	tylCVII, tylK; NDP-hexose 5-epimerase [EC:5.1.3.-]	0.0	0.2746954769573431	1.0029174023265912	0.0	2.651245372711935	0.0	4.242625351797977	0.0	0.0	0.0	0.0	0.0	0.0	0.0	0.0
K13317	eryBIII, tylCIII, tylC3; NDP-4-keto-2,6-dideoxyhexose 3-C-methyltransferase [EC:2.1.1.-]	0.0011376275405037	0.01268064480945	0.0034314700720026	0.0041061084716604	0.0104824093178891	0.0059806655605338	0.0644378796595648	0.0044974983547817	0.0030829238492111	0.0023090409307537	0.0027625052352052	0.0057685161884937	0.0051940321609842	0.0162530564833862	0.0006079252744931
K13318	eryBIV, tylCIV, tylC2; dTDP-4-keto-6-deoxy-L-hexose 4-reductase [EC:1.1.1.-]	0.0	0.0042511514238741	7.262480537990012e-06	0.0	1.9198607857525648e-05	0.0	3.0722354578689606e-05	0.0	0.0	0.0	0.0	0.0	0.0	0.0	0.0
K13319	oleU; 4-ketoreductase	0.0	0.0288203702926733	0.8687885617826423	0.0	2.296671339980613	0.0	3.675222275553701	0.0	0.0	0.0	0.0	0.0	0.0	0.0	0.0
K13320	oleY; L-olivosyl-oleandolide 3-O-methyltransferase [EC:2.1.1.239]	0.0	0.0285724075284518	0.0	0.0	0.0	0.0	0.0	0.0	0.0	0.0	0.0	0.0	0.0	0.0	0.0
K13322	megDV; dTDP-4-keto-6-deoxyhexose 4-ketoreductase	0.0	0.0745022002551975	1.6968088330824894e-07	0.0	4.485570353700714e-07	0.0	7.177983107771668e-07	0.0	0.0	0.0	0.0	0.0	0.0	0.0	0.0
K13326	megDIII; dTDP-3-amino-2,3,6-trideoxy-4-keto-D-glucose/dTDP-3-amino-3,4,6-trideoxy-alpha-D-glucopyranose N,N-dimethyltransferase [EC:2.1.1.- 2.1.1.234]	0.0	0.0636832769820009	9.38852589461159e-08	0.0	2.48188791788155e-07	0.0	3.971613004629067e-07	0.0	0.0	0.0	0.0	0.0	0.0	0.0	0.0
K13327	spnN, oleW; dTDP-3,4-didehydro-2,6-dideoxy-alpha-D-glucose 3-reductase [EC:1.1.1.384]	35.90714882854469	51.28085195994748	2032.82627935588	62.84000005871491	36.90709975127975	4.797359785153535e-06	0.0010783715546962	396.9873102518299	181.5344584808382	28.921609694695952	5.243828416292499e-09	14.960477104667447	2.276980497020453e-05	3.870752695344285e-08	3.216830963115251e-06
K13329	spnR; dTDP-4-dehydro-2,3,6-trideoxy-D-glucose 4-aminotransferase [EC:2.6.1.110]	0.0091114299856501	0.5068327534106499	0.163951728796116	0.0593080396676236	0.4337033868659616	0.2326010733928618	0.544493608533415	0.6519298385128679	0.0156686447639259	0.0543545370605353	0.0057532650736596	0.0326102098934942	0.0641066144670515	0.0043170424242671	0.1073509388179451
K13330	spnS; dTDP-4-amino-2,3,4,6-tetradeoxy-D-glucose N,N-dimethyltransferase [EC:2.1.1.324]	26.93120945905064	26.765351183637204	28.03603398235956	24.72113259112985	5.741892648072238	5.925529845251009	5.85484513469749	19.5224888222746	4.776238733832078	5.826851056233494	0.8111310186083596	0.593588343738382	2.763405743160833	0.7984920473264734	2.3928289290304106
K13332	angMI; N,N-dimethyltransferase	0.4215620227244646	0.302536117433149	0.0201956962890327	0.4176821275681857	0.1455825889258883	0.1633779356666212	0.3012877040629592	0.1201786558221338	0.3194910880638103	0.1465551972240217	0.0112170475086472	0.0116170186391689	0.0181629747306526	0.0827975951887893	0.0
K13338	PEX1; peroxin-1	0.0	1.3088405712668441e-17	0.0	0.0	0.0	0.0	0.0	0.0	0.0	0.0	0.0	0.0	0.0	0.0	0.0
K13370	HSD17B8; 17beta-estradiol 17-dehydrogenase / 3alpha(17beta)-hydroxysteroid dehydrogenase (NAD+) [EC:1.1.1.62 1.1.1.239]	0.0	0.0010071905299292	0.0	0.0	0.0	0.0	0.0	0.0	0.0	0.0	0.0	0.0	0.0	0.0	1.3430019065301966e-07
K13371	aauA; aralkylamine dehydrogenase light chain [EC:1.4.9.2]	0.0	4.99799218839338	0.0	9.985988392409974	9.985988392409974	16.983177456160703	37.954752678659325	0.0	0.0	0.0	0.0	46.94114263339063	0.0	54.9559573656233	0.0
K13372	aauB; aralkylamine dehydrogenase heavy chain [EC:1.4.9.2]	0.0	0.0	0.0	0.0	0.0	0.0	0.0	0.0	0.0	0.0	0.0	0.0	0.0	20.0	0.0
K13378	nuoCD; NADH-quinone oxidoreductase subunit C/D [EC:1.6.5.3]	17299.66562333613	10270.1307667502	66703.57214477178	9496.479539416952	1401.362705903132	1344.534995493551	764.6609794518962	25829.001649950496	15013.461497708344	3407.590209890832	39.50226106268062	1082.0462621976017	209.26898438070063	508.158994503782	520.6967836705343
K13381	chiA; bifunctional chitinase/lysozyme [EC:3.2.1.14 3.2.1.17]	1.2671704095100442	6.832428471987661	2.8096448470760778	9.532723588293836	20.11263165713709	20.305601770260445	10.79989399780388	9.009131348019128	10.62698274662938	9.532723588293836	4.132133355681484	3.3332370873507866	9.477405489198476	8.982115532181856	1.98373276290811
K13403	MTHFD2; methylenetetrahydrofolate dehydrogenase(NAD+) / 5,10-methenyltetrahydrofolate cyclohydrolase [EC:1.5.1.15 3.5.4.9]	3.7620662070685885e-29	1.6685870724061566e-28	4.012423554181888e-29	7.8615891323331535e-28	3.934097530435874e-28	4.771885567283071e-28	5.057226034401409e-28	1.088208250704357e-28	1.0206490326355638e-28	1.4536568156445366e-28	7.021182386454211e-29	7.27153973356751e-29	1.136890595909141e-28	5.182620618590923e-28	0.0
K13408	raxA; membrane fusion protein	9.412320521904276	25.38782575754949	21.46465515236384	63.89117894080735	234.68529330931	80.42052762422148	236.3020589886661	21.25289851982494	31.824610688657582	30.10193990957848	16.427580269632347	74.95194757743737	10.84095397134784	102.94090042657668	72.2678140622984
K13409	raxB, cvaB; ATP-binding cassette, subfamily B, bacterial RaxB	569.957388214061	208.30429417846392	3797.031831868133	118.04720195855175	297.9108245265299	81.76380361974871	505.87824935434577	1068.5320890501105	866.1825837645943	161.7306993505877	31.42805946039953	700.2688161151933	56.50381025922722	382.053154518029	72.26781420490448
K13411	DUOX, THOX; dual oxidase [EC:1.6.3.1 1.11.1.-]	2.0054912909762657e-33	8.894944048721584e-33	2.1389523869889466e-33	4.1908748199338525e-32	2.0971981620940508e-32	2.543808221328057e-32	2.6959182029901877e-32	5.801046684015254e-33	5.4409003814128196e-33	7.749188672878293e-33	3.742868772998485e-33	3.8763298690111656e-33	6.06056369929013e-33	2.762763849155361e-32	0.0
K13412	CPK; calcium-dependent protein kinase [EC:2.7.11.1]	33.86932324908775	3.900758030446253	19.09930905633839	8.805833138953359	2.398005494869145	4.349923557025111	30.194136168225445	26.727927350918726	7.517520212984604	5.0307775557384975	6.354432904700712	147.4084014607896	42.89080119404733	0.0050017396823856	0.0001426139153972
K13414	MEKK1; mitogen-activated protein kinase kinase kinase 1 [EC:2.7.11.25]	6.932583064255087e-14	1.9472078555589057e-13	1.3142096418625998e-14	2.502219490750258e-13	1.2073889250114838e-13	3.644554944544639e-13	3.097776206529847e-12	2.740728385677893e-13	1.878701499786624e-13	1.4071053557763677e-13	1.6834417528270852e-13	3.515273339508405e-13	3.1651887909193214e-13	9.904442368651837e-13	3.7046329420060836e-14
K13419	pknK; serine/threonine-protein kinase PknK [EC:2.7.11.1]	0.0429597372368188	0.4633434042497302	0.0105675734719587	0.1439862070326275	0.1249630768915317	0.1151842968491536	0.1062401298868484	0.0629828943310473	0.018693343094757	0.0266239468494924	0.0128594028979711	0.0133179362072906	0.0208223250999939	0.0949204890765552	0.0
K13421	UMPS; uridine monophosphate synthetase [EC:2.4.2.10 4.1.1.23]	1.8484115332654196	5.1917754529881694	0.3504033398009077	6.671584491085037	3.219220878346397	9.717355465743244	82.59497527190254	7.307512814026811	5.00911923821539	3.751718146079003	4.488504678076283	9.37265622799424	8.439237455752506	72.94788481738283	1.0035159413060002
K13444	SUMF1, FGE; formylglycine-generating enzyme [EC:1.8.3.7]	1.0398980853645268e-05	4.612254028381932e-05	1.1091010476706407e-05	0.0002173074857448	0.0001087450423347	0.000131902906325	0.0001397901945624	3.007989796296296e-05	2.8212448065710745e-05	4.0181508143731845e-05	1.94077236252524e-05	2.0099753248311383e-05	3.142555948998208e-05	0.0001432563108091	0.1308999056913091
K13448	CML; calcium-binding protein CML	0.0271188659139149	0.0839405229754891	0.1241249832303222	0.0978817768613763	0.3617689227535426	0.142567634517943	1.7151238933071198	0.1072117635068633	0.0734910113485375	0.0550431219018521	0.0658528440924051	0.1375103990263299	0.123815797975428	0.3874417977513678	0.1275920779781931
K13449	PR1; pathogenesis-related protein 1	0.0	4.5856309684156025e-17	2.7867793382747677e-14	0.0	7.36694348730049e-14	0.0	1.178886780008348e-13	0.0002392453049535	0.0	0.0	0.0	0.0	0.0	0.0	0.0021904421980332
K13450	ospF, mkaD, spvC; phosphothreonine lyase [EC:4.2.3.-]	1.488305485680443e-15	8.024761862384601e-15	3.2999585591127795e-15	1.1196287968418356e-14	2.362250554632289e-14	2.3849151051756462e-14	0.0188898360502699	1.0581323163675272e-14	1.0904670751427166e-14	1.1196287968418356e-14	4.8532357563508446e-15	3.914923363855866e-15	1.1131316256860736e-14	1.0549592792914572e-14	2.3299157958570995e-15
K13454	avrRpm1; type III effector protein AvrRpm1	0.0	0.0	0.0	0.0	0.0	0.0	3.9446365257988503	0.0	0.0	2.2748085249814096	0.0	0.0	0.0	3.186367017471714	0.0
K13457	RPM1, RPS3; disease resistance protein RPM1	3.336012284879915e-12	1.4796196200587668e-11	3.5580166674744198e-12	6.971264321415938e-11	3.488561064340284e-11	4.2314696228862125e-11	4.484495287849688e-11	9.649686882268189e-12	9.050605502437844e-12	1.2890302105470575e-11	6.226033622583371e-12	6.448038005177875e-12	1.008137758817543e-11	4.5956889379049806e-11	0.0
K13472	raxST; sulfotransferase	5.036450259905522	0.7027225527465022	25.341927393592727	1.0862868215126686	51.92779959227115	2.796245459501961	274.36852858759136	52.0854949118232	152.7938217958525	62.1482866869014	15.607532720541002	618.0874433035245	45.200187541313085	283.4319916019743	0.1556471841277641
K13479	ygeT, xdhB; xanthine dehydrogenase FAD-binding subunit [EC:1.17.1.4]	6050.409469057604	6474.560118550552	3161.8090169931725	10778.550537330057	71456.52619070708	29917.652085796348	4066.81969891607	8234.483603581302	2323.3148414863235	1090.9731320471544	5009.465542534785	2100.967878979925	1380.69941372522	39252.044905731374	321.33424959268825
K13480	ygeU, xdhC; xanthine dehydrogenase iron-sulfur-binding subunit	17.54587710818842	53.10999999796355	21.83999999916257	74.0999999971587	156.3399999940053	157.8399999939478	83.94999999678103	70.02999999731477	73.18271910470916	74.0999999971587	32.119999998768385	25.90999999900651	73.6699999971752	69.81999999732281	15.419999999408736
K13481	xdhA; xanthine dehydrogenase small subunit [EC:1.17.1.4]	298.98486001367746	93.46348977574485	158.52724362995195	109.21977409649918	371.9022708505104	310.03725258513373	863.1679645595636	247.90469180808316	347.5002838305781	209.9690378960006	56.14012820283725	892.0973800737141	102.51500212101332	529.4449581849216	55.713892500495966
K13482	xdhB; xanthine dehydrogenase large subunit [EC:1.17.1.4]	69.60596427268334	47.63453476856228	143.93780451382958	97.6615798435531	313.6264836640496	235.05821972121413	863.6731557800048	171.79807841753677	319.7665119482248	176.7778595391919	51.89688317456927	892.1227497961788	99.855371629361	529.608439673305	55.32672964795566
K13483	yagT; xanthine dehydrogenase YagT iron-sulfur-binding subunit	1011.9925877642876	1371.6887942369813	628.828230290153	1238.996194492701	905.8627371177386	627.435717667929	1635.5477454014872	3668.5130378605472	1099.7157510994416	613.4169603150713	161.37649698227807	2711.7063563638008	1688.5766003063277	1356.7200814100522	226.33272376072105
K13484	TTHL; 5-hydroxyisourate hydrolase / 2-oxo-4-hydroxy-4-carboxy-5-ureidoimidazoline decarboxylase [EC:3.5.2.17 4.1.1.97]	0.0	1.5054059724128937e-15	0.0	0.0	0.0	0.0	0.0	0.0	0.0	0.0	0.0	0.0	0.0	0.0	0.0004410116938961
K13485	PRHOXNB, URAD; 2-oxo-4-hydroxy-4-carboxy-5-ureidoimidazoline decarboxylase [EC:4.1.1.97]	4.75655426287787	15.487042375129226	14.410700614297872	52.57132616796117	199.28953114066647	83.26365929942064	164.31156362924676	17.214120422342624	26.41029088798838	26.4836209111738	17.156069613702012	124.29191710770029	10.093759300038275	83.36669695064634	0.3937575535048534
K13486	wspC; chemotaxis protein methyltransferase WspC	6.55220619878131	31.538990212412774	19.5446817187776	69.83905807472203	260.80267704669063	228.7391237806572	327.16157338670234	17.643332025758852	27.556456088915816	41.73743639443397	24.33592438933983	242.6639858202905	15.806191386325748	170.8545640203543	1.9133206329931007
K13487	wspA; methyl-accepting chemotaxis protein WspA	2.7140518830519715	13.670612371418198	19.575362802118534	60.44727101517471	167.4386033257586	140.62386965712196	296.47694880617416	18.28293374141861	27.99505123729714	42.06593433967024	9.398934873153452	196.59071038205164	9.875125404085274	138.2460149234569	1.9998077111735384
K13488	wspB; chemotaxis-related protein WspB	4.681090288988237	20.243030610337566	19.5691142733482	60.328300723224295	209.2161969257856	176.45058599140654	300.87515765145974	18.152623328041148	27.905726672947985	41.99903224106649	16.983894110320428	196.42357352733816	13.059633636306398	137.77509924051074	1.982193698321799
K13489	wspD; chemotaxis-related protein WspD	4.574794452300759	19.942459076361853	19.548963773574915	59.94062419141714	209.02705403876573	175.88494321549524	290.2390621494286	17.732632459709436	27.617669326999252	41.783283739081895	16.72577553031519	195.865703772992	12.574321902301596	136.24241223531703	1.92539134131566
K13490	wspE; two-component system, chemotaxis family, sensor histidine kinase and response regulator WspE	10.38146544317686	26.788001925009816	39.36403103100554	60.17402621407904	251.2226150368365	212.2258807138715	266.60953507323273	17.983882782418874	27.78989520701084	41.91227706675802	24.545101397070404	196.20683911576123	16.199483710859685	137.16444018744608	3.577670484112528
K13491	wspF; two-component system, chemotaxis family, response regulator WspF [EC:3.1.1.61]	6.564071264580424	26.579376832592605	19.63993520641204	59.90593682084057	251.09325461681516	211.8354007710372	290.1686041592809	17.690239393953604	27.588609929274103	41.76151890087884	24.364736373244156	195.83021048660223	15.860363363672136	136.10327191072517	1.919661085492705
K13497	trpGD; anthranilate synthase/phosphoribosyltransferase [EC:4.1.3.27 2.4.2.18]	1592.0824582962491	5041.444957825986	4888.256652909406	5356.404995629225	1111.7919420296191	1525.2066346713611	4033.4338613583272	4768.31527587516	4797.379794457575	2146.7429139386118	323.685094301722	532.8764216881299	460.6551550768855	1587.1611922329555	170.09122199265357
K13498	trpCF; indole-3-glycerol phosphate synthase / phosphoribosylanthranilate isomerase [EC:4.1.1.48 5.3.1.24]	45.2814303211245	686.369839375695	400.9930549764611	4784.838606325805	45888.63114827896	17935.95684011012	555.5231836668789	140.73687243115734	61.50795580729854	69.57506724778908	3168.115230657492	223.1636548721672	195.03381739255008	25580.35083787102	51.37131503497232
K13500	fcbD; chondroitin synthase [EC:2.4.1.175 2.4.1.226]	5.022411730904569e-19	2.708023218561844e-18	1.1135987025680793e-18	3.778281312284553e-18	7.971612690452997e-18	8.04809611782718e-18	9.964311740504028	3.570756279342609e-18	3.6798726357297745e-18	3.778281312284553e-18	1.6377651248391345e-18	1.3211237355100244e-18	3.756356063103955e-18	3.560048599510223e-18	0.1052149504738146
K13501	TRP1; anthranilate synthase / indole-3-glycerol phosphate synthase / phosphoribosylanthranilate isomerase [EC:4.1.3.27 4.1.1.48 5.3.1.24]	2.318729935331299	4.392893758425979	7.529409370273513	11.88615482571475	5.9278821308076814	7.196657493456233	7.620804988239469	51.9657148883102	10.807298859734548	6.767816821323846	1.0507942177011709	4.382652586634251	1.70147704273421	7.772986846128358	0.0
K13503	trpEG; anthranilate synthase [EC:4.1.3.27]	3.7248374438605376	2.5318485695235418	14.144544891417716	8.388900998980029	5.380823902935862	9.841719955215758	9.045243410536091	17.70440552444857	1.408749484972745	1.5485393402934184	2.6346914859004054	17.42090795564085	9.390348992741258	44.93852473634614	0.0327125752491698
K13507	GAT; glycerol-3-phosphate O-acyltransferase / dihydroxyacetone phosphate acyltransferase [EC:2.3.1.15 2.3.1.42]	9.656669942962165e-19	5.206758788535234e-18	2.1411337213633875e-18	7.264560840340064e-18	1.532714496327619e-17	1.5474200850732468e-17	8.230227834636279e-18	6.865549199042034e-18	7.075348931812988e-18	7.264560840340064e-18	3.148956736730403e-18	2.5401453626614178e-18	7.222404819269266e-18	6.844961374798154e-18	1.5117345230505237e-18
K13520	icsP, sopA; outer membrane protease [EC:3.4.23.-]	1.488305485680443e-15	8.024761862384601e-15	3.2999585591127795e-15	1.1196287968418356e-14	2.362250554632289e-14	2.3849151051756462e-14	1.2684593454098802e-14	1.0581323163675272e-14	1.0904670751427166e-14	1.1196287968418356e-14	4.8532357563508446e-15	3.914923363855866e-15	1.1131316256860736e-14	1.0549592792914572e-14	2.3299157958570995e-15
K13522	K13522, nadM; bifunctional NMN adenylyltransferase/nudix hydrolase [EC:2.7.7.1 3.6.1.-]	0.9643050047945676	2.708518161473301	0.5148255720026998	3.480531511036773	60.81551707339726	12.209487834669895	345.04737344618354	59.9471355625176	159.805248860062	76.4721048882438	17.341625254044853	698.9799027519216	48.40269803176151	382.0243819278744	0.522375542188614
K13523	AGPAT3_4; lysophosphatidic acid acyltransferase / lysophosphatidylinositol acyltransferase [EC:2.3.1.51 2.3.1.-]	0.0	4.56905896654311e-21	0.0	0.0	0.0	0.0	0.0	0.0	0.0	0.0	0.0	0.0	0.0	0.0	0.0
K13525	VCP, CDC48; transitional endoplasmic reticulum ATPase	374.5950336685992	150.30125858225475	2986.438499847022	1319.0210395413694	954.160546074562	419.94403246101376	200.99169543208677	686.704482182402	455.76794304519547	156.5579510859272	57.74003601141147	142.9536491950847	54.464135195605	61.89469312726655	1.682432423760825
K13527	mpa; proteasome-associated ATPase	8.046931424950593e-05	2.0302260225015987	518.9600228145146	1251.9602904428043	934.7901601315216	380.4804230383313	53.603627695696765	0.0003181275026862	0.0002180685322716	106.51016332844772	60.97019540393844	93.78040803208906	38.18036739635013	5.361149648951974	4.300118291065618e-05
K13529	ada-alkA; AraC family transcriptional regulator, regulatory protein of adaptative response / DNA-3-methyladenine glycosylase II [EC:3.2.2.21]	1227.444734391938	2627.7315929960687	1820.7113126693616	3763.8939690860334	2068.0331136737395	1424.6557393300377	4095.465244478847	3010.600307139533	2416.474625340792	1690.2682617327205	358.4554558370751	1659.961619332923	1000.5409592504052	949.3858727099604	81.13675804559668
K13530	adaA; AraC family transcriptional regulator, regulatory protein of adaptative response / methylphosphotriester-DNA alkyltransferase methyltransferase [EC:2.1.1.-]	3480.0204248211007	697.2914901045715	432.6692643349933	1242.7979492887089	7292.937337851082	6284.859845845941	219.1147300817788	6324.877785853846	430.9107445616006	283.49365394299804	39.756128968287626	47.97434121687863	65.5741003506931	62.65489299248146	42.35706955758183
K13531	adaB; methylated-DNA-[protein]-cysteine S-methyltransferase [EC:2.1.1.63]	53.93559875534069	444.7623255557359	1955.9344120358217	66.42022831805994	856.3323367267913	1272.2687965702612	997.1255482169356	526.8089997276575	148.58549589712345	583.3605153492412	138.5647632211463	17.90816083476559	24.644127283365663	104.8158917536045	0.7427146348236592
K13532	kinD; two-component system, sporulation sensor kinase D [EC:2.7.13.3]	98.81210011115368	90.27669917054216	318.5628949711012	32.746734788644126	15.509249646025212	18.683828048989717	90.34347652757572	42.68256356853986	16.352661495043733	10.44436313583242	23.16983204898519	95.2136700173548	30.580667032648734	16.8490444849924	0.0
K13533	kinE; two-component system, sporulation sensor kinase E [EC:2.7.13.3]	6.474361195222634	8.507861638679032	24.60471921765112	9.500482616587032	4.784959882626511	5.721969444130999	16.022031013022307	6.616029283474717	1.8722623520746868	1.9340585915711972	0.8290544144637073	0.8586164605960838	1.3424293609730524	6.177562994712691	4.375417572615018e-05
K13540	cobIJ; precorrin-2 C20-methyltransferase / precorrin-3B C17-methyltransferase [EC:2.1.1.130 2.1.1.131]	0.1352829105613374	1.6543770991615865	779.5762329228861	1886.932192752312	1400.7324162910113	573.4873410423011	68.07454386640586	0.1340322577696232	0.0356505515661541	160.54808446530762	74.72846927860411	141.37939882320873	57.57859404097406	8.192994759784987	0.0040076891232392
K13541	cbiGH-cobJ; cobalt-precorrin 5A hydrolase / precorrin-3B C17-methyltransferase [EC:3.7.1.12 2.1.1.131]	21.96994609458604	31.78056515198419	86.61395814913149	66.57822269564184	255.16177807088167	213.70179959592156	370.46574980554703	150.8473119222723	58.22710388288129	55.21083802231021	32.07517320647436	172.6642241099826	29.917967095046773	139.6568047426898	1.8241466383324436
K13542	cobA-hemD; uroporphyrinogen III methyltransferase / synthase [EC:2.1.1.107 4.2.1.75]	26167.878732442216	23013.52614006996	15587.188017229017	21467.38824793524	75632.94345448383	40075.00678679226	10291.984386573386	28542.735901964064	11353.460343810191	5656.9714341723775	4815.11993680236	3414.611249049436	3856.508663303666	35318.64193933824	646.3788056957945
K13543	hemDX; uroporphyrinogen III methyltransferase / synthase [EC:2.1.1.107 4.2.1.75]	4.0	13.33002654453144	14.343004227332758	37.5	170.4158597555358	72.0	144.94343428660326	10.0	19.5	28.130000000000003	15.33	43.0	6.67	66.59	51.0
K13546	btrC, neoC, kanC; 2-deoxy-scyllo-inosose synthase [EC:4.2.3.124]	46.98844312190639	95.12050807689327	29.51359584753074	311.2820179006974	98.55679838748205	136.23634767996475	17.4544269001002	190.2660922427708	127.53884864927282	74.39650654280264	5.539275790682478	9.634029328070202	96.52895875800812	10.801137396235012	0.0071694018876192
K13547	btrR, neoB, kanB; L-glutamine:2-deoxy-scyllo-inosose/3-amino-2,3-dideoxy-scyllo-inosose aminotransferase [EC:2.6.1.100 2.6.1.101]	0.0133158909802014	1.5601526668611223	0.0154954532095701	0.0921705045672619	0.0738033860892894	0.0889533419965086	0.560705782318798	0.049936426684582	0.0360932794232824	0.0317073460403182	0.0309011261717338	0.0595143324316799	0.0568573205416666	0.1889381691070589	0.00577675272631
K13548	neoA, kanK; 2-deoxy-scyllo-inosamine dehydrogenase [EC:1.1.1.329]	0.0	0.90423923931761	6.959964683389729e-24	0.0	1.839889717564856e-23	0.0	2.9442626625948353e-23	0.0	0.0	0.0	0.0	0.0	0.0	0.0	0.0
K13549	btrN; 2-deoxy-scyllo-inosamine dehydrogenase (SAM-dependent) [EC:1.1.99.38]	0.0053045743776367	0.0820149284881249	0.0032431585130362	0.0632547709024622	0.0314761590206909	0.0468367409178486	0.1573195775173522	0.0182644761059983	0.0143829409001034	0.0154467886206571	0.0114472159352852	0.0188917139843632	0.0202802910622972	0.0744820957334156	0.001471211051913
K13550	btrM, neoD, kanF; 2-deoxystreptamine N-acetyl-D-glucosaminyltransferase / 2-deoxystreptamine glucosyltransferase [EC:2.4.1.283 2.4.1.284]	0.0025514560573872	1.4889406979092672	0.0027212499245455	0.0533177730224234	0.0266812874146737	0.0323632165561758	0.0342984128636701	0.0073802941791445	0.0069221034757217	0.0098587884515954	0.0047618083637868	0.0049316022309451	0.0077104607889908	0.0351488465184333	0.0
K13551	btrD; 2'-N-acetylparomamine deacetylase [EC:3.5.1.112]	0.0025514560573872	0.0113164584535211	0.0027212499245455	0.0533177730224234	0.0266812874146737	0.0323632165561758	0.0342984128636701	0.0073802941791445	0.0069221034757217	0.0098587884515954	0.0047618083637868	0.0049316022309451	0.0077104607889908	0.0351488465184333	0.0
K13552	btrQ; paromamine 6'-oxidase [EC:1.1.3.43]	0.0025514560573872	1.0439510613194556	0.0027212549710187	0.0533177730224234	0.0266813007551929	0.0323632165561758	0.0342984342116848	0.0073802941791445	0.0069221034757217	0.0098587884515954	0.0047618083637868	0.0049316022309451	0.0077104607889908	0.0351488465184333	0.0
K13553	btrB; neamine transaminase [EC:2.6.1.93]	0.0025514560573872	0.603156958369795	0.0027212549710187	0.0533177730224234	0.0266813007551929	0.0323632165561758	0.0342984342116848	0.0073802941791445	0.0069221034757217	0.0098587884515954	0.0047618083637868	0.0049316022309451	0.0077104607889908	0.0351488465184333	0.0
K13554	btrL, neoM; neamine phosphoribosyltransferase [EC:2.4.2.49]	0.0025514560573872	0.0113164584535266	0.0027212499245455	0.0533177730224234	0.0266812874146737	0.0323632165561758	0.0342984128636701	0.0073802941791445	0.0069221034757217	0.0098587884515954	0.0047618083637868	0.0049316022309451	0.0077104607889908	0.0351488465184333	0.0
K13555	btrP, neoI; 5''-phosphoribostamycin phosphatase [EC:3.1.3.88]	0.0025514560573872	0.0113164584535266	0.0027212499245455	0.0533177730224234	0.0266812874146737	0.0323632165561758	0.0342984128636701	0.0073802941791445	0.0069221034757217	0.0098587884515954	0.0047618083637868	0.0049316022309451	0.0077104607889908	0.0351488465184333	0.0
K13556	neoK; UDP-N-acetyl-D-glucosamine:ribostamycin N-acetyl-D-glucosaminyltransferase [EC:2.4.1.285]	0.0	5.520251221818536e-15	0.0	0.0	0.0	0.0	0.0	0.0	0.0	0.0	0.0	0.0	0.0	0.0	0.0
K13559	btrJ; [BtrI acyl-carrier protein]--L-glutamate ligase [EC:6.2.1.39]	13.287255290990643	97.54587082655937	6.290979824214396	201.2946576925864	90.63988951524152	125.57900161145446	11.34983379703718	231.8770429349285	13.592064168615892	4.207426099202295	7.1128332492742254	5.723788718074555	112.12091378706204	0.0668487193232128	0.0
K13560	btrK; L-glutamyl-[BtrI acyl-carrier protein] decarboxylase [EC:4.1.1.95]	13.286135927925455	97.54090612196062	6.289785969964834	201.2712663644596	90.62818402355684	125.5648033699528	11.334786555113109	231.87380508621447	13.58902733521965	4.203100896881738	7.110744170612458	5.721625148228414	112.11753108917164	0.051428379057984	0.0
K13561	btrO; 4-(gamma-L-glutamylamino)butanoyl-[BtrI acyl-carrier protein] monooxygenase [EC:1.14.14.13]	0.0026571374804691	0.0117851866939646	0.0028340668415106	0.0555261975462372	0.0277866988139258	0.033703702421594	0.0357194887762279	0.0076859862914416	0.0072088173087574	0.0102671399066056	0.004959042677453	0.0051358694141212	0.0080298284169137	0.0366047133004612	0.0
K13563	btrH; ribostamycin:4-(gamma-L-glutamylamino)-(S)-2-hydroxybutanoyl-[BtrI acyl-carrier protein] 4-(gamma-L-glutamylamino)-(S)-2-hydroxybutanoate transferase [EC:2.3.2.19]	0.0025514560573872	0.0113164584535211	0.0027212499245455	0.0533177730224234	0.0266812874146737	0.0323632165561758	0.0342984128636701	0.0073802941791445	0.0069221034757217	0.0098587884515954	0.0047618083637868	0.0049316022309451	0.0077104607889908	0.0351488465184333	0.0
K13564	btrG; gamma-L-glutamyl-butirosin B gamma-L-glutamyl cyclotransferase [EC:4.3.2.6]	28.677867381719587	0.3882183444039891	10.851833148729336	3.448723792439007	0.3012161326150199	1.0528385272040173	0.0554752131931352	0.064069729317465	3.258918511266632	0.0361983184513661	1.64473856066767	0.0202049404675829	2.661366560635896	0.0555852631125678	1.799176350757383
K13566	NIT2, yafV; omega-amidase [EC:3.5.1.3]	228.39019795791748	105.52638489666008	52.75302795796932	280.07106909940376	99.34367649582072	93.4876407926822	208.75149716837677	215.30415940696437	22.05823171097554	14.809737045801882	20.56402640966908	73.39661795476948	41.90004240250811	25.042381247742423	0.9113890640908908
K13570	pup; prokaryotic ubiquitin-like protein Pup	2.3903996639573535e-18	2.042699972530227	518.96	1251.96	934.79	380.48	53.6	6.914425460965552e-18	6.4851572788547936e-18	106.51	60.97	93.78	38.18	5.36	0.0
K13571	pafA; proteasome accessory factor A [EC:6.3.1.19]	4.780799327914707e-18	4.060033960109763	1038.0389872397238	2503.92	1869.894546709428	760.9599999999999	107.70334980589806	1.3828850921931104e-17	1.2970314557709587e-17	213.02	121.94	187.56	76.36	10.72	0.0
K13572	pafB; proteasome accessory factor B	415.0730155232708	1772.7112810629646	1585.2577483610098	2951.7544008118675	1441.0019273255964	1002.8173084364436	2976.5395918173326	861.4295434932417	1736.8910781926293	1281.9323712157768	235.21925816174652	432.4261195441344	187.1607691724521	248.9754747569309	48.41532279309073
K13573	pafC; proteasome accessory factor C	1.0993041411371483e-09	2.044545118331682	519.1981253360578	1251.960000022972	935.4194922216972	380.4800000139438	54.60733778790451	3.179826644653992e-09	2.982413510202852e-09	106.5100000042477	60.97000000205165	93.7800000021248	38.18000000332208	5.360000015144009	0.3285054955308769
K13574	ybiC; uncharacterized oxidoreductase [EC:1.1.1.-]	13.999747409576855	66.96929200131149	36.118402985490846	118.14049245924588	347.2208429404316	230.6272428746221	224.02034858519875	80.6220116243903	92.07580932150928	91.40394209499728	47.813632197873225	69.669317373722	81.02369728551216	122.9594112039655	15.50002200353846
K13580	K13580; magnesium chelatase subunit ChlD-like protein	4.0	13.330000000000007	19.44	47.88	256.18	163.01999999999998	449.9419537152408	66.46	182.92	103.55	30.33	837.87	53.95	362.79	0.0
K13581	ccrM; modification methylase [EC:2.1.1.72]	4657.223431494793	2143.635431948673	8286.79965732011	1655.160964219123	1262.7471621861464	1372.519467700169	905.993034359601	5795.363901352857	2412.837580637077	641.1625020920666	61.92843901238943	391.7132143252842	1018.9012057185492	244.38222309948927	68.01146055720062
K13582	podJ; localization factor PodJL	0.0198808236749443	0.0558407965343187	0.0037688073723196	6.071757069523063	20.48462473670024	4.304516243879906	0.8883606871441841	8.078596876909447	0.0538762145493667	0.0403520783104612	1.8482766789013447	28.029989385394448	14.053054246897076	91.372657255591	0.0106239122730694
K13583	gcrA; GcrA cell cycle regulator	7.34	9.178310832345496e-07	38.65321581004013	6.0	20.45850110035846	13.2	15.345675535403018	8.0	0.0	0.0	1.8	32.19764161561851	8.0	76.67340530865003	0.0002379948039948
K13584	ctrA; two-component system, cell cycle response regulator CtrA	7.340021925326633	9.724527577327452e-05	38.65002338440957	18.000458173514488	20.47061888462896	13.200278105551472	11.50029473519752	8.00006342079067	5.948343858570405e-05	8.47191376792855e-05	1.8000409194598663	27.9400423785428	8.00006625799837	66.52030204319547	2.5517279378098072e-05
K13585	hfaA; holdfast attachment protein HfaA	0.0	0.0	0.0	0.0	0.0	0.0	0.0	0.0	0.0	0.0	0.0	12.48255443862732	0.0	29.767755472359088	0.0
K13586	hfaB; holdfast attachment protein HfaB	0.0	0.0	0.0	0.0	0.0	0.0	0.0	0.0	0.0	0.0	0.0	13.520420484824438	0.0	32.24280517698168	0.0
K13587	cckA; two-component system, cell cycle sensor histidine kinase and response regulator CckA [EC:2.7.13.3]	8.383144111983869	0.0	44.14285012645457	6.0	20.44997920569916	13.2	11.5	12.263910408592196	0.0	0.0	1.8	27.94	8.0	66.52	3.3243776100890026
K13588	chpT; histidine phosphotransferase ChpT	7.34	0.0	38.65	6.0	20.45	13.2	11.5	8.0	0.0	0.0	1.8	27.940062126811046	8.0	66.5201481568319	0.0
K13589	cpdR; two-component system, cell cycle response regulator CpdR	3.7431180411855673	0.0	19.71001529861337	6.0	20.45	13.2	11.5	16.488121830726527	0.0	0.0	1.8	27.88859364294092	8.0	66.39740875682273	0.0
K13590	dgcB; diguanylate cyclase [EC:2.7.7.65]	94.03010129550336	800.6880568595108	573.1853359622991	5073.072662617402	46498.721732243765	18951.20281715767	1071.3205152681965	805.0399155025389	281.75860303950327	387.6304764949699	3167.2678555617413	1324.4951986269798	544.3565585976579	26076.22382702983	162.02569825347453
K13591	popA; two-component system, cell cycle response regulator PopA	0.0	0.0	0.0	0.0	0.0	0.0	0.0	0.0	0.0	0.0	0.0	11.744071332641608	0.0	28.006658845259707	0.0
K13592	rcdA; regulator of CtrA degradation	0.0	0.0	0.0	6.0	20.45	13.2	11.5	8.0	0.0	0.0	1.8	27.88859364294092	8.0	66.39740875682273	0.0
K13593	tipF; cyclic-di-GMP phosphodiesterase, flagellum assembly factor TipF	0.0	0.0	0.0	6.0	0.0401649854763895	0.0	0.0	0.0	0.0	0.0	0.0	11.488593642940923	0.0	27.39740875682272	0.0
K13598	ntrY; two-component system, NtrC family, nitrogen regulation sensor histidine kinase NtrY [EC:2.7.13.3]	46.400000000000006	1.4223481475174013e-74	38.65	6.0	20.45	13.2	26.5	8.0	5.14	3.556144318744874e-74	1.8	27.94	8.0	66.52	0.0002379948039948
K13599	ntrX; two-component system, NtrC family, nitrogen regulation response regulator NtrX	148.75729138530895	49.90817211949966	168.32965104034017	88.20383048945615	31.735377193058447	28.895515419512577	84.30945840235182	195.7421709354282	96.30614263544342	43.20306000659244	10.341699499949849	209.9287241766725	64.6433807075421	85.54456598024031	8.893595253924055
K13600	CAO; chlorophyllide a oxygenase [EC:1.14.13.122]	0.0454436405415519	0.1276410437892285	0.0086147500877379	0.1640225036466008	0.079145316822778	0.2389035130177928	2.0306172620355403	0.1796569538747508	0.1231503969730688	0.0922368897701257	0.1103509632398968	0.2304289996460175	0.2074806754243243	0.6492441772335186	0.0242841674155992
K13601	bchQ; bacteriochlorophyllide d C-8(2)-methyltransferase [EC:2.1.1.332]	0.0	0.0	0.0	0.0	0.0	0.0	0.0	0.0	0.0	0.0	0.0	0.0	0.0	0.0	0.4945521622541198
K13602	bchR; bacteriochlorophyllide d C-12(1)-methyltransferase [EC:2.1.1.331]	0.0	0.0	0.0	0.0	0.0	0.0	0.0	0.0	0.0	0.0	0.0	0.0	0.0	0.0	0.5178365107088153
K13603	bchV; 3-vinyl bacteriochlorophyllide hydratase [EC:4.2.1.169]	0.0	0.0	0.0	0.0	0.0	0.0	0.0	0.0	0.0	0.0	0.0	0.0	0.0	0.0	0.5356507375114037
K13604	bchU; bacteriochlorophyllide d C-20 methyltransferase [EC:2.1.1.333]	0.0	0.0	0.0	0.0	0.0	0.0	0.0	0.0	0.0	0.0	0.0	0.0	0.0	0.0	0.3377083565539839
K13605	bchK; bacteriochlorophyll c synthase [EC:2.5.1.-]	0.0	0.0	0.0	0.0	0.0	0.0	0.0	0.0	0.0	0.0	0.0	0.0	0.0	0.0	0.5187376311770134
K13606	NOL, NYC1; chlorophyll(ide) b reductase [EC:1.1.1.294]	0.0	0.0	0.0	0.0	0.0	0.0	0.0	0.0	0.0	0.0	0.0	0.3127846669707435	0.0	0.7459128279926224	0.0
K13607	fldA; cinnamoyl-CoA:phenyllactate CoA-transferase [EC:2.8.3.17]	892.3731476336893	1451.7444220745574	569.7162014488127	587.9854914297395	270.15112310893585	251.47569471476487	380.5758839814576	2024.3779141215205	330.3388978968002	199.0502887183627	44.310821861951695	267.123159282102	732.2860077523047	242.72284180899356	49.827051057836286
K13609	dpkA, lhpD; delta1-piperideine-2-carboxylate reductase [EC:1.5.1.21]	0.0	3.299285458360177e-17	5.19	10.38	27.87	83.88	93.57	5.46	6.56	19.13	0.0	103.01	11.28	68.78999999999999	0.0
K13611	pksJ; polyketide synthase PksJ	229.00239173563745	735.2059655914933	509.5469964567992	1434.346453838515	370.56754797668987	526.3405978216259	115.50484189969907	1129.8475543608458	743.1818833411494	1659.755191907522	30.3429399429181	48.02540719726553	400.1605722694285	84.37230899310032	9.124613479477908
K13612	pksL; polyketide synthase PksL	2969.1447566021857	5226.145596190945	1018.4286817441	1145.7899639544244	321.5504372130494	438.7430463598252	107.94452170698996	1987.3254519303212	869.169031585194	199.0158661101568	22.464031009208707	37.10771353626965	331.1354796317378	171.70544599288354	34.59639561120966
K13613	pksM; polyketide synthase PksM	83.1076127760517	477.1549061442911	53.20118940074904	571.4961437355306	227.03105658998072	312.75382485608924	60.31041834148592	650.7513255756103	128.56753262888694	42.48815169292834	19.519710249048277	19.969818752349525	280.1658785584599	84.53465066434758	2.928379526219131
K13614	pksN; polyketide synthase PksN	6146.36752305378	10767.998847455288	2294.445654524367	3751.895010166257	1257.2999731393695	1689.546040209765	374.49860163252447	5506.403733831303	2721.4420623524825	3434.550318243213	89.95499104542155	108.40568641479814	1327.1818641168172	193.1300029012455	66.60817692893728
K13615	pksR; polyketide synthase PksR	2.4170678709794946	17.728018981817733	1.1458004780720794	36.60894018892861	16.486656646804693	22.837915279770783	2.092062629988229	42.125505202941234	2.4750708459296256	0.7728470173118261	1.2962949811080766	1.049956404188191	20.37396844861582	0.0421016037917343	0.0
K13617	PPME1; protein phosphatase methylesterase 1 [EC:3.1.1.89]	0.191588605753297	0.5381296332126733	0.0363194484102513	0.6915124407140123	0.3336735508264373	1.0072078386147976	8.561002714917532	0.7574266695309099	0.519197242405379	0.3888671087854587	0.4652353319125843	0.9714796226974868	0.8747303880496043	2.737187981140741	0.1023810971477981
K13620	wcaD; putative colanic acid polymerase	9.848098098463648	53.099745178619735	21.835782991923463	74.08569229402602	156.30981286434587	157.8095232346703	83.93379039248968	70.01647815587913	75.09606495087529	74.08569229402602	32.11379806321344	25.90499713007424	73.6557753211997	69.80651870404292	15.417022606934973
K13622	btaA; S-adenosylmethionine-diacylglycerol 3-amino-3-carboxypropyl transferase	12.83623034764097	20.702192382901607	24.055795633283328	22.82598841607049	37.82222756343453	54.93816732329962	253.00561567859296	33.63073486258622	20.075573385176185	20.615998267319057	16.47438716781395	42.7555539180389	30.214225371165696	120.09055116470806	2.7880178624645664
K13623	btaB; S-adenosylmethionine-diacylgycerolhomoserine-N-methlytransferase	3.744419527679687	0.0036555850853365	19.710262021383727	0.0046975345875438	0.002266688137002	13.206842094776851	20.434787709770426	8.005145298577673	0.0035269748747229	0.0026416252057471	1.8031604045485432	16.40659938832626	8.005942158102602	39.01859407648653	0.1643810827375856
K13626	fliW; flagellar assembly factor FliW	21952.485312490244	13553.543480508088	9230.436765587448	10078.563214527629	14536.69319334406	14161.12674647225	9050.514140466945	23663.941004868186	8169.176628417463	5372.535343437367	788.6308601739419	1578.511175899612	3151.009803625632	1892.045120714096	493.3856499146303
K13628	iscA; iron-sulfur cluster assembly protein	260.414141404874	494.8049730967017	1245.1384575330314	667.6259973401105	2457.477158314733	1571.2893558049946	1473.4170194943686	981.6315980013278	523.101976794017	860.4244359650121	345.7324383997144	1101.8301477099617	236.3204226749333	1717.5341012835113	80.68159043650545
K13629	dsdX; D-serine transporter	33.37214753823824	78.88228596019262	116.23886352763756	78.56742941181268	162.52117338690482	173.3882476222105	96.81898562037664	78.11373526400413	79.11479079533571	78.53160684176954	32.29412370142843	43.29823824370911	74.51486069836199	77.23539058491633	15.427218672569156
K13630	marB; multiple antibiotic resistance protein MarB	9.85	53.11	21.84	74.1	156.34	157.84	83.95	70.03	75.11	74.1	32.12	25.91	73.67	69.82	15.42
K13631	soxS; AraC family transcriptional regulator, mar-sox-rob regulon activator	54.12194523455835	66.83121323990628	36.605826921950886	88.36661716037746	226.75312063864925	248.0703553280621	91.5229191056505	80.06598776168843	108.37897269155836	101.8574768397643	32.3680112066164	28.64483138853832	77.2490574674438	77.15785938952655	37.70012039973349
K13632	marA; AraC family transcriptional regulator, mar-sox-rob regulon activator	9.850258114404456	53.11114481334131	21.84027529135829	74.10539381628412	156.34269917429745	157.84327397853608	83.95346974990397	70.03074661690968	75.11070026470222	74.10099735023947	32.12048172153558	25.91049889848942	73.67078001774277	69.82355578280885	15.42
K13633	ftrA; AraC family transcriptional regulator, transcriptional activator FtrA	4.360220708185851	21.53629440639721	17.178652788204094	53.866568133393095	247.5283346771166	130.443168315833	449.0977282543352	65.49187107242612	176.45912724279825	88.27486076049914	31.50464864435833	743.7118157564848	62.52305521174546	413.4895784830642	21.47555906498358
K13634	cysB; LysR family transcriptional regulator, cys regulon transcriptional activator	13.112128861234403	43.5695507481901	24.430202290458368	74.1922030982004	298.7092111982183	210.4389044569703	613.0141961252434	90.33395611673969	200.24769615006863	134.45903743485067	36.56057745896548	896.8798375096287	70.74960957959887	454.76283604085097	53.88836166355089
K13635	cbl; LysR family transcriptional regulator, cys regulon transcriptional activator	14.000725931748114	71.8649470854103	36.45145320780482	122.15094063542742	395.9071008440214	254.76965465998396	597.3513563094606	139.62484207936816	252.21048600686032	175.90046327258173	62.81545842374543	810.1513184854731	125.0266543644026	591.4283982182075	66.50002200354047
K13636	dsdC; LysR family transcriptional regulator, D-serine deaminase activator	1.8684133052521843	9.687444180485995	4.706112693941619	15.203741254018931	32.19533535773867	42.34006237372186	40.653940306944975	13.723217239655856	17.034167140922655	16.45680797779546	5.968053372400286	22.4881802004866	14.085851595112976	20.339752307988924	2.770562928544914
K13637	uxuR; GntR family transcriptional regulator, uxu operon transcriptional repressor	45.00835031959852	71.98176822491567	24.99303477796617	78.76982987377072	156.93966943076194	159.28289674041156	118.35963291629652	77.65639681151141	72.28993323460756	74.136810199734	34.830617549629125	29.865935471315595	78.94777158318105	71.13290365214588	15.42050532324942
K13638	zntR; MerR family transcriptional regulator, Zn(II)-responsive regulator of zntA	52.76799756736297	158.81405137817444	100.4256767803756	315.9878063762172	259.0824180813652	292.4753665243957	255.6507477509164	356.19006818503374	101.53580989927426	84.7736475708235	46.832840311307095	44.547393532744046	194.43509581020945	150.1207970738407	16.285379340375407
K13639	soxR; MerR family transcriptional regulator, redox-sensitive transcriptional activator SoxR	1238.354134161129	752.1065913632982	963.5393026595788	1628.0292086930024	1388.3026530198235	761.3007061426334	729.9878400800989	1088.0502492479268	454.9249204336575	334.90820345605914	120.0677417459826	1081.9799809965048	213.83586727152408	551.0577814714441	50.03524857205696
K13640	hspR; MerR family transcriptional regulator, heat shock protein HspR	268.1415635188088	280.1913182906817	1466.3808470930232	1982.7117442606316	1276.2004100571685	1082.589608162485	825.9694473501052	338.95551910035715	243.8887580020309	653.1917502265765	113.44141922676651	247.54269615749791	260.3729327120867	240.27895557681865	29.4099976842658
K13641	iclR; IclR family transcriptional regulator, acetate operon repressor	2060.483116888973	2048.2414970243226	2104.1799599089827	4526.384833658881	2767.236357361621	1606.4890186079836	2093.7851866337087	3717.526421849151	1720.4450950503224	1185.6586115747257	279.31919415164066	635.7635667318136	427.5245405578736	417.3653817140229	132.92473954442238
K13642	ftrB; CRP/FNR family transcriptional regulator, transcriptional activator FtrB	0.0	0.0	0.0	6.0	0.0203688110740389	0.0	0.0	0.0	0.0	0.0	0.0	0.8610944207760908	0.0	2.053493800672272	0.0
K13643	iscR; Rrf2 family transcriptional regulator, iron-sulfur cluster assembly transcription factor	279.98116558838774	466.54695888508127	1211.435293662091	375.1369973033071	598.2065627810526	398.8031512474329	1381.7673716963827	1602.852572716016	743.5120216296461	359.07502372025533	101.84824464463	2220.949720911941	244.54047148863887	1343.6882952480028	78.93940291664293
K13647	PLODN; procollagen-lysine,2-oxoglutarate 5-dioxygenase, invertebrate [EC:1.14.11.4]	67.73864649817558	7.561922767186973	38.19861811267678	17.61166627790674	4.796010989738326	8.699847114050252	60.38827233645089	53.45585470183746	15.035040425969212	10.061555111477	12.708865809401424	294.8168029215792	85.78160238809465	0.0100034793647713	0.0
K13650	mcbA; MqsR-controlled colanic acid and biofilm protein A	9.847016105255529	53.09391120305799	21.833383932871143	74.07755262938423	156.29263938026898	157.7921849800541	83.92456873463976	70.00878556863398	73.74558992043981	74.07755262938423	32.110269776731734	25.9021509936214	73.64768289077917	69.79884918466406	15.415328765790887
K13651	mqsR; motility quorum-sensing regulator / GCU-specific mRNA interferase toxin	6.438075660471293	22.993190889571245	22.18811017619698	51.68832889502861	201.53040064064837	113.12541342316406	180.15329541940548	28.67249076254429	32.859817928232374	33.69964002967597	20.64209403633511	66.5367049731762	19.43662711400988	69.81305529700215	2.5561747433989126
K13652	K13652; AraC family transcriptional regulator	11348.441756999186	2767.5680991325416	26897.173263737182	1885.602675056816	2499.904050902134	2375.027546937204	1538.1077686066417	9529.963141989556	4467.1894750645	1488.5756672205289	118.88527731723772	1265.3310254848643	534.4435135885799	715.2766887642686	72.61763939098974
K13653	K13653; AraC family transcriptional regulator	77246.06819429211	40043.21386599896	21936.20148167191	28848.700182593628	108520.93003934051	70530.60677533834	15946.996604980535	71668.61352984057	21138.64818412037	16340.495028787876	5591.414168378809	6024.61817330022	6714.683033586258	37817.03634945156	1417.9979623651025
K13654	mcbR; GntR family transcriptional regulator, colanic acid and biofilm gene transcriptional regulator	9.849999997983144	53.10999998912536	21.839999995528107	74.0999999848275	156.3399999679883	157.83999996768117	83.94999998281065	70.02999998566087	75.10999998522269	74.0999999848275	32.1199999934232	25.909999994694747	75.70669947378106	78.22138537727406	15.419999996842646
K13655	mqsA; HTH-type transcriptional regulator / antitoxin MqsA	7.64080665953726	24.31193265081733	27.603744214224765	52.97817109275085	204.80671313428672	122.5425708307702	207.4653791697633	33.06176747151741	33.73511863265713	35.89093822707714	20.65023073614029	78.02097601996843	19.81527983323273	131.08047212017155	32.8845397233375
K13657	gumH, aceA; alpha-1,3-mannosyltransferase [EC:2.4.1.252]	0.0011832099690621	0.0052478844062062	0.001261950026421	0.0247255367717056	0.0123731565609566	0.015008089341502	11.515905515560734	0.0241926609597023	0.0032100501263335	0.0045719058123797	0.0022082367871801	0.002286976844539	0.0035756422475639	0.0162998949095104	0.0
K13658	gumI; beta-1,4-mannosyltransferase [EC:2.4.1.251]	0.0	0.0717934189070115	0.0	0.0	0.0	0.0	0.0	0.0	0.0	0.0	0.0	0.0	0.0	0.0	0.0
K13659	gumK; 2-beta-glucuronyltransferase [EC:2.4.1.264]	0.0026885973275917	0.0075516698295544	0.0005096773451192	0.0097041183257772	0.0046825008904522	0.0141343285660551	15.452209835195823	0.0106291045416848	0.0072859881877397	0.0054570420060116	0.0065287310023649	0.0136329480927352	0.0122752486998197	0.038411450734641	0.0014369585288268
K13660	gumM; beta-1,4-glucosyltransferase [EC:2.4.1.-]	0.0	3.2899639917358576e-19	0.0	0.0	0.0	0.0	1.0227939907434937e-12	0.0	0.0	5.898288661645124e-13	0.0	0.0	0.0	8.261843686886565e-13	0.0
K13662	gumE; putative polymerase	0.0	0.0	0.0	0.0	0.0	0.0	11.5	0.0	0.0	2.115873795051789e-23	0.0	0.0	0.0	2.9637441567706544e-23	0.0
K13663	gumF; acyltransferase [EC:2.3.1.-]	0.011850990936771	0.0332867885380568	0.0022465921302881	0.0427745044406031	0.0206398611813825	0.0623023009115554	0.5295532330080703	0.0468517246137206	0.0321156980601768	0.0240539387178324	0.0287778058631597	0.0600922803241821	0.0541077161668108	0.1693127304162738	0.0063329311762814
K13665	gumL; pyruvyltransferase	4040.477834142352	2689.2640944732048	11175.782836671766	2551.819589768667	292.8327473556872	269.9439081932821	139.81574485234614	6039.39745107875	3056.0299606014987	767.4375501342168	5.777290956457143	173.31798464817945	33.60582878323383	69.09658419443008	136.54825217232155
K13668	pimB; phosphatidyl-myo-inositol dimannoside synthase [EC:2.4.1.346]	25.419249259478008	378.49177916970297	7779.952313044704	1296.843686632138	939.5951924311152	389.3318717771885	117.47415170800056	65.83608698863904	83.95096373748827	132.06765740610626	65.17236390789678	101.20068617142466	47.59097128102948	161.7069846217733	8.408720340278919
K13669	pimE; alpha-1,2-mannosyltransferase [EC:2.4.1.-]	0.0	1.1177389620172824	0.0006874252414505	0.0	0.0018172313953802	0.0	0.0029080039393853	0.0	0.0	0.0	0.0	0.0	0.0	0.0	0.0
K13670	pimF; putative glycosyltransferase [EC:2.4.-.-]	54.07958911721009	419.85281025135896	3061.9782172736486	2999.1067704963148	157.2991034859347	358.28460291337205	144.64550294685142	437.88494391636925	2201.907037960292	287.5593998935865	9.298167599442584	18.963650860997443	96.84375019228732	428.1002276876621	14.115332172651978
K13671	K13671; alpha-1,2-mannosyltransferase [EC:2.4.1.-]	0.0	4.735670362600853	1550.3583151097544	3755.88	2787.1297099746816	1141.44	133.21142133179978	0.0	0.0	319.53000000000003	171.51000000000002	281.34000000000003	114.54	16.080000000000002	0.0
K13677	dgs, bgsA; 1,2-diacylglycerol-3-alpha-glucose alpha-1,2-glucosyltransferase [EC:2.4.1.208]	4929.893086548524	1890.3351537538497	1009.511779546148	2067.141792538012	8791.201506646637	7388.824294148649	645.3197582047987	7710.412533046516	754.471855194715	820.5941768433081	166.16205674998903	187.5469969723568	216.3809072056003	482.4973203247923	61.92996973619344
K13678	cpoA; 1,2-diacylglycerol-3-alpha-glucose alpha-1,2-galactosyltransferase [EC:2.4.1.-]	1047.867890623805	5656.248735527204	16575.117038670705	769.2001704841391	1288.8814811218265	1555.656839267686	3006.881110675617	9195.4012932573	407.2693873817236	966.147339346754	204.95141116964044	572.4407149406395	197.84598003877736	360.162818732768	7.253268494430847
K13679	WAXY; granule-bound starch synthase [EC:2.4.1.242]	0.0130254619834444	0.0365856155798859	0.0024692365846455	0.0470135944263595	0.022685337335593	0.0684766578874562	0.5820336494693086	0.0514948801387815	0.0352984662958977	0.0264377608583841	0.0316297783229644	0.0660476172024117	0.0594699636259965	0.1860921626821555	0.0069605448793716
K13683	wcaE; putative colanic acid biosynthesis glycosyltransferase [EC:2.4.-.-]	9.847582003202596	53.09223662110561	21.83052376299149	74.08967383638705	156.27558497756988	157.78221024256968	83.98696373847898	70.51630871888531	75.08089337509263	74.07011339359745	32.10949088920169	25.90648104064814	73.64316107445441	69.82010648777923	15.413218979383
K13684	wcaC; putative colanic acid biosynthesis glycosyltransferase [EC:2.4.-.-]	9.84821179422612	53.10035821231971	21.836035084862782	74.08654760935588	156.31161745272198	157.8113451371219	83.93475940358199	70.01752573765573	75.09689798876131	74.08654760935588	32.11416881528354	25.90529620186789	73.65662567316123	69.80732461653477	15.417200595631142
K13686	aftA; galactan 5-O-arabinofuranosyltransferase [EC:2.4.2.46]	0.0	0.5260795843708961	2.878110891676244e-12	0.0	7.608381473894929e-12	0.0	1.217522620106575e-11	0.0	0.0	0.0	11.4	0.0	0.0	0.0	0.0
K13687	aftB; arabinofuranosyltransferase [EC:2.4.2.-]	92.0512081007677	84.65229973406838	305.64378708144585	8.716829334030614	4.919655097115046	4.743938972687435	13.072848632894054	23.30764932400292	11.30195361363694	3.8567254844232695	12.209673345289348	1.5298076180544078	1.0552440930163955	4.642559876432177	0.5842977989142178
K13688	chvB, cgs, ndvB; cyclic beta-1,2-glucan synthetase [EC:2.4.1.-]	2682.9096023879483	3140.806940536604	1908.102655606038	2544.9797336181805	737.7839944006964	656.8694676591639	1146.6516320536496	5367.783096528684	1151.9624215794147	718.0551920583935	135.1140686156786	1451.8544839274082	1752.5554091162858	701.2370332516546	97.7454839004904
K13689	cgtA; beta-1,4-N-acetylgalactosaminyltransferase [EC:2.4.1.-]	1.7263532313627197	16.498819781807725	3.4704101714659115	14.685362402747767	96.96778712802764	55.4446376040286	2.593475139633641	3.240167372692264	4.024412846697329	31.21017493496142	9.478275975148753	2.945079300283689	1.4376437134985247	36.74031787112664	0.2030066509531826
K13693	gpgS; glucosyl-3-phosphoglycerate synthase [EC:2.4.1.266]	1.075816600467129	3.4106167116176787	522.5660862351035	1252.8539246957655	935.4145916955298	381.9928134603367	62.02756300307394	1.077477073492722	0.6399009322492024	107.04340228962565	61.438203913342285	94.79383805349036	39.169387987849525	8.071083707731145	2.3052884425909377
K13694	mepS, spr; murein DD-endopeptidase / murein LD-carboxypeptidase [EC:3.4.-.- 3.4.17.13]	4437.053898219022	2888.710848625656	17168.448411580186	3231.1033106287923	822.6489518697144	627.4699274680589	260.7503079976942	5911.382164303088	3217.758775326852	1060.5119821887151	58.48390574622304	526.652029586188	107.986158696421	295.9690279039434	181.51352134424428
K13695	nlpC; probable lipoprotein NlpC	24.58853102362676	68.34436790919796	22.80416334182809	75.01231823375576	157.2965151186199	159.97632072286126	133.63141141521007	76.8950278687792	76.64034568241325	74.72587828409661	32.518904799381524	28.358306629986867	77.5542367293337	72.0031683560828	17.9093427774572
K13701	ABHD8; abhydrolase domain-containing protein 8	0.0	0.0	1.0724333234436207	2.144866646887241	5.758904956526727	17.332506198545452	13.776325563388475	1.128224652408896	1.355522659304461	3.9529189744656	0.0	21.285425173011056	0.6777613296522305	7.395450606174795	0.2801273686857582
K13704	ABHD12; abhydrolase domain-containing protein 12 [EC:3.1.1.23]	0.0	0.0	0.0	0.0	0.0	0.0	0.0	0.0	0.0	0.0	0.0	0.0	0.0	0.0	0.0035306336629152
K13713	purCD; fusion protein PurCD [EC:6.3.2.6 6.3.4.13]	0.0	0.0	0.0	0.0	0.0	0.0	0.0	0.06437491137739	0.0	0.0	0.0	0.0	0.0	0.0	0.3006717743503406
K13714	atl; bifunctional autolysin [EC:3.5.1.28 3.2.1.96]	31.895293195032007	159.35689961688223	441.5036061780215	0.015759917763732	7.56422048831935	0.0095660715476747	381.3645760669779	453.8757250670877	72.00204606785591	315.3329141069936	19.082299900512663	0.0014577061493256	20.00227909421318	0.0103894611349874	0.0
K13715	sspB; staphopain B [EC:3.4.22.-]	7.078965549740245e-10	3.1397295401425053e-09	7.550055354595212e-10	1.479291314156931e-08	3.3300000074026714	8.979111923822581e-09	9.516028401497074e-09	2.04764836493448e-09	1.9205242392671033e-09	2.735301813603936e-09	1.3211545330798642e-09	1.3682635135653607e-09	2.139252453118176e-09	9.751979576394984e-09	0.0
K13720	NAAA; N-acylethanolamine-hydrolysing acid amidase [EC:3.5.1.-]	0.0	0.0	0.0	0.0	0.0	0.0	0.0	0.0	0.0	0.0	0.0	0.0	0.0	0.0	0.0002705666072194
K13727	pdc; phenolic acid decarboxylase [EC:4.1.1.-]	308.7949038573	659.7192085156688	1097.456253277028	17.04623765829108	107.13330881518414	47.0580947554332	208.1811544511288	824.5038968054182	289.90296809970243	282.6875038121496	0.1873434661639976	1.8784893902453403	15.076822270194787	0.59932979736222	0.0750425015041962
K13730	inlA; internalin A	473.4177147618445	570.8770164598677	885.0237263575731	1803.8532494775504	700.0623148388242	732.1710316024953	554.8890457958536	1022.8774355986892	831.5132179268035	1242.6008749982022	75.69678400329128	382.8877140499618	430.67922097724767	271.99835107889663	21.357768009520637
K13731	inlB; internalin B	3.140681019173817e-05	2.297273188296989e-05	6.354651853491971e-07	3.410734754669607e-05	9.662701182200085e-06	1.401858861618536e-05	2.003393570112119e-05	9.345040291837737e-06	2.4096047962739867e-05	1.144661266708376e-05	1.1119755694606285e-06	1.1516257648696034e-06	1.8005436950897029e-06	10.658152513633386	0.0
K13732	fnbA; fibronectin-binding protein A	2.301832705811328	167.70545346941287	75.00015562819611	264.97305588938053	1768.270299074125	1000.1266154864164	102.03560366409047	35.863114364136024	83.83484943812707	565.6162313737956	183.27614352388568	45.58216481782858	16.06686807727457	697.4700755604657	3.4211760396403847
K13733	fnbB; fibronectin-binding protein B	2.094764776918461e-09	9.290898230154902e-09	2.234166829809054e-09	4.3774296087809974e-08	3.3300000219055392	2.657044628042056e-08	2.8159257128102848e-08	6.05927750352848e-09	5.683099460460665e-09	8.094140101570286e-09	3.909480786869214e-09	4.048882839759807e-09	6.3303467946567424e-09	2.8857469609539238e-08	0.0
K13734	sfb1; fibronectin-binding protein 1	1.165675367305933e-13	1.3816285888262846e-13	2.71640860190728e-26	5.322291641288301e-25	2.6633819256893326e-25	3.23056397891371e-25	3.4237393226644096e-25	3.151972976386106e-13	6.909788496506024e-26	9.841248873445724e-26	1.0785860353533967e-14	4.922828513651465e-26	7.69674325866319e-26	6.5	0.0
K13735	yeeJ; adhesin/invasin	40.455426328632704	216.45809162925653	88.98285685237686	302.5428904411094	636.890733047358	642.501032821137	344.1893232820032	293.6541956835332	296.5143170738669	302.3352201911435	130.630638827156	106.24110505057791	299.53479581992707	285.46943255798845	65.665614741999
K13742	ipgB1; protein IpgB1	1.488305485680443e-15	8.024761862384601e-15	3.2999585591127795e-15	1.1196287968418356e-14	2.362250554632289e-14	2.3849151051756462e-14	1.2684593454098802e-14	1.0581323163675272e-14	1.0904670751427166e-14	1.1196287968418356e-14	4.8532357563508446e-15	3.914923363855866e-15	1.1131316256860736e-14	1.0549592792914572e-14	2.3299157958570995e-15
K13743	ipgB2; protein IpgB2	0.0003421002482082	0.0018445628611512	0.0007585248143013	0.0025735663342366	0.0054298429243529	0.0054819394088516	0.0029156665824448	0.0024322112062967	2.6876012766327038	0.0025735663342366	0.0011155593880658	0.0008998799422411	0.0025586320086803	0.0024249176984669	0.0005355518606468
K13745	ddc; L-2,4-diaminobutyrate decarboxylase [EC:4.1.1.86]	30.996608997704875	16.204080127833585	10.865143741097128	8.15890769474503	22.75415766791265	6.529140937312031	141.89239183393374	16.41286248437565	2.6672527988027053	2.029250659097545	4.462706456658886	5.997258900441412	7.852097190264229	147.84726460633473	1.8820422924367768
K13747	nspC; carboxynorspermidine decarboxylase [EC:4.1.1.96]	29678.869570098406	22742.713386866035	88022.66734203124	23031.54110610175	12614.78354612959	12096.083969185936	5431.927823663207	45518.06564449299	21863.917632036573	6777.955646877273	504.3564758975979	3312.5219894387023	3279.751842811823	2854.76364354203	825.832895482137
K13753	SLC24A5, NCKX5; solute carrier family 24 (sodium/potassium/calcium exchanger), member 5	0.0	0.0	0.0	0.0	0.0	0.0	0.0	0.0	0.0	0.0	0.0	0.0	0.0	0.0	0.0008606361746564
K13765	RGS9; regulator of G-protein signaling 9	344.4234289642589	123.90751236228044	2310.804438515043	30.358595769999628	6.386528445148141	1.124070702940927	7.241308639656543	627.5450453815022	420.8819537407285	31.3931925298162	0.0	0.8547801945084019	1.3942298904329118	0.674963629200232	1.413262885645759e-11
K13766	liuC; methylglutaconyl-CoA hydratase [EC:4.2.1.18]	60.91684429276064	72.48721522959993	1482.5840489928096	3298.691292618616	2813.212447641878	1305.8122232080102	956.3728802986518	179.11770875289125	223.7021630352133	432.6969490972608	178.90931573625403	1196.0205996729317	190.00483647031027	714.1476903915928	64.01155951484532
K13767	fadB; enoyl-CoA hydratase [EC:4.2.1.17]	2108.057414468084	2689.7699250714186	8109.213937247416	747.1631477865202	112.90375515706756	174.59394574914955	451.8914430010848	2340.201298458429	637.0244326447181	204.5545287696507	47.100245326599705	59.19974470069317	128.801354856444	646.1326857234343	57.388011011741085
K13770	ysiA, fadR; TetR/AcrR family transcriptional regulator, fatty acid metabolism regulator protein	461.6922429314663	354.94968761720736	822.2365921151528	286.86650087826035	295.3871565707035	244.71925382189397	184.36374138864065	325.7907401086186	87.44954100804293	111.81115067744692	37.18827480899644	67.09617241510234	41.86364300406007	195.83746881762048	3.157415854738503
K13771	nsrR; Rrf2 family transcriptional regulator, nitric oxide-sensitive transcriptional repressor	513.4530879513736	2605.733323515399	1452.3633714319585	8740.444762712203	60098.7105382817	25394.98055807781	4169.070233093416	1271.1643398946392	1697.4022513008972	1062.844119041415	4202.439257348183	1846.459857511043	982.9362810593882	33218.9311388584	224.42437730745448
K13772	rirA; Rrf2 family transcriptional regulator, iron-responsive regulator	189.74379951083603	949.978656390786	434.71189321809146	942.2054307990136	279.2711358200754	346.50264587577266	1641.2424943398016	476.8274936874545	970.197658399082	658.2142289843885	105.55636283418325	206.5062876953945	92.42695920547588	176.53992920113126	27.11120490242906
K13774	atuB; citronellol/citronellal dehydrogenase	0.000731591758218	5.0744682383408	1.7966210882384468	13.074925116631634	77.13019360558104	48.97039647506163	345.15799704229147	52.61889219613762	158.9704958976295	74.08353100272171	15.001365377131648	770.1351818985544	44.97346091476077	322.3939600124459	0.0342962922767802
K13775	atuG; citronellol/citronellal dehydrogenase	13.047509237934491	27.003701197266945	536.710131248554	1288.6504343027646	944.3225289748808	431.271545428501	458.06690179121534	37.20382498272589	25.611265256016814	128.7656414713861	72.43513153385858	142.06138369459734	81.09809432380356	142.27935018635725	5.290041295298522
K13776	atuH; citronellyl-CoA synthetase [EC:6.2.1.-]	0.4304596357059639	1.9092151594304467	1.995931336466564	12.068965388399675	12.754100781473388	30.297985959720958	98.42837390688813	10.861915516950909	3.1103376417410296	7.327927945396301	0.803371191772093	31.334599128926733	2.2720924248726084	150.51788779045046	3.198928243865833e-05
K13777	atuF; geranyl-CoA carboxylase alpha subunit [EC:6.4.1.5]	4.408334255136582e-15	1.9552259700122863e-14	1.7028365222972597	3.073651091124302	66.89069727602744	31.97794349937372	306.7999845323596	52.616776007469966	158.96851108827417	74.0807041429934	15.000000000000009	723.1926366656319	44.97125005576952	287.42793277879485	0.0041946548695961
K13778	atuC; geranyl-CoA carboxylase beta subunit [EC:6.4.1.5]	0.0	2.654453144087175e-05	1.795840749630013	3.073651091124209	67.1365570315632	31.977943499373666	307.19341881896275	52.61677600746996	158.96851108827417	74.08070414299338	15.0	723.1926366656319	44.9712500557695	287.4279327787948	0.1679331870634506
K13779	atuE; isohexenylglutaconyl-CoA hydratase [EC:4.2.1.57]	0.0	1.3789102002152788e-11	1.7028365222972548	3.073651091124209	66.8906972760274	31.977943499373666	306.7999845323596	52.61677600746996	158.96851108827417	74.08070414299337	15.0	723.1926366656319	44.9712500557695	287.4279327787948	0.2395126370345648
K13783	SLC37A1_2; MFS transporter, OPA family, solute carrier family 37 (glycerol-3-phosphate transporter), member 1/2	0.0747909743302872	0.331719980540744	0.07976815146932	1.5629068672072837	0.7821100725416125	0.9486647797403576	1.0053912975021737	0.2163389766812611	0.2029080069262271	0.2889912181227492	0.1395831553009104	0.1445603324399432	0.2260171690100066	1.0303201068613848	0.0
K13785	TMSB10; thymosin beta 10	3.487785242882924e-11	9.796410314160156e-11	6.611793832772989e-12	1.258867601499199e-10	6.074378389763753e-11	1.833577013739631e-10	1.5584924174362686e-09	1.3788615195402383e-10	9.451754571139603e-11	7.079152531705979e-11	8.469402022800235e-11	1.7685353878344902e-10	1.5924077149291328e-10	4.982928817756633e-10	1.8638022776889923e-11
K13786	cobR; cob(II)yrinic acid a,c-diamide reductase [EC:1.16.8.1]	0.0	2.8719312064988676e-10	0.0	0.0	0.0	0.0	0.0	0.0	0.0	0.0	0.0	0.0	0.0	0.0	0.0
K13787	idsA; geranylgeranyl diphosphate synthase, type I [EC:2.5.1.1 2.5.1.10 2.5.1.29]	2.6310633828530103	25.01680131743891	539.1892951051456	1445.946755209162	981.0278639860526	412.81895482102095	109.02650698159437	64.68566671344804	106.28049044372106	447.4989774459653	73.74260308099318	100.07136671467696	60.210948885582525	5.936257667257147	2.4749275136325526
K13788	pta; phosphate acetyltransferase [EC:2.3.1.8]	22.22215997200688	70.17642157061428	57.94559949516572	87.006992650598	195.4231159720072	247.47748412032848	320.4149985466057	183.55728859056364	83.15311680293246	94.94798268755684	50.30444097709083	152.44355215488216	84.85180984266499	254.70573443520652	15.912372639836654
K13789	GGPS; geranylgeranyl diphosphate synthase, type II [EC:2.5.1.1 2.5.1.10 2.5.1.29]	53479.68629217168	51216.199281236186	113011.66774379776	36688.66102972157	88847.91675164927	51664.27270557679	20032.72474649103	78393.02967915947	31500.956532070963	14267.6546621117	5847.769933827222	5540.971043535722	5753.535051518164	38360.074688162254	1543.261564240749
K13790	icsB, bopA; virulence protein IcsB	1.488305485680443e-15	8.024761862384601e-15	3.2999585591127795e-15	1.1196287968418356e-14	2.362250554632289e-14	2.3849151051756462e-14	1.2684593454098802e-14	1.0581323163675272e-14	1.0904670751427166e-14	1.1196287968418356e-14	4.8532357563508446e-15	3.914923363855866e-15	1.1131316256860736e-14	1.0549592792914572e-14	2.3299157958570995e-15
K13791	ipaH9.8; invasion plasmid antigen	1.2033800132302981e-21	6.488478426666105e-21	2.6682050242588537e-21	9.052838475163967e-21	1.9100145306439063e-20	1.9283401146017287e-20	1.0256218488394268e-20	8.555604297108404e-21	8.817049294906662e-21	9.052838475163967e-21	3.9241183781682406e-21	3.165439202314419e-21	9.000305134484881e-21	8.529948479567453e-21	1.883870030864081e-21
K13792	ospG; secreted effector OspG	0.0001136955731531	0.0006130326792042	0.0002520925195597	0.0008553139056492	0.0018045853712443	0.0018218994179174	0.0009690094788023	0.0008083351256763	0.0008330364989299	0.0008553139056492	0.0003707514527591	0.0002990712995326	0.0008503505456029	0.0008059111591421	0.000177988399799
K13793	ospE, espO; secreted effector OspE	9.057886600750942e-07	4.8839021052373855e-06	2.008367952897468e-06	6.81410555447355e-06	1.4376751179303577e-05	1.4514688538705874e-05	7.719894214548645e-06	6.439835519295314e-06	1.342554007180414	6.81410555447355e-06	2.953698656001221e-06	2.3826379880757044e-06	6.774563511444892e-06	6.420524288978992e-06	1.4179960546556297e-06
K13794	tcuR; LysR family transcriptional regulator, regulatory protein for tcuABC	4.000000000000002	18.32799096783922	15.250000000000004	47.485985953742784	241.2959859537428	96.12317330871768	434.20474340977216	61.00000000000001	180.3	90.42000000000064	30.33	786.852537527005	50.67000000000001	367.0785400722456	3.002047601006936e-05
K13795	citB, tcuB; citrate/tricarballylate utilization protein	11.40043725603632	18.59734922779693	53.96578762723357	48.74798788745712	267.432893967023	96.90103537273568	564.0293230020327	86.67527502122292	256.46362326787505	120.15425450898736	37.94236815557532	1094.4887915606057	72.854026786893	505.92058020013394	0.0002969751219204
K13796	cobZ, tcuA; tricarballylate dehydrogenase	199.44537944952256	190.75950970495725	1025.2342201373997	158.78556239440854	262.5699966016667	96.92384262396835	458.3228135598803	736.180476118153	317.4685014652931	90.66120226919472	66.6257239334179	824.9922669967198	50.85946056120258	367.9453505630685	0.0002969750763511
K13797	rpoBC; DNA-directed RNA polymerase subunit beta-beta' [EC:2.7.7.6]	15.27233856221297	44.88918733367007	75.02817060204809	99.41057141322815	198.8281613643985	389.8797826888467	67.52535354184327	64.31086316431868	26.26336897968793	91.10764102761333	9.643471132573817	54.660373493802666	107.45381589498189	7.2361126184014575	13.131684489843964
K13798	rpoB; DNA-directed RNA polymerase subunit B [EC:2.7.7.6]	33.86932324908775	3.7809613835934632	19.09930905633839	8.805833138953359	2.398005494869145	4.349923557025111	30.194136168225445	26.727927350918726	7.517520212984604	5.0307775557384975	6.354432904700712	147.4084014607896	42.89080119404733	0.0050017396823856	0.0
K13799	panC-cmk; pantoate ligase / CMP/dCMP kinase [EC:6.3.2.1 2.7.4.25]	27.07654298189344	30.267990728107044	73.78712286280319	53.12748694236723	19.324803262715484	53.63836552139719	470.8306323020902	72.2260305752074	35.33106906719279	21.3187045935172	25.54873454811087	48.65617115173141	44.0957466336131	138.94482053387964	5.082383976260526
K13810	tal-pgi; transaldolase / glucose-6-phosphate isomerase [EC:2.2.1.2 5.3.1.9]	49.12178474469522	263.08132876406404	241.3799371247572	623.2158576319691	306.74376608238424	414.57815843913545	826.4438044111072	207.2785386426784	215.0475389788835	90.50999790918306	26.521149865297595	282.75468504965386	156.25606162448503	196.8800313549508	11.373190363024438
K13811	PAPSS; 3'-phosphoadenosine 5'-phosphosulfate synthase [EC:2.7.7.4 2.7.1.25]	0.2464393166695239	1.093030891255332	0.2628393187295278	5.149841993924843	2.5770846490958697	3.125889215391374	3.312805409483552	0.7128457686200156	0.6685901744353138	0.9522378730239722	0.4599322006292184	0.4763322026892224	0.7447358078319659	3.3949468550106428	0.0002050233394588
K13815	rpfG; two-component system, response regulator RpfG	31.371765759290447	0.0231109388303803	0.0265759942308933	0.0853856313847564	0.0900413564438507	0.1564813152614649	0.0560495375798818	0.0279136618407574	4.142752789179869	2.8389322780143944	0.0078548546348935	0.0223285542703869	0.0418980430295811	77.33630263589576	0.0048449758693776
K13816	rpfF; DSF synthase	4.160730369104301	18.77734166086275	14.3313506781373	48.1056963427736	180.60329152737555	90.05430598302128	189.59117230361267	10.63791989381006	19.92495277116103	20.16891886368414	15.700885949371589	90.75820096606152	7.429935657498	88.11804847359502	0.0893784605677709
K13818	mobAB; molybdopterin-guanine dinucleotide biosynthesis protein [EC:2.7.7.77]	815.4497406776981	903.1366891993124	206.5366426772725	96.59115679417076	111.32000023988876	128.2105799922333	319.2172366457392	427.9336598453084	144.18134358428068	84.98333075050186	15.262761898492352	33.30164399592793	38.06974007705799	91.95823720079584	9.88593301864824
K13819	K13819; NifU-like protein	20.213036635753944	44.333385036295375	92.8118772280586	102.02010017312776	197.37009713268944	388.34280935211	190.44653205785687	180.74029574251108	29.401918193723404	91.76268491896067	20.640234044245336	87.59969283176177	111.78897400194002	25.550015520575865	13.536521984945615
K13820	fliR-flhB; flagellar biosynthetic protein FliR/FlhB	51.58628170803968	257.5495965792154	106.70554037736274	168.51639367051337	1979.676673699388	1904.381518554128	98.2817752909412	211.34688069272323	99.02313094935153	80.35463940389721	141.9098322099764	38.792536191061686	24.634969289051973	487.5940077927238	3.214038065001668
K13821	putA; RHH-type transcriptional regulator, proline utilization regulon repressor / proline dehydrogenase / delta 1-pyrroline-5-carboxylate dehydrogenase [EC:1.5.5.2 1.2.1.88]	159.67663033012252	519.4559354775638	3383.315371722564	3169.02094658337	610.9812773392914	722.3270053469009	882.6357924819431	693.6718648449407	2456.049172445088	494.3362879908301	85.3989410350533	969.7541408944386	244.79366441318024	1163.907301939678	81.6542436444934
K13829	aroKB; shikimate kinase / 3-dehydroquinate synthase [EC:2.7.1.71 4.2.3.4]	259.1200566133461	149.6869033901812	225.369891233446	94.34742618018078	58.66799280026001	61.345120025301085	188.2399800061828	154.1693020092639	20.29658308643177	20.799033514806823	9.448072142303303	35.5994898861247	80.57603447975637	43.00270777008649	3.986369376458558
K13831	hps-phi; 3-hexulose-6-phosphate synthase / 6-phospho-3-hexuloisomerase [EC:4.1.2.43 5.3.1.27]	1.3779773524827106	0.0801492710458425	0.2184583571397898	0.4326444801828572	0.2271978733772089	0.4341852929339567	0.129205812882429	0.068406535304218	0.037444782582669	0.0917731102500675	0.1329943911042695	0.0527978668864237	0.1704433129667755	0.0863324317605824	0.2937769881948678
K13832	aroDE, DHQ-SDH; 3-dehydroquinate dehydratase / shikimate dehydrogenase [EC:4.2.1.10 1.1.1.25]	4.849695530860454	13.697665745082263	0.9193566911036553	17.50430188726115	8.446301500273192	25.49552116824542	231.70524947439492	40.4127932866141	13.142475442254248	9.843419822178086	11.776533897220096	24.591228082338983	22.14211036691044	69.28686026862394	3.6595947962425273
K13837	TRAP; thrombospondin-related anonymous protein	2.4772384738111822e-11	0.8540515842910481	0.318683758044959	1.371708713856833	9.106279053633314	5.177441596415217	0.2369186485929828	0.1534346871438709	0.3760150684140618	2.92807428854119	0.8911483144398483	0.2352215544916867	0.0556342165870077	3.4575240442058037	0.0177106970046487
K13853	aroG, aroA; 3-deoxy-7-phosphoheptulonate synthase / chorismate mutase [EC:2.5.1.54 5.4.99.5]	92.91933258770467	874.085450223966	126.84987075871643	518.0512432278902	178.5282105749547	216.37247754469337	282.5096623176222	398.5256094179903	78.50009649688946	81.04086593372763	35.563731511487205	39.18162799277989	163.4939400081834	77.35453185804514	6.067479687303656
K13863	SLC7A1, ATRC1; solute carrier family 7 (cationic amino acid transporter), member 1	0.1019020379377413	0.1580484724465937	0.0174316530407462	0.341540448691924	0.276233498762618	0.2732212844471228	0.219707138067304	0.149397684910662	0.0443412804581242	0.0631529570805695	0.0305029650144757	0.0315906224743997	0.0493913021533344	0.2251548054315887	0.0
K13865	SLC7A3, ATRC3; solute carrier family 7 (cationic amino acid transporter), member 3	0.081409784588806	1.175648465976171	0.0065347924915418	2.4903151229797977	0.0640722761586102	0.1707917419856441	0.1279344853746705	0.0177229921266035	1.644979135930611	0.023674832718624	0.0114349767219681	0.0118427186490169	0.0185158521515217	0.0844062194520316	0.0
K13868	SLC7A9, BAT1; solute carrier family 7 (L-type amino acid transporter), member 9	2911.082690796278	992.4574292751126	1364.0678562003395	1582.6138528490596	7255.334377107709	6248.501256072076	270.04010741392227	6501.994292609348	440.5748843077157	275.7195859810386	29.44603748280702	54.56036805140644	93.91632641893848	71.76050816918823	51.37888382705413
K13873	araA; L-arabinose 1-dehydrogenase [EC:1.1.1.376]	4.0	13.33	14.25	37.5	170.17000000000002	72.0	136.75000000000006	10.0	19.5	17.00000000000003	15.33	43.0	6.67	51.00000000000004	0.0
K13874	K13874, araB; L-arabinonolactonase [EC:3.1.1.15]	4.0	13.33	14.25	37.5	170.17000000000002	72.0	125.29840693306052	10.0	19.5	17.027915500775325	15.33	43.0	6.67	51.03910176613543	51.0
K13875	K13875, araC; L-arabonate dehydrase [EC:4.2.1.25]	4.0	13.330001798307505	14.250846851534302	37.5	221.1722386800812	72.0	383.3019893555395	61.00202894705017	171.5	76.02791550080869	30.33	658.0	50.67	327.03910176618217	51.00000108984392
K13876	araD; 2-keto-3-deoxy-L-arabinonate dehydratase [EC:4.2.1.43]	4.00000470985243	18.330020889581537	14.250005023282894	47.490098421778455	231.1600492522401	88.99005974077966	421.2200633130493	61.00001362363125	171.50001277783554	76.00001819880009	30.33000879004544	704.9600091034758	50.67001423310128	361.97006488290464	0.0
K13877	aldH; 2,5-dioxopentanoate dehydrogenase [EC:1.2.1.26]	0.0	0.0071843580811124	0.0	0.0	0.0	0.0	0.0	0.0	0.0	0.0	0.0	0.0	0.0	0.0	4.093335494981242e-05
K13886	CORO1B_1C_6; coronin-1B/1C/6	2.9740745009738427e-09	1.3190806046350644e-08	3.171944413970999e-09	6.21482779134968e-08	3.110024634775181e-08	3.7723390643890185e-08	3.9981258753099225e-08	8.602810821817334e-09	8.068667674350824e-09	1.1491678850213058e-08	5.550576407934244e-09	5.748636465013348e-09	8.987692207165917e-09	4.097086431830463e-08	2.942821462067309e-14
K13888	macA; membrane fusion protein, macrolide-specific efflux system	72.96314133759412	209.85046726998164	524.070249728827	283.6609530844993	648.471902562445	722.3769684611029	919.6321537823106	486.8051802325359	310.14634579206177	291.9717712212296	113.81335881948372	1141.9292980581915	185.92246559486065	731.156128127924	20.66240270745084
K13889	gsiB; glutathione transport system substrate-binding protein	793.8555792425283	376.96313363912	182.37267603683136	387.9131918667812	582.3206373952071	515.0078770166187	672.8873113562322	785.8947155149516	358.6336141048393	258.5804239659946	95.05254936298869	545.2767283262622	246.14072626042216	270.38891978607603	30.510944971952256
K13890	gsiC; glutathione transport system permease protein	463.20528151578327	166.4657498906681	148.1642373618832	233.30511884314717	470.9887279245447	381.1736679098025	711.1978780817458	338.9120635988975	190.3308009512271	171.55436326539476	106.68881135309302	791.1868668388996	286.55423446366854	247.29715844712211	26.38430765185986
K13891	gsiD; glutathione transport system permease protein	415.51091906151385	150.4294685227771	635.1799186612989	1435.2627090846054	1364.7068739281922	727.04716314003	578.9422433248167	304.27763755213715	178.08551285308707	266.6275782488247	128.27092888761007	686.8873376512929	255.3740447827076	222.2472267778427	26.38430765340294
K13892	gsiA; glutathione transport system ATP-binding protein	57.79941351953339	88.99207960800182	59.910748487356855	165.58949094057652	409.8595596191821	297.10556663078034	514.095754060551	150.58046033599848	190.00155050141012	132.67754396246352	65.23475925832204	717.173261989363	164.0977221764001	408.7624994964124	15.500483372016818
K13893	yejA; microcin C transport system substrate-binding protein	75.87112960656705	899.8439324394975	6006.413902926319	6105.914596661319	821.0438081250757	1191.1455292273022	811.7604180631588	885.7526873174519	4646.161971301893	798.377404508253	64.68633152254885	1101.484966271869	318.11798708363307	1493.9613395585616	41.91472162061953
K13894	yejB; microcin C transport system permease protein	53.8604982068005	485.81387382864	3043.894124672484	3114.497600386031	619.040643466176	759.8892423068603	744.5743173573098	519.580782256653	2453.572696795836	495.8976941403877	64.65966580981366	994.4203497445656	227.4606195510152	1059.6829069377122	28.90130243051853
K13895	yejE; microcin C transport system permease protein	54.55191127912696	488.7018755465899	3048.134021276373	3114.504293908221	621.281549394673	760.5433018930888	766.0320595146366	520.5984938981366	2455.2000629146223	498.54221039576544	64.66026005605755	994.420914574361	230.57036577977223	1059.6873843791325	28.901278671704137
K13896	yejF; microcin C transport system ATP-binding protein	801.5797596742632	397.9951853639061	283.0002523013076	270.98034917732514	537.7368311541452	488.1153057034587	780.9632448980556	834.7096032671512	377.4173319767266	268.6839851865385	73.43526283869218	1056.220182689607	158.40002079839803	679.0176853611943	18.048493016702484
K13899	CST3; cystatin-C	0.0036491383051525	0.010249615053949	0.0006917670802748	0.0131710574643924	0.0063553932706477	0.0191840255357992	0.1630591903661892	0.0144265086238392	0.0098890147341571	0.0074066506027514	0.0088612162707559	0.0185035195069237	0.0166607620174604	0.0521345070136667	0.0019500261085809
K13908	MUC5B, MG1; mucin-5B	0.0	6.341944212781237e-16	7.293565433200394e-13	0.0	1.928078180764016e-12	0.0	3.08538525107941e-12	0.0	0.0	0.0	0.0	33.416119464930055	0.0	0.0	6.12201536488783e-08
K13909	MUC7, MG2; mucin-7	0.0	0.0026067080436461	0.8436696671825427	0.0	2.2302687100913907	0.0	3.568962219847917	0.0	0.0	0.0	0.0	0.000573129531339	0.0	0.0013667699048918	0.0
K13911	PRB1_2; basic salivary proline-rich protein 1/2	0.0	0.0061728903258254	7.628202274139221e-08	0.0	2.016540538084753e-07	0.0	3.2269461355270334e-07	0.0	0.0	0.0	0.0	0.0	0.0	0.0	0.0
K13918	gudX; glucarate dehydratase-related protein	270.4463650942334	103.09312304333646	69.66065873712651	159.3096051773066	202.1655546045617	188.8452060616167	417.7505006002668	213.86950609419355	130.11003636227983	98.8141915651186	35.62268708436219	228.0904329943762	238.52207650992503	210.63658245259768	38.61437823133332
K13919	pduD; propanediol dehydratase medium subunit [EC:4.2.1.28]	1841.653216057193	3044.106161059634	1332.0739220777652	908.9229398120996	651.9928085587712	576.3218068158218	439.8005892132189	3482.4576686487194	1138.7790483521578	615.6597278997242	80.86325983609943	58.17755651198307	267.5771684192981	110.1928103230664	77.31381805821125
K13920	pduE; propanediol dehydratase small subunit [EC:4.2.1.28]	1841.680868031417	3044.2470329792845	1332.10854928829	909.5982874035558	652.3319256536895	576.732780975712	440.2353273627233	3482.5504257837783	1138.8636467762208	615.7837989191423	80.92387798019867	58.24033614354634	267.67532310918403	110.6402574931694	77.31381805822099
K13921	pduQ; 1-propanol dehydrogenase	97.2672507444926	225.43085330767025	152.3948155932708	156.65472745332335	1501.2193703902117	1485.937079142588	140.41557573104245	707.5622146748585	173.2947635356172	230.27509080035912	122.00097531110882	78.09975479469355	40.505245899553934	324.9215456487111	20.7152943059092
K13922	pduP; propionaldehyde dehydrogenase [EC:1.2.1.87]	6505.545294310469	7173.8945249854505	3632.648682634768	5410.72152170444	16773.256094003693	9963.742573853033	5461.204553617214	7763.58956525664	4574.603973428764	2778.8929014150176	1440.77867942568	1237.299487406754	1044.7099666227568	7758.314441427692	277.24498883468254
K13923	pduL; phosphate propanoyltransferase [EC:2.3.1.222]	1.1931114778648304	17.13407904922857	100.13293865433864	2.5276662637736083	31.48816479469959	10.450762815928536	31.992242455563392	596.5099162017405	117.60583756263529	135.24031764877526	1.025100921258054	0.3829170172330753	0.0933226016299644	11.777534325872727	9.088514771983704e-05
K13924	cheBR; two-component system, chemotaxis family, CheB/CheR fusion protein [EC:2.1.1.80 3.1.1.61]	527.2129316911298	233.338916335634	2540.000915171894	193.36052796388432	477.1343010245544	378.8925348206659	673.5797093408245	1065.4540980664422	567.0575240233259	151.58209515429883	59.60992924958191	359.88177146382424	124.84563606864478	271.097777756793	100.43328611984062
K13925	pfbA; plasmin and fibronectin-binding protein A	3.7009656001177703e-14	4.386607131626322e-14	8.624472193109592e-27	1.689803081601248e-25	8.456114938529555e-26	1.025689183307696e-25	1.0870214651817308e-25	1.0007369019958205e-13	2.1938260211126743e-26	3.1245511884666366e-26	3.424460982508413e-15	1.5629753785061562e-26	2.4436805333791301e-26	1.113974305277136e-25	0.0
K13926	rbbA; ribosome-dependent ATPase	35.3723445775296	142.9247757487863	101.6418019595346	271.21200249689934	499.55149517202665	597.8992066138599	417.1736435664001	178.51442016090795	169.9166515266108	231.22664452583183	68.49714528969773	303.24617947916715	209.74761900360105	279.5864490069822	36.01195985651264
K13927	citXG; holo-ACP synthase / triphosphoribosyl-dephospho-CoA synthase [EC:2.7.7.61 2.4.2.52]	4875.162479434909	2684.375507577334	1795.3167226163189	1248.6267353482376	1863.9710424349416	1972.9444942755267	1009.83607827345	4154.177430248104	887.6571136383161	388.5607454817211	205.10642739903395	725.3305233620316	294.4950802374549	457.16133924601854	82.06082178522745
K13928	mdcR; LysR family transcriptional regulator, malonate utilization transcriptional regulator	4.000000000000001	13.33000000000004	19.60601097673515	47.88000000000001	198.53803293020547	155.88	224.971186152016	15.46	29.16601097673515	39.42878988363003	15.33	146.84005488367575	9.950000000000005	110.8455236637284	20.91163994617893
K13929	mdcA; malonate decarboxylase alpha subunit [EC:2.3.1.187]	59.753799903236576	79.91760988039792	123.86195667094692	80.61592904301308	227.2912721453152	162.52459481056184	243.75167542152616	82.77553149363624	34.08293335454929	54.21474886867572	16.93717977915516	147.42369688756418	13.252593400866548	120.24702561913224	23.30448269333839
K13930	mdcB; triphosphoribosyl-dephospho-CoA synthase [EC:2.4.2.52]	41.09999036753307	22.96633772778461	67.92568113558086	55.20795175311236	219.9321881407273	156.62170769309506	236.67590662391484	18.882797682969414	33.65541823673371	48.777532043945655	15.420628821408066	146.93391529629608	10.096748865228086	120.06937180483612	20.911653764307975
K13931	mdcC; malonate decarboxylase delta subunit	41.68361915284503	58.89192427399806	90.23586818080376	79.04652064700471	225.98388778748424	162.05673273983328	242.601316006214	58.08528355940467	34.056398414580016	54.20063658671576	16.175369589833974	147.4176963011723	12.768845849258724	120.2455895746705	23.30448269333839
K13932	mdcD; malonate decarboxylase beta subunit [EC:4.1.1.87]	41.68375091426768	58.89250867468209	90.23600871066331	79.04927406523653	225.98526565342	162.05840403001395	242.60308723314165	58.7766457258941	34.05675588348451	54.201145710903205	16.17561549751582	147.41795097729107	12.769244030242447	120.24740471940264	23.30448269333839
K13933	mdcE; malonate decarboxylase gamma subunit [EC:4.1.1.87]	33.48494730588124	39.97152575830418	61.081617101236176	78.60113259112987	224.70993403670468	161.80552984525102	241.2814499287638	35.71091759961596	33.94224971056723	54.10356176692963	16.14113101860836	147.38223687035506	12.713405743160834	119.99286073867373	23.30446887520934
K13934	mdcG; phosphoribosyl-dephospho-CoA transferase [EC:2.7.7.66]	73.49612788559871	130.70491405533406	211.97045748762065	79.07664604992327	188.6442555032814	126.07501847990132	220.08311974386223	151.2620354485526	34.06030951484601	54.20620696142541	8.51306008846976	147.42048273608546	9.43820238413985	120.26544924065992	23.30448269333839
K13935	mdcH; malonate decarboxylase epsilon subunit [EC:2.3.1.39]	8.199859380293907	18.94153062572073	34.44028110941042	10.850203937915422	29.40688248641326	84.14626582236387	99.29974954228422	28.56622977388034	9.617370483423077	21.5343874542203	0.0364548767454606	103.04775476410474	3.339028813475776	39.284557069559625	1.3818129048774016e-05
K13936	mdcF; malonate transporter	0.0	3.5421800551168017e-26	1.241075661227894e-22	0.0	3.2808246186403004e-22	0.0	5.250102402859956e-22	0.6986431467770341	2.94	0.0	0.0	0.0	0.0	0.0	0.0
K13937	H6PD; hexose-6-phosphate dehydrogenase [EC:1.1.1.47 3.1.1.31]	0.0002871683001625	0.0012736759187165	0.0003062787277431	0.0060009554947932	0.0030029989859461	0.0036425043885514	0.0038603121899027	0.0008306576662326	0.0007790879576063	0.0011096140625701	0.0005359451163461	0.0005550555439267	0.0008678181667419	0.0039560291380086	0.0
K13938	folM; dihydromonapterin reductase / dihydrofolate reductase [EC:1.5.1.50 1.5.1.3]	9.999747409576855	53.53060705162135	27.05838761363345	85.0204924592459	184.4708023044174	242.5072428746221	192.34028355787763	76.08201162439029	82.07580932150928	93.53394209499729	32.48363219787323	129.679317373722	77.63369728551216	107.7494112039655	15.50002200353846
K13939	FOL1; dihydroneopterin aldolase / 2-amino-4-hydroxy-6-hydroxymethyldihydropteridine diphosphokinase / dihydropteroate synthase [EC:4.1.2.25 2.7.6.3 2.5.1.15]	0.0	0.0	0.0	0.0	0.0	0.0	0.0	4.244060915363254	0.0	0.0	0.0	0.0	0.0	0.0	1.068110266299636
K13940	sulD; dihydroneopterin aldolase / 2-amino-4-hydroxy-6-hydroxymethyldihydropteridine diphosphokinase [EC:4.1.2.25 2.7.6.3]	9212.54419869779	10123.585516004934	11742.900003065872	9351.84412340507	63064.82852895455	27229.88998199728	3747.105850798445	8037.50703932077	3482.719184231432	3965.7350346425055	4405.876894260104	1021.1635548500903	1283.637472227624	33889.1364056278	251.03551462721316
K13941	folKP; 2-amino-4-hydroxy-6-hydroxymethyldihydropteridine diphosphokinase / dihydropteroate synthase [EC:2.7.6.3 2.5.1.15]	0.0	0.0	0.0	0.0	0.0	0.0	0.0	0.0	0.0	0.0	0.0	0.0	0.0	0.0	0.3549085032265929
K13950	pabAB; para-aminobenzoate synthetase [EC:2.6.1.85]	44.12878275723677	1437.4168579570053	717.9400583411137	10663.498453731574	103052.75413660827	40197.94917605988	960.0006486463564	81.65936582443122	32.23035339377861	43.45018931349066	6998.428436093472	464.0088163093813	390.69442499340016	57513.837341635866	108.6989537803333
K13951	ADH1_7; alcohol dehydrogenase 1/7 [EC:1.1.1.1]	999.8622337850924	1309.43125699669	584.6967986814661	1081.421948423146	302.3377074792694	338.64030149219525	233.520075201797	3334.6723772770347	392.5698805416101	265.8987635652538	58.76725756187925	69.66592469829457	1417.3164730859105	13.107812296974542	21.95592086766677
K13953	adhP; alcohol dehydrogenase, propanol-preferring [EC:1.1.1.1]	1058.0729722328006	5158.125515774676	11826.043553163268	5199.203011499119	3494.997512500086	2006.7912926133215	4839.89392692243	9438.128446566436	2284.984678007665	2075.061458400971	438.098152222534	1186.319430460875	416.18401529789145	858.5783235883434	77.35209148464737
K13954	yiaY; alcohol dehydrogenase [EC:1.1.1.1]	17591.825570269728	13020.48579039389	19151.105275531496	8422.525597084095	12412.266483901622	11685.345732922196	6576.417818423471	27014.51354578419	5220.028767271335	3338.4957842549743	657.286275851155	1687.292817145823	3207.2375354638857	1595.981437427228	362.11833657692745
K13955	yogA; zinc-binding alcohol dehydrogenase/oxidoreductase	3.0101143078414343	0.7129287503509774	7.806048802941143	1.2478808927777112	4.312472701722529	8.05563267543394	1.2272685464588946	3.918900786767615	1.2071399391353206	0.5968413282363452	36.2913030641863	0.1152673665689595	0.1801982083147485	0.8213707513817323	0.0002705666072194
K13957	KLHL33; kelch-like protein 33	0.0	7.303295031416539e-05	0.0	0.0	0.0	0.0	0.0	0.0	0.0	0.0	0.0	0.0	0.0	0.0	0.0
K13963	SERPINB; serpin B	23294.522656716435	17065.049645609255	42582.740988259095	12560.286792788667	17908.764273083205	16139.974625769317	9177.876548468685	31547.047372361507	10812.900815427296	4897.95848889869	692.630598542609	2065.288396297548	2974.909898155648	2589.1445250988286	522.0262580800438
K13965	SERPINB8; serpin B8	0.0	0.0	0.0	0.0	0.0	0.0	0.0	0.0	0.0	0.0	0.0	0.0	0.0	0.0	6.51032531416759e-10
K13967	nanEK; N-acetylmannosamine-6-phosphate 2-epimerase / N-acetylmannosamine kinase [EC:5.1.3.9 2.7.1.60]	0.0	0.0	0.0	0.0	0.0	0.0	0.0	0.0011083103961439	0.0	0.0	0.0	0.0	2.036699488865504	8.401385391570205	0.0
K13979	yahK; uncharacterized zinc-type alcohol dehydrogenase-like protein [EC:1.-.-.-]	26.83961209115489	99.9870408464887	60.4991304601847	148.89054463242917	407.2829571215595	377.2795251233108	874.4727117615801	179.97848013835676	192.16242432017003	167.89979952722172	105.55010841919304	581.5291993767838	151.42065142174795	514.9181843242575	71.67134714464083
K13984	TXNDC5, ERP46; thioredoxin domain-containing protein 5	33.86932324908775	3.7809613835934632	19.09930905633839	8.805833138953359	2.398005494869145	4.349923557025111	30.194136168225445	26.727927350918726	7.517520212984604	5.0307775557384975	6.354432904700712	147.4084014607896	42.89080119404733	0.0050017396823856	0.0
K13985	NAPEPLD; N-acyl-phosphatidylethanolamine-hydrolysing phospholipase D [EC:3.1.4.54]	5.343658938929814	15.009145316933544	1.1790083018701842	19.287194145359685	9.804628411432104	28.09235522651392	240.93580123262984	21.125628934501663	14.647106940342407	11.8420824789198	12.976027098823844	27.9259030391773	24.39738437928673	77.17383830150708	3.064436657861364
K13987	NUDT5; ADP-sugar pyrophosphatase / 8-oxo-dGDP phosphatase / ADP-D-ribose pyrophosphorylase [EC:3.6.1.13 3.6.1.58 3.6.1.- 2.7.7.96]	51.87486320561823	19.439597542896653	6.406582380774996	4.491173227370847	0.5702291921658523	33.05979618464251	76.93954450215749	83.23715109896933	0.063220928454927	0.7817133313686501	9.749857691222706e-06	0.4828576300748352	8.164971952451044	0.91324480361398	0.0
K13988	NUDT9; ADP-ribose pyrophosphatase [EC:3.6.1.13]	5.343658938929814	15.009145316933544	1.0129973251350342	19.287194145359685	9.306595481226656	28.09235522651392	238.7776585350729	21.125628934501663	14.481095963607258	10.846016618508902	12.976027098823844	27.09584815550155	24.39738437928673	76.34378341783132	2.855543850325548
K13990	FTCD; glutamate formiminotransferase / formiminotetrahydrofolate cyclodeaminase [EC:2.1.2.5 4.3.1.4]	3645.745729640922	1318.4866668793811	23328.80839906968	438.8893644210325	78.61873337177377	37.94398888973515	288.91136588443976	6610.554045698466	4131.890079837797	343.79295678983505	11.96426208705132	63.17437501193308	35.798424506129976	84.16994304745761	12.262046270524616
K13991	puhA; photosynthetic reaction center H subunit	7.34	0.0	38.65	6.0	20.45	0.0	0.0	0.0	0.0	0.0	0.0	0.5683391136716035	0.0	1.3553459625860078	0.6572489858657476
K13992	pufC; photosynthetic reaction center cytochrome c subunit	1.043144111983832	0.0	5.492850126454375	6.0	20.45	0.0	0.0	4.244060915363254	0.0	0.0	0.0	0.0	0.0	0.0	0.6572489858657476
K13993	HSP20; HSP20 family protein	35443.68089468243	37549.74653607528	119986.21622979392	49339.73788093857	210263.473895575	90990.45239735204	18616.99385603833	66687.94630524692	29238.038419191245	11804.737597969142	14523.804292549812	5809.946768177654	5209.560985697916	113752.42797784987	1536.1385414939705
K13995	nicF; maleamate amidohydrolase [EC:3.5.1.107]	4.149758155994295	18.79645430788026	15.784673791223918	51.03925183595437	202.7855080070848	128.39473341475178	197.3965128927308	12.17667823421291	31.529722916769465	25.492774328297187	15.69365225402128	274.3166790996145	8.305671981127752	158.47012430203188	0.0800220035384622
K13997	PDHX; dihydrolipoamide dehydrogenase-binding protein of pyruvate dehydrogenase complex	0.4478658807692099	423.9994108156499	137.40061527501862	0.4196043608645182	0.225389640782041	0.1855448680760261	0.5206808865552569	8.322802046969034	0.0249887984517972	0.0180930847457964	3.1808308976034825	0.8003533447131013	0.902453884456664	0.0007333941696636	0.0
K13998	DHFR-TS; dihydrofolate reductase / thymidylate synthase [EC:1.5.1.3 2.1.1.45]	4.6507024064442914	13.062785309443084	0.8816336935458959	16.786066336038587	8.099733375611429	24.449387810674747	207.8133765626935	18.38609343076477	12.603212259222127	9.439524034963634	11.29331806448334	23.58210455899508	21.233573168065405	66.4436523599375	2.4852417416873926
K14000	RRBP1; ribosome-binding protein 1	0.0	0.0	0.0	0.0	0.0	0.0	2.4096051144868477e-12	0.0	0.0	1.389580566022726e-12	0.0	0.3569809378736922	0.0	0.8513098275828832	30.08838099214856
K14002	SCJ1; DnaJ-related protein SCJ1	0.0	0.0	0.0	0.0	0.0	0.0	0.0	0.0	0.0	0.0	0.0	0.0	0.0	0.0	6.441751248385355e-07
K14005	SEC31; protein transport protein SEC31	0.0	1.0226875867730564e-12	3.5825027521376382e-09	0.0	9.47046468861622e-09	0.0	1.5155003755888245e-08	0.0	0.0	0.0	0.0	0.0	0.0	0.0	0.0
K14007	SEC24; protein transport protein SEC24	1.8769026397443138e-10	8.325684354412366e-10	2.0018064398936684e-10	3.922163136666002e-09	1.962729424063019e-09	2.380703614668762e-09	2.523060566004179e-09	5.42909355104103e-10	5.092039209748127e-10	7.252324027257076e-10	3.502882466688587e-10	3.6277862668379406e-10	5.671970781782283e-10	2.585620184341766e-09	0.0
K14026	SEL1, SEL1L; SEL1 protein	1277.6664202225213	185.43047760403036	153.53610250015416	41.63829643569489	90.1412183626515	96.43625022618272	110.68819801234407	466.2321309225128	191.25936914166405	101.9555056245793	5.49688504161505	3.898795538179334	15.7709021893092	25.654117168090597	5.241143689850375
K14028	mdh1, mxaF; methanol dehydrogenase (cytochrome c) subunit 1 [EC:1.1.2.7]	0.0	0.0	0.0	6.0	20.45	0.0	0.0	0.0	0.0	0.0	0.0	0.0	0.0	0.0	0.0
K14029	mdh2, mxaI; methanol dehydrogenase (cytochrome c) subunit 2 [EC:1.1.2.7]	0.0	0.0	0.0	6.0	20.45	0.0	0.0	0.0	0.0	0.0	0.0	0.0	0.0	0.0	0.0
K14048	ureAB; urease subunit gamma/beta [EC:3.5.1.5]	1568.5205498020616	343.5948776886886	337.807547430831	412.07436040341696	119.3351604196652	170.78920111051926	528.3910560808278	1001.0072960951724	382.8023135900238	627.0518479508128	32.49156375331635	600.8951029575823	226.9117567856625	117.54419556509784	8.025697577655723
K14051	gmr; c-di-GMP phosphodiesterase Gmr [EC:3.1.4.52]	5.87945373140831	28.04892017528006	18.09147025637585	61.00412802095866	207.7213368180921	117.377923536428	193.17282641826085	22.854544840512887	35.46831050302936	30.25617517497572	21.32473255574535	95.2953224341485	20.257982414096105	100.4493459661113	2.776343042629809
K14052	puuP; putrescine importer	13.883877890697722	23.578492333701085	51.34959228861442	17.48646861905078	30.734216543459983	31.7427113752828	68.49173923005355	23.620147312234195	16.700557069000215	14.89201905335722	6.529274068792877	5.792071633329201	14.650906769154131	122.20026672059706	2.9159608920546645
K14053	ompG; outer membrane protein G	1.7206663052276394	9.277498251115656	3.8150124727739194	12.94604729077605	27.30984866826321	27.572149829796118	14.66561023569374	12.232775663194415	15.546553912244212	12.94382433740211	5.610762329805285	4.526047431357697	12.86860476461519	12.197514567621225	2.693468221847552
K14054	mpaA; protein MpaA	76.35524445305332	153.2220838422604	311.33694424279827	172.3243212424344	58.18259188748766	69.61579190982818	309.7274972605462	215.916561703844	67.5441986597924	52.38725449419249	24.020970086351888	26.18687530805492	43.52130951081392	73.61091921668684	8.666276758417068
K14055	uspE; universal stress protein E	3.580755660676312	13.420173238492325	6.447041045109701	18.69971392496977	41.557147399663336	70.41602780506804	124.431864853156	17.106919089792054	19.248583650440228	22.84387185659696	5.97832602916643	57.29690098030705	15.9300891539783	32.283043353319215	2.888363142680741
K14056	puuR; HTH-type transcriptional regulator, repressor for puuD	2.0214213410753814	10.125385223511868	3.874435089201413	14.038219242088154	53.350764578182	29.166403529051063	173.31754578048876	38.92522048278978	90.76936465091634	43.06072204754624	13.841958223825475	313.5479081067224	36.24485596762929	154.48612318696846	2.8554072165643345
K14057	abgR; LysR family transcriptional regulator, regulator of abg operon	1.8696266600152724	9.693986441548695	3.841805159783193	13.478873419396814	27.558865453000298	28.3472165689571	29.478543768467013	12.81974197040067	13.00719871279257	13.242323055148198	5.972010017576976	5.283385534012279	13.546997222547493	14.330474073570594	2.772462413869464
K14058	ttcA; tRNA 2-thiocytidine biosynthesis protein TtcA	405.0929940806116	683.1944751565826	1308.496741850981	2681.4298739006745	1040.9344205940422	985.642463701494	1949.0098515585887	2098.332311898259	585.7107112986596	427.2112914183661	176.17812149134403	1638.901028416699	552.6839032113224	1042.44875382457	103.95652074686735
K14059	int; integrase	9016.33200582328	9271.52317161311	4519.73969925616	6811.804652550367	2130.207769260968	2696.0175381666986	7022.387394588903	12775.865162141285	5116.15407060793	2886.5208072322184	509.6524347802572	2114.7422471624777	2010.183830450588	1641.3522049051444	235.50056636143847
K14060	pinR; putative DNA-invertase from lambdoid prophage Rac	1.7299666877901958	9.38315773233185	3.877993727591977	12.913930474705705	27.230121969102168	27.49083009575585	14.62603591895462	12.249039972844214	12.580325953832398	12.90592898437412	5.594307290139875	4.595898867896097	12.831027959670132	12.35187524237858	32.774114160355
K14061	uspF; universal stress protein F	18.15818193258181	97.42941006234524	40.03888667612961	135.9845986394127	286.0062494987705	289.6470725339641	168.1798760800752	128.5383253051003	138.06308332677574	135.7316830871759	59.00843058428603	48.15828173307939	135.35881589644467	129.58993538082115	28.25066490629648
K14062	ompN; outer membrane protein N	9.85011378367114	53.11061350769319	21.8402522878556	74.10085597665294	156.34180598366964	157.84182331113226	83.95096976032409	70.03080896147105	76.45338105253865	74.10085597665294	32.120371038732685	25.910299303037483	73.67085100944699	69.82080653562629	15.420178126315632
K14063	feaR; AraC family transcriptional regulator, positive regulator of tynA and feaB	9.637454063771964	51.57716546830178	21.065089474305644	71.91501662938371	150.8504528949619	152.8217218896633	95.68251438221058	68.04623466939368	69.92132091879466	71.67846626513511	31.302224861096256	25.716320359528616	71.64403730729424	69.39135826953934	14.932858207364712
K14064	uspC; universal stress protein C	9.99974740956878	53.5306070515778	21.868387613615536	74.64049245918513	156.6008023042892	158.62724287449268	98.77028355780882	70.62201162433287	75.5158093214501	74.40394209493653	32.48363219784689	26.669317373700743	74.35369728545174	71.95941120390823	15.500022003525816
K14065	uspD; universal stress protein D	0.0001707488927227	0.0009206572276652	0.0003785944991943	0.0012845170508378	0.0027101402932252	0.0027361426626753	0.0014552659435605	0.001213963955063	0.0012510606688119	0.0012845170508378	0.0005567974044927	0.000449147594969	0.0012770630382621	0.00121032362334	0.0002673043579476
K14067	mtkA; malate-CoA ligase subunit beta [EC:6.2.1.9]	0.0	0.0009679885260537	0.0	6.0	20.45	0.0	0.0	0.0	0.0	0.0	0.0	0.0	0.0	0.0	0.0002379948039948
K14079	PAPD4, GLD2; poly(A) RNA polymerase GLD2 [EC:2.7.7.19]	0.0	0.0	0.0	0.0	0.0	0.0	0.0	0.0	0.0	0.0	0.0	0.0	0.0	0.0	2.062345010629965e-10
K14080	mtaA; [methyl-Co(III) methanol-specific corrinoid protein]:coenzyme M methyltransferase [EC:2.1.1.246]	1574.2410177022111	2194.409817872108	2005.2414319181505	1838.2030115722343	2860.7674342445	2781.9304164986465	1871.689969583074	2657.112494878952	1242.0247904037933	823.4952145093689	292.82885525344136	412.3780888004269	1008.315167658378	447.3401295560811	55.32081812185311
K14081	mtaC; methanol corrinoid protein	153.59715467277675	168.58373117698395	611.2101272798226	18.5652705260849	10.562632758915086	10.447451530902434	11.70316052891133	47.17800255301791	18.57375329498968	7.920273262037417	1.1663741687709734	1.2079640786411896	1.888627514284995	10.076326494418687	0.0
K14083	mttB; trimethylamine---corrinoid protein Co-methyltransferase [EC:2.1.1.250]	1356.0718529031146	2166.120874045881	2753.350305814884	3010.478112979252	3208.637289228522	3183.7665904581754	3440.007985719601	1960.2302483633696	1944.5427561322797	996.1320913025596	294.3835788098623	2617.584597096319	1028.669783201712	628.0336514133708	41.23573544956086
K14084	mttC; trimethylamine corrinoid protein	129.88571534566086	144.57016312557604	388.2641277297471	411.9255177172455	150.41709318159477	141.53467798075462	70.27523357459131	113.93617441742416	162.4121978737022	73.20961015050271	8.21863073361034	22.102464153841694	25.90750864091155	63.10061575178929	0.0
K14085	ALDH7A1; aldehyde dehydrogenase family 7 member A1 [EC:1.2.1.31 1.2.1.8 1.2.1.3]	5.961150941829479e-75	1.4223481475174013e-74	2.92852498015428e-74	3.880227111216577e-74	7.760728172384526e-74	1.5217919798650162e-73	2.635672482138852e-74	2.510203404411007e-74	1.0251207180296834e-74	3.556144318744874e-74	3.764072331835341e-75	2.133522221276102e-74	4.194173755487561e-74	2.8244239986333606e-75	5.125603590148417e-75
K14086	echA; ech hydrogenase subunit A	1491.9947486370947	1544.154876380508	746.4804465225194	2871.693276212528	12077.264237005413	5334.095015431988	765.7161206846052	2915.4276016610816	843.2664410150318	1239.788213924281	874.9432095053552	230.2061145493012	1076.707021797559	6568.459082576475	40.91579305396409
K14087	echB; ech hydrogenase subunit B	942.420555382228	487.62471407766856	288.1465846896606	254.29223700994373	274.88091538803934	393.1888470368531	253.059198207438	748.9500379735595	327.45266281711525	208.8834810189333	39.83821208819461	89.85230266422441	104.14015250562024	46.61792431221094	14.386760635720886
K14088	echC; ech hydrogenase subunit C	1490.0836649629389	1534.7948481905612	729.0064316198874	2833.2942765554567	12018.961640123018	5221.036230967086	758.5768195085559	2899.990214996612	836.456938842367	1215.2427367483974	871.3521332249496	214.2340765111527	1048.4089289380777	6559.122181241964	37.31635862712938
K14089	echD; ech hydrogenase subunit D	1448.2160756319315	1322.0354993667515	668.6276527968284	2258.1903243667816	11856.749387377877	5003.626538209431	720.3650979188715	2415.692125667565	559.8383410644312	367.9743001383088	841.7447381336459	193.10866497609095	857.3428567388298	6549.24262839105	36.43808628661581
K14090	echE; ech hydrogenase subunit E	1409.9314417532746	1334.5494213615689	658.5136345936933	2292.2562051472064	11860.495739262657	5073.5876833030825	744.698579197684	2424.601174718768	550.180516728502	387.99795237479	860.8161529764654	212.77646903355787	892.3745804630573	6555.78336931595	40.04725141067869
K14091	echF; ech hydrogenase subunit F	89.80132780593114	57.32137185231664	21.46679530693208	59.84658555907877	18.187392895198045	59.48698128512567	111.74890447609174	217.69831908560428	20.12683632146789	24.197809493385734	11.708409723388922	28.904855212097324	25.599984972929672	45.38378265814796	7.677246439547648
K14105	ehaN; energy-converting hydrogenase A subunit N	0.1205662675201319	0.1253363214060162	0.0096778973645889	0.6516423685559408	0.168110169581034	0.2529391639896525	0.3785120290746407	0.1298839840024735	0.99112429678143	0.2301485122402295	0.0169349724914617	0.0175388301543218	0.0274216077973811	0.1250039277983253	0.0
K14107	ehaP; energy-converting hydrogenase A subunit P	0.0027956822901606	0.0123996736664343	0.0029817288834452	0.0584213682058239	0.0292352292283941	0.0354610345401702	0.0375814684897121	0.0080867384225859	0.0075846895507794	0.0108024750011929	0.0052176102634549	0.0054036568567395	0.0084485086914778	0.038513305940211	0.0
K14108	ehaQ; energy-converting hydrogenase A subunit Q	0.2372068530116261	1.052082198015742	0.2529924546380683	4.956911216095323	2.480538202337091	3.008782663686329	3.1886963348355355	0.6861401165292165	0.6435424889810512	0.9165637700635376	0.4427015598987034	0.4584871615251454	0.716835445286471	3.2677604795451884	0.0
K14109	ehaR; energy-converting hydrogenase A subunit R	0.0140726382368155	0.0624162918570638	0.0150091417914937	0.2940758980209733	0.1471615019165562	0.1785003654897978	0.1891740031853162	0.040706250755786	0.0381790851422253	0.0543764659128283	0.0262639077253937	0.0272004112800719	0.0425272953490457	0.1938645974572601	0.0
K14120	ehbK; energy-converting hydrogenase B subunit K	0.0274705842703385	0.1706699347953284	0.0022050736128918	22.544190879541805	0.0383032889311639	0.0576312658802775	0.2533344925485831	0.366207973556701	2.0739618194660205	3.1049882336879557	0.0038585717092441	0.7428757907825054	0.2258217940610051	0.0284816889776584	1.6182327478824132
K14126	mvhA, vhuA, vhcA; F420-non-reducing hydrogenase large subunit [EC:1.12.99.- 1.8.98.5]	111.93890753628948	144.6772018890921	405.82774755978966	81.67420407936817	40.77423206734218	77.73647142771875	451.7269979811429	72.90438289414648	42.36963036936055	30.89747770416564	26.823259496961786	51.87253742524464	49.4067126320894	164.66851582079292	12.394594542478451
K14127	mvhD, vhuD, vhcD; F420-non-reducing hydrogenase iron-sulfur subunit [EC:1.12.99.- 1.8.98.5 1.8.98.6]	111.75924053868432	142.95727735488123	405.13843925600713	68.10897036093417	33.94926556101264	71.2426715000913	467.04140709764505	72.98669680791545	41.88046703161019	29.162289541247876	26.806876475559825	53.30596588188212	49.739803218831575	162.48330544065377	10.752885901565651
K14128	mvhG, vhuG, vhcG; F420-non-reducing hydrogenase small subunit [EC:1.12.99.- 1.8.98.5]	111.1635953451192	141.2384641634377	405.00084002375246	65.47250649941232	32.66657630395116	67.9022450968991	441.30472260861467	70.66172931798683	40.26620742475185	27.901682869855243	25.376286477077144	50.37396906049306	47.06373116786358	153.98781876061292	9.471972004192228
K14136	K14136; decaprenyl-phosphate phosphoribosyltransferase [EC:2.4.2.45]	1.26295405977846	1.947378913469839	518.0585841211653	1252.317376462272	932.4250771544872	381.00322504229433	154.36118207701207	0.1286912171222569	0.6815705912809439	106.56102137897706	64.97772233249248	106.86401472103304	40.72486409007045	5.362068126159564	0.0
K14138	acsB; acetyl-CoA synthase [EC:2.3.1.169]	1920.2011778937267	1974.4881017299467	1626.2788544692385	1553.242431385475	3953.145514848016	3630.4687199898726	1646.104735022857	4301.340121755726	874.06145865985	458.1891163854515	329.55214767045584	1010.6141692059396	1762.2922258928131	413.5065598000362	25.645924388164037
K14145	RON2; rhoptry neck protein 2	1.6196150643438829e-15	7.183469487994713e-15	1.7276054659136734e-15	3.3845093327930345e-14	1.6937317585282306e-14	2.0543545287893733e-14	2.1772852704036887e-14	0.1594589620972203	4.394017695804024e-15	6.258168643019648e-15	3.022704050566926e-15	3.1304859205648552e-15	4.894451703655965e-15	2.2311809427696333e-14	1.4203312625597078e-06
K14152	HIS4; phosphoribosyl-ATP pyrophosphohydrolase / phosphoribosyl-AMP cyclohydrolase / histidinol dehydrogenase [EC:3.6.1.31 3.5.4.19 1.1.1.23]	0.0	0.0	0.0	0.0	0.0	0.0	0.0	0.0	0.0	0.0	0.0	0.0	0.0	0.0	3.5204972697803204e-06
K14153	thiDE; hydroxymethylpyrimidine kinase / phosphomethylpyrimidine kinase / thiamine-phosphate diphosphorylase [EC:2.7.1.49 2.7.4.7 2.5.1.3]	484.1695876159122	366.5397989961404	740.1258350196554	241.04737326333012	230.5822150880341	196.1404298276671	729.8678418159928	416.1916128758128	150.22884746333622	113.15619260273309	44.33154047246322	210.23109032083943	76.18423507886244	274.412041823809	41.72327435858906
K14154	THI6; thiamine-phosphate diphosphorylase / hydroxyethylthiazole kinase [EC:2.5.1.3 2.7.1.50]	92.64579271812556	27.552301982916465	69.51934442492455	12.785806871498451	33.634001784173485	49.14620227378599	131.8963496089486	52.01734777863812	7.816084667443722	9.876944932520676	4.812326189285712	0.9001875144496101	15.22034144304539	1.703083190115379	0.0
K14155	patB, malY; cystathione beta-lyase [EC:4.4.1.8]	55651.65507635854	44029.0887840956	129061.85103786994	38336.32697868291	32239.284675671544	28734.51648584717	18120.544754923627	85154.7269630512	35238.42463072087	15975.120055335286	2912.794425516437	5970.85148002992	7796.572485445267	7721.716278485783	1731.961614979668
K14157	AASS; alpha-aminoadipic semialdehyde synthase [EC:1.5.1.8 1.5.1.9]	0.0	0.0	0.0	0.0	0.0	0.0	0.0	0.0	0.0	0.0	0.0	0.0	0.0	0.0	3.33408241278684
K14159	rnhA-dnaQ; ribonuclease HI / DNA polymerase III subunit epsilon [EC:3.1.26.4 2.7.7.7]	6.16318057026144e-16	2.7335519521481803e-15	6.573326870837363e-16	1.2879197421017322e-14	6.445009770306213e-15	7.817510589401971e-15	46.00000000000001	8.000000000000002	1.6720716597641101e-15	2.381443852629461e-15	1.1502406518830173e-15	1.1912552819406097e-15	1.862503647079601e-15	133.99	0.0
K14160	imuA; protein ImuA	9.743118041185566	24.992990967839216	34.12602627534852	53.48598595374276	386.23918386942455	153.96812513916078	983.5869494645744	175.0	482.9560109767352	213.44764228864847	70.69500000000001	2083.4338646437964	152.0416994888655	1017.7735670899252	81.1024430631867
K14161	imuB; protein ImuB	7.972056368375878	20.62611793540793	554.7777960830668	1321.876114087819	1297.2012963845211	573.3197390007185	1111.502787625401	208.4413256136134	489.0412623833634	335.7125387378375	125.32726992614664	2278.190720151644	200.3473177849951	1110.665603669019	81.21554646275987
K14162	dnaE2; error-prone DNA polymerase [EC:2.7.7.7]	94.99567337333109	140.33075986460491	876.4259524901473	1435.0940579860446	1468.013331669886	689.8060408113811	1429.4057252484708	261.8766482417056	528.3041917176706	367.175068202752	151.91465909699255	2369.577962279707	231.30580777620168	1231.8090527642603	59.63578554106661
K14164	glyQS; glycyl-tRNA synthetase [EC:6.1.1.14]	0.6914316684030329	3.22212106073352	4.5448342520773926	0.0068156137566196	3.047029595606233	0.6545245072053207	22.747426741848827	1.017792940038716	1.6274038848859609	2.644628798124268	0.0006087022159939	0.0006304069750488	3.1098775254360684	0.0044930789168481	0.0
K14165	K14165; atypical dual specificity phosphatase [EC:3.1.3.16 3.1.3.48]	5.79925754603228e-05	4.124675958199678e-05	8.422110808708838e-07	5.6708642682121375e-05	7.140014629649633	7.1400220118233	3.293969889533955e-05	1.6434222490210133e-05	4.86004387740998	8.420020028485522	1.4737520919306109e-06	76.8600015263023	2.3863429288631285e-06	19.787652091867333	2.334305961497444e-06
K14166	ycnJ; copper transport protein	0.954182241152528	4.392109790765375	8.051862718714773	9.983827511607371	24.889097962064525	7.825899417670582	68.11777684235585	5.857640725998013	2.5869455503295518	2.6306050953377023	2.104444546945171	3.7607723846280776	23.772511738808635	33.70000729741796	1.641148260590948
K14168	CTU1, NCS6; cytoplasmic tRNA 2-thiolation protein 1 [EC:2.7.7.-]	0.0001868587934285	0.0005248446460316	3.542281797629352e-05	0.0006744408405949	0.0003254360396919	0.000982342560067	0.0083496543625778	0.0007387278226838	0.0005063796455214	0.0003792670157288	0.0004537499108557	0.0009474963786283	0.0008531356248644	0.0026696141011733	9.98535805807016e-05
K14170	pheA; chorismate mutase / prephenate dehydratase [EC:5.4.99.5 4.2.1.51]	35520.28043874071	37040.29729300366	27133.007246595906	24829.94518243231	84855.08372391107	48415.11805511854	13729.955342060735	42360.8635962171	13846.81624357665	6706.763659664752	5243.072426214099	4869.942886789271	5645.237081109824	37006.130616047885	973.9604038172214
K14187	tyrA; chorismate mutase / prephenate dehydrogenase [EC:5.4.99.5 1.3.1.12]	20.90147810822065	77.84366827224714	36.70605636176413	75.78949764074551	157.68686527900894	159.58603477408138	138.27799813465194	88.13351010352264	75.87854034535138	74.73138423156749	32.765151076233394	28.68144130838507	77.69422942865307	73.72437527743624	17.124257337501252
K14188	dltC; D-alanine--poly(phosphoribitol) ligase subunit 2 [EC:6.1.1.13]	3861.881452794336	6544.486248675836	16950.74030638008	1824.936857898771	12318.432799785229	10623.091539905538	2620.3914730705	14761.671985585206	837.3607432260427	1927.355157076053	528.3527003727588	348.0325789958647	257.1017273632659	1534.2359914008323	53.95618521972631
K14189	dltE; uncharacterized oxidoreductase [EC:1.-.-.-]	9.998013763987666	12.387068203671928	38.37225346878999	8.839643090433059	55.828754507240845	16.161456552362836	294.0226635820263	76.71589378476047	154.24571875061787	63.24765260030023	17.622370473390028	634.3673355278163	51.45014849472621	379.29470517222165	21.052761568695896
K14191	DIM1; 18S rRNA (adenine1779-N6/adenine1780-N6)-dimethyltransferase [EC:2.1.1.183]	0.0	0.0003111035149289	0.0	0.0	0.0	0.0	0.0	0.0	0.0	0.0	0.0	0.0	0.0	0.0	0.0
K14192	clfB; clumping factor B	47.08973397250743	55.814220241074175	713.0007579505218	0.0061593010766573	165.34810174490852	163.01148902235167	319.02695669908303	127.32942509398754	0.0011527169819482	0.0064992725710099	60.36457809710429	0.3834401272533891	30.00063610658589	10.126510760214524	0.0002209806498616
K14193	isdA; iron-regulated surface determinant protein A	5.62036700413608e-10	2.492798161727994e-09	5.994390239111268e-10	1.1744880001425904e-08	5.877374488936501e-09	7.128994205226645e-09	7.555280734507666e-09	1.6257368715084692e-09	1.5248062713649514e-09	2.1717014938852534e-09	1.0489348045152364e-09	1.086337128012755e-09	1.698466225967683e-09	7.742614913303329e-09	0.0
K14194	sdrC_D_E; serine-aspartate repeat-containing protein C/D/E	1.840426650912092	1.4940422135625924	0.7052122833070853	13.15184042729371	13.349396308464575	2.001558332150513	0.7835578042674793	0.2164426691505571	1.1366842523825778	1.6901289777567587	0.0401373904385454	0.4245402219830468	20.36197919784009	39.18977314284042	0.0023634609563847
K14195	sasG; surface protein G	1.833213778076472	1.479802836221629	0.7046035284605551	13.13358571431738	3.3521663137338646	1.977525336247029	0.5513354126607312	0.1984134493648447	1.1225141644007557	1.6805060995040888	0.0185559093727028	0.4021474465522861	40.34183889997582	0.92728125723982	0.0
K14196	spa; immunoglobulin G-binding protein A	1.135779252936902e-09	5.037515222344635e-09	1.211362899002816e-09	2.3734377175078306e-08	3.33000001187716	1.44064679524401e-08	1.5267919518516756e-08	3.2853338723877246e-09	3.081370534148216e-09	4.388634227109668e-09	2.119716359759245e-09	2.1953000058251594e-09	3.432307356171767e-09	1.56464895896269e-08	0.0
K14197	sbi; immunoglobulin G-binding protein Sbi	1.1441080352389904e-09	5.074455822837097e-09	1.2202459437040928e-09	2.3908423725106185e-08	3.330000011964257	1.4512112015762814e-08	1.5379880691910904e-08	3.3094255526522223e-09	3.103966530953617e-09	4.420816518683125e-09	2.135260450793624e-09	2.2113983592587264e-09	3.457476807620622e-09	1.5761226855030302e-08	0.0
K14198	sak; staphylokinase	3.3976031640247623e-10	1.5069369874474979e-09	3.623706286051366e-10	7.099970771405098e-09	3.330000003552968	4.309592816655465e-09	4.567289949173763e-09	9.82784350994164e-10	9.217701634611839e-10	1.312828835111991e-09	6.34098130612108e-10	6.567084428147683e-10	1.0267504273458072e-09	4.680536503738212e-09	0.0
K14199	scn, scin; staphylococcal complement inhibitor	8.830339829743275e-10	3.916515572527292e-09	9.417979794645975e-10	1.845275968559069e-08	4.995000009234133	1.120059267127846e-08	1.187034518310252e-08	2.554247620946972e-09	2.395672300539725e-09	3.4120302438711714e-09	1.6480152944280231e-09	1.7067792909182932e-09	2.668515054906376e-09	1.2164671952026016e-08	0.0
K14200	fib, efb; fibrinogen-binding protein	4.658788523385797e-10	2.06630980831486e-09	4.968820795886812e-10	9.73546960882086e-09	4.871825059920033e-09	5.909307410379496e-09	6.262661344175436e-09	1.347592474558162e-09	1.2639299092379566e-09	1.8001489917805806e-09	8.694744356479376e-10	9.004776628980392e-10	1.4078786945894332e-09	6.417944855300042e-09	0.0
K14201	clfA; clumping factor A	33.87071300780574	3.823041442059506	19.09989188241252	8.808324927239434	5.744303821591701	4.359186445314232	30.218784633092	113.28230891499268	7.518196786617049	5.036598682342484	6.361669263165795	147.40909559870147	42.89090692938997	0.0111989481455161	0.0002210969452369
K14202	chp, chips; chemotaxis inhibitory protein	1.2098001019470583e-10	5.365819470459173e-10	1.2903096749821568e-10	2.528119073474121e-09	3.330000001265122	1.534536429723578e-09	1.6262958266105274e-09	3.4994451989392164e-10	3.2821891901174667e-10	4.674649692391061e-10	2.2578622223503924e-10	2.3383717953854907e-10	3.655997218361699e-10	1.666620045373889e-09	0.0
K14203	flr, flipr; FPRL1 inhibitory protein	3.3659249374449376e-10	1.4928867617368146e-09	3.589919942194691e-10	7.033772786546777e-09	3.330000003519842	4.269411473772833e-09	4.5247059159948306e-09	9.736211662880914e-10	9.131758566269351e-10	1.300588415236134e-09	6.281859909990821e-10	6.505854914740574e-10	1.0171773162118216e-09	4.636896593859827e-09	0.0
K14204	eap, map; protein Map	3.744332239252527e-10	1.6607215358069467e-09	3.9935094292681437e-10	7.824530462713265e-09	3.3300000039155524	4.749391421668852e-09	5.033386825095596e-09	1.083078556267054e-09	1.0158378049484362e-09	1.446804436721538e-09	6.988085302134394e-10	7.23726249215001e-10	1.1315314182316312e-09	5.1581903129572094e-09	0.0
K14205	mprF, fmtC; phosphatidylglycerol lysyltransferase [EC:2.3.2.3]	1639.283243583409	7386.379148965104	16053.237444978668	768.4000435937061	4826.268837578302	3611.2821073698415	2547.285087823764	9581.478558695757	695.3639723696417	1372.0540757341694	490.4376762190774	751.0502662647336	127.75913750824309	1913.621603547586	78.88579381222964
K14211	ELN; elastin	0.0007291458555692	0.0168128797806745	0.0004934782583784	0.0026317506108398	0.0022090171713971	0.0038332207614084	0.034084197744212	0.0028826062740767	0.001975955282071	0.0014799462610172	0.0017705876233853	0.0036972467014659	0.003329039504615	0.0104171605848661	0.000389640878592
K14213	PEPD; Xaa-Pro dipeptidase [EC:3.4.13.9]	0.0	0.0	0.0	0.0	0.0	0.0	0.0	0.0	0.0	0.0	0.0	0.0	0.0	0.0	0.2224501458953943
K14214	NFKBID; NF-kappa-B inhibitor delta	0.0	0.0002211559689549	0.0	0.0	0.0	0.0	0.0	0.0	0.0	0.0	0.0	0.0	0.0	0.0	0.0
K14215	E2.5.1.86; trans,polycis-decaprenyl diphosphate synthase [EC:2.5.1.86]	0.0	0.0391075221253702	1.976086997923877e-09	0.0	5.223851432997505e-09	0.0	8.359409035381448e-09	0.0	0.0	0.0	0.0	0.0	0.0	0.0	0.0
K14244	oxyD; amidotransferase [EC:6.3.5.-]	0.0	0.0089680340392539	0.0631659688974467	0.0	0.1669813310285817	0.0	0.2672099819920382	0.0	1.5974526294457378	0.0	0.0	0.0	0.0	0.0	0.0
K14249	oxyK; bifunctional cyclase/aromatase [EC:4.2.1.-]	0.0	0.0031539812473746	0.0002284284524828	0.0	0.0006038581803805	0.0	0.0009663172075063	0.0	0.0	0.0	0.0	0.0	0.0	0.0	0.0
K14250	oxyN, snoaM, dpsY, aknW, mtmY; cyclase	1.1829224128002411e-14	0.1183298097552298	0.4312821870042203	2.471952770897671e-13	1.1401087467178717	1.500444191612342e-13	1.8244460970747411	1.1646445154736924	3.2092699858364864e-14	4.5707946992395935e-14	2.2077001180068674e-14	2.2864210391201332e-14	3.5747732569827854e-14	1.6295933535813186e-13	0.0
K14251	oxyF; C-methyltransferase [EC:2.1.1.-]	0.0	0.0010915981267684	0.1197898551133474	0.0	0.3166684497949059	0.0	0.5067450968675045	0.0	0.0	0.0	0.0	0.0	0.0	0.0	0.0
K14252	oxyL; 6-methylpretetramide 4-monooxygenase / 4-hydroxy-6-methylpretetramide 12a-monooxygenase [EC:1.14.13.232 1.14.13.233]	0.0	0.0267823119755798	0.4376623868856413	0.0	1.1569750164358596	0.0	1.851436153986262	0.0	0.0	0.0	0.0	0.0	0.0	0.0	0.0
K14253	oxyE; 6-methylpretetramide 4-monooxygenase [EC:1.14.13.232]	0.0	0.0359057917431297	0.3875984690020299	0.0	1.0246293912419593	0.0	1.6396515676079564	0.0	0.0	0.0	0.0	0.0	0.0	0.0	0.0
K14254	oxyQ; aminotransferase	0.0	3.055054980609534e-09	0.0	0.0	0.0	0.0	0.0	0.0	0.0	0.0	0.0	0.0	0.0	0.0	0.0
K14255	oxyT, ctcO, cts6; 4-amino-anhydrotetracycline N4-methyltransferase [EC:2.1.1.335]	0.0	0.0039342523618826	3.616433091669822e-07	0.0	9.560160665045145e-07	0.0	1.5298538725328804e-06	0.0	0.0	0.0	0.0	0.0	0.0	0.0	0.0
K14256	oxyS, cts8; anhydrotetracycline 6-monooxygenase / 5a,11a-dehydrotetracycline 5-monooxygenase [EC:1.14.13.38 1.14.13.234]	0.0	0.0319716462699381	0.0001510939309208	0.0	0.0003994218110779	0.0	0.0006391702251259	0.0	0.0	0.0	0.0	0.0	0.0	0.0	0.0
K14257	ctcP, cts4, prnC; tetracycline 7-halogenase / FADH2 O2-dependent halogenase [EC:1.14.19.49 1.14.19.-]	0.0399798505212684	0.2590887023461081	0.9786700895982372	0.1932073922848512	2.654838713145374	0.2311903609726134	5.798649107462227	0.1550554027281686	0.1083523574186398	0.0863361292357417	0.0954933755200341	0.1938473720193994	0.1781678189234298	0.5697390710838746	0.4302571032029931
K14259	kdxD; 2-dehydro-3-deoxy-D-arabinonate dehydratase [EC:4.2.1.141]	1.0608246740527578	4.806740919211356	1.1314202553757338	22.16805146228745	11.093339405595998	13.45572797676382	14.26032893969008	17.870576497251328	2.8780186678624453	4.09901084325344	1.979827867665666	2.0504234492865363	3.20579577686065	14.613915667253334	0.0565213325307799
K14260	alaA; alanine-synthesizing transaminase [EC:2.6.1.66 2.6.1.2]	4087.7621878272976	8596.884872433304	2605.196582201505	1786.8228501434537	1992.9728624421775	1676.1970942743983	2026.3980366110893	7599.629603636346	1788.728577989264	1104.4438215452633	205.3924164321803	1550.1288382471723	1377.1633033757832	1075.51990534102	203.61673139320385
K14261	alaC; alanine-synthesizing transaminase [EC:2.6.1.-]	213.8398730377935	258.1735047943918	1072.7690114941297	268.7961112007652	422.3183528578127	514.9546966593114	684.5814632764892	984.668699411639	464.8685774399813	243.24174028548856	69.22331887651428	1211.6781590625274	217.2524473712694	635.8300541505891	23.855244035031586
K14266	prnA, rebH, ktzQ; tryptophan 7-halogenase [EC:1.14.19.9]	0.0657707352874969	0.8648064934322635	1.674348073817858	0.2388330731017502	4.508315785120778	24.446578373512335	21.46622624528436	0.2599295883219604	0.1782362416744356	2.9336478451656545	0.1596644224656902	26.342559431840563	0.3001586572798586	62.96530422436187	111.32498142027184
K14267	dapC; N-succinyldiaminopimelate aminotransferase [EC:2.6.1.17]	200.3014071165541	218.84928843668575	1501.5020044491484	1447.4021808117727	1221.0549469897596	609.3888048415381	1095.6263593400213	786.2321935250694	346.1264307682917	246.06905697125688	113.88664042832109	1068.7742135706485	134.59715329777242	690.5873364551605	56.56659587308344
K14268	davT, gabT; 5-aminovalerate/4-aminobutyrate aminotransferase [EC:2.6.1.48 2.6.1.19]	0.0	0.0	5.19	10.38	27.87	83.88	93.57306200640376	5.46	6.56	19.13	0.0	103.01	3.28	35.79	0.0
K14270	ACS10_12; aminotransferase	0.0	2.930781866947835e-11	1.026859726733196e-07	0.0	2.7145377003230857e-07	0.0	4.3439081815432667e-07	0.0	0.0	0.0	0.0	0.0	0.0	0.0	0.0009210136966782
K14273	xdh; D-xylose 1-dehydrogenase (NADP+) [EC:1.1.1.179]	0.0	0.0060617576436617	0.0	0.0	0.0	0.0	0.0	0.0189687006357872	0.0	0.0	0.0	0.0	0.0	0.0	0.0
K14274	xylC; xylonolactonase [EC:3.1.1.-]	48.02046783058273	47.585901711398975	49.93863060269372	44.20096467206013	10.27148256779724	10.792588417409	12.385717698303036	40.479302095659314	8.63049386383821	10.471418078337551	1.554339203201596	1.1942591404244025	5.12841323788395	1.8476173455765683	4.286675464468269
K14275	xad; D-xylonate dehydratase [EC:4.2.1.82]	0.0	0.0	0.0	0.0	0.0	0.0	0.0	0.0	0.0	0.0	0.0	0.0	0.0	0.0	1.1034273572262007e-06
K14286	AGXT2L1, ETNPPL; ethanolamine-phosphate phospho-lyase [EC:4.2.3.2]	0.0	0.0	0.0	0.0	0.0	0.0	0.0	0.0	0.0	0.0	0.0	0.0	0.0	0.0	1.0154296363246421e-15
K14287	ybdL; methionine transaminase [EC:2.6.1.88]	14.000005604174827	71.8617522206971	42.3086629905852	132.51588795059868	425.7735023176184	338.6405178705336	662.0712951878858	145.08258512228656	256.4965098040302	196.20481946119955	62.81411406915143	916.4998164272524	128.30447754584344	688.4866886296679	68.40106696598701
K14297	NUP98, ADAR2, NUP116; nuclear pore complex protein Nup98-Nup96	0.0972165646452589	0.4311840729597745	0.1036861161843373	2.0315343910267263	1.016620723393345	1.2331157831829591	1.3068513806995512	0.2812068207447564	0.2637486615065497	0.3756433672661089	0.1814362623593335	0.1879058138984119	0.2937869564977938	1.339254932442263	0.0
K14306	NUP62, NSP1; nuclear pore complex protein Nup62	0.0	2.0528151354976325e-18	0.0	0.0	0.0	0.0	0.0	0.0	0.0	0.0	0.0	8.280612786495148e-06	0.0	1.97471805792328e-05	0.0
K14314	NUP210, GP210; nuclear pore complex protein Nup210	0.8168682256692659	2.2944005304184154	0.1548536942659907	2.948372311877729	1.4226697894932887	4.294389412013808	36.50118476612019	3.2294080181939435	2.213679297411762	1.6579962254318388	1.9836041846217405	4.142056530692652	3.729550915700906	11.67043249094264	0.43651794865549
K14317	NUP214, CAN; nuclear pore complex protein Nup214	0.0	0.0015610173113004	0.0	0.0	0.0	0.0	0.0	0.0	0.0	0.0	0.0	0.0	0.0	0.0	0.0
K14323	CASC3, MLN51; protein CASC3	0.0010320321284502	0.004577366194684	0.0011007116283827	0.0215663736858187	0.0107922477287561	0.0130905171457936	0.0138732798974427	0.0029852368761118	0.0027999044556218	0.0039877568732498	0.0019260920472146	0.0019947715471471	0.0031187851487213	0.0142172696958522	0.0
K14326	UPF1, RENT1; regulator of nonsense transcripts 1 [EC:3.6.4.-]	1.6144813523381649e-06	7.160699904990155e-06	1.7219215849358324e-06	3.3737814156615266e-05	1.6883081667288018e-05	2.047842818235039e-05	2.170295969741104e-05	4.670018632106147e-06	4.380089928709923e-06	6.238332055793603e-06	3.013122951689944e-06	3.1205631842876114e-06	4.878937705283367e-06	2.224108743550823e-05	1.210477459174277e-07
K14327	UPF2, RENT2; regulator of nonsense transcripts 2	43.00524400489893	55.21911101974175	3.2696210583163663	41.69540608713907	67.37635985681698	79.72245373060974	4.881802577771398	51.77880520580433	0.1357447832965764	6.868738262443044	5.673933419828274	0.7557992868988521	49.793036727079055	0.0001095931410895	0.0751822962436804
K14330	K14330; fatty aldehyde-generating acyl-ACP reductase [EC:1.2.1.80]	3.1016292373812644	8.71178428023484	0.5879757965348499	11.194899590705695	5.401843376410145	16.30569452752274	144.46520558895762	12.261985487876323	8.405287677106749	6.295372260383724	7.53169794231365	15.727290197824257	14.161016182215327	44.31235478297029	1.657448275800283
K14331	K14331; fatty aldehyde decarbonylase [EC:4.1.99.5]	3.217674505000841	9.037729537024278	0.6099744957476302	11.61374885331921	5.603949531684775	16.915760573575042	149.65060712804387	12.72075901578174	8.719765579930792	6.530909167863322	7.813491102118768	16.31571565433633	14.690840602498971	45.970270244840606	1.7194605325886692
K14333	DHBD; 2,3-dihydroxybenzoate decarboxylase [EC:4.1.1.46]	75.81045301180268	19.663287481737047	25.204009293831056	29.60654655172677	10.39385773577751	33.44356675339893	218.59467494861912	28.627901359519143	13.76487436009182	10.140324850970044	19.26630410261584	41.10066387258596	25.804973978762558	95.6415382135066	2.595766866878729
K14335	pimC; alpha-1,6-mannosyltransferase [EC:2.4.1.-]	0.0	0.900759608152006	2.298065355952202	0.0	6.075011887343679	15.02504816955687	9.723361284428542	0.0	0.0	3.7037144012295046e-11	0.0	11.02133179024851	0.0	26.2831066610258	52.46154620126928
K14336	rlmA2; 23S rRNA (guanine748-N1)-methyltransferase [EC:2.1.1.188]	0.0	0.0101484517100261	7.293565433200394e-13	0.0	1.928078180764016e-12	0.0	3.08538525107941e-12	0.0	0.0	0.0	0.0	0.0	0.0	0.0	0.0
K14337	mptA; alpha-1,6-mannosyltransferase [EC:2.4.1.-]	0.2588015354568912	2.7303896579644578	518.636990352769	1256.666155460563	935.6530093449418	383.4610940717668	55.96422021066199	9.491682484516572	0.7020053440399445	107.43551822670534	61.47582548250814	94.40764687696957	39.02478053436578	9.375991559137734	0.0217002041325658
K14338	cypD_E, CYP102A2_3; cytochrome P450 / NADPH-cytochrome P450 reductase [EC:1.14.14.1 1.6.2.4]	0.0308943220786061	0.2219378041283818	1.939481547922825	0.6455985975143737	5.363049117674618	9.39187021578966	8.480471135466804	0.0893643395288706	0.0838163344499743	0.1193752033653787	0.0576583871948317	0.0597143373272167	0.0933621640474098	0.4256000341012973	0.0158442924076862
K14339	mptB; alpha-1,6-mannosyltransferase [EC:2.4.1.-]	0.0	1.507844003839831	518.0967040857346	1251.96	932.507848655664	380.48	49.94801318287068	0.0	0.0	106.51	60.97	93.78	38.18	5.36	0.0
K14340	K14340; mannosyltransferase [EC:2.4.1.-]	0.0	0.223597080218192	1.7553534976261218	0.0	4.640335113598392	0.0	7.425643660304824	0.0	0.0	0.0	0.0	0.0	0.0	0.0	0.0
K14347	SLC10A7, P7; solute carrier family 10 (sodium/bile acid cotransporter), member 7	37.193083904615165	492.1752558244383	3006.7143368114166	3118.043039131464	593.5024355651166	710.9168672139838	748.7084264206453	514.3455085955018	2445.008836266152	472.65130610913536	76.3781998681051	983.7280465004476	224.31902772648417	1142.4721483725111	28.62133469061218
K14348	lldR; GntR family transcriptional regulator, L-lactate dehydrogenase operon regulator	20.33289901284788	58.81138884727147	34.383951137886285	80.15690271064058	166.0341626472764	167.76910934994817	133.04100379625186	82.6216618078057	83.35691143666332	86.90621931868122	32.51516904971585	103.22734909472793	74.30986940046317	246.8273112207683	15.42
K14356	SLCO5A; solute carrier organic anion transporter family, member 5A	6.099627215545432e-96	1.4553889937091856e-95	2.996553995136979e-95	3.970363965118818e-95	7.941008243988351e-95	1.557142885218514e-94	2.6968985956232808e-95	2.568514897796084e-95	1.0489340551732998e-95	3.638752798023679e-95	3.851510934815911e-96	2.183083490563778e-95	4.2916035234375246e-95	2.890034769865505e-96	5.244670275866499e-96
K14358	SCRN; secernin	6.665891657347165	7.036854646821663	397.4178654952549	959.8261483664146	735.5807710376272	314.7754421691841	39.17195867915102	20.826498780639778	20.757277823054864	88.55467872888717	37.78383889761956	72.91546272183056	29.928870363951187	7.129511087714188	0.0141565034322638
K14366	eryF, CYP107A; 6-deoxyerythronolide B hydroxylase [EC:1.14.13.188]	0.0	0.0095882686391545	0.0729498364610013	0.0	0.1928453090041614	0.0	0.3085985195400721	0.0	0.0	0.0	0.0	0.0	0.0	0.0	0.0
K14367	eryBV; erythronolide mycarosyltransferase [EC:2.4.1.328]	0.0	0.004063080771335	0.0	0.0	0.0	0.0	0.0	0.0	0.0	0.0	0.0	0.0	0.0	0.0	0.0
K14368	eryCIII; 3-alpha-mycarosylerythronolide B desosaminyl transferase [EC:2.4.1.278]	0.0	0.0639452045240425	0.0069953415273908	0.0	0.0184924170345536	0.0	0.0295922807199719	0.0	0.0	0.0	0.0	0.0	0.0	0.0	0.0
K14369	eryG; erythromycin 3''-O-methyltransferase [EC:2.1.1.254]	0.0	0.0070310850282295	0.0069242829551629	0.0	0.018304571345194	0.0	0.0292916827850898	0.0	0.0	0.0	0.0	0.0	0.0	0.0	0.0
K14370	eryK, CYP113A; erythromycin 12 hydroxylase [EC:1.14.13.154]	0.0	0.0070204820233198	3.2742643864718633e-13	0.0	8.655626359190606e-13	0.0	1.3851067956652268e-12	0.0	0.0	0.0	0.0	0.0	0.0	0.0	0.0
K14371	aveA; type I polyketide synthase AVES	2.638398496138402e-10	0.0872927356498457	9.383719104050028	9.52293262152647e-10	24.80617226907783	1.3870426355740427e-09	39.69579596908922	1.0430648409220863e-09	7.14995141895584e-10	5.355153512304251e-10	6.406832991149784e-10	1.337840716297421e-09	1.204605739095171e-09	3.769427009865675e-09	1.4099070854744808e-10
K14372	aveE, CYP171A; cytochrome P450 hydroxylase [EC:1.14.-.-]	0.0	0.0017472705217105	0.938226530818901	0.0	2.480232911123782	0.0	3.96896459882696	0.0	0.0	0.0	0.0	0.0	0.0	0.0	0.0
K14373	aveF; C-5 ketoreductase	0.0	0.0017472705217105	0.938226530818901	0.0	2.480232911123782	0.0	3.96896459882696	0.0	0.0	0.0	0.0	0.0	0.0	0.0	0.0
K14374	aveD; avermectin B 5-O-methyltransferase [EC:2.1.1.-]	0.0	0.0544703574259528	0.938229501287876	0.0	2.480240763656909	0.0	3.968977164754076	0.0	0.0	0.0	0.0	0.0	0.0	0.0	0.0
K14375	aveBI; dTDP-L-oleandrosyltransferase [EC:2.4.1.-]	0.0	0.0321151204212169	2.190025140490615e-07	0.0	5.789403999151847e-07	0.0	9.264428117974492e-07	0.0	0.0	0.0	0.0	0.0	0.0	0.0	0.0
K14376	PAP; poly(A) polymerase [EC:2.7.7.19]	0.0006180530771498	0.001735973151456	0.0001171643102786	0.0022307766695741	0.00107641038485	0.0032491906370826	0.0276172690470763	0.0024434119240981	0.0016748984213057	0.0012544614135179	0.0015008206117312	0.0031339336065199	0.0028218265166911	0.008830000342818	0.0003302751324139
K14379	ACP5; tartrate-resistant acid phosphatase type 5 [EC:3.1.3.2]	0.0	0.0	0.0	0.0	0.0	0.0	0.0	0.0	0.0	0.0	0.0	0.0	0.0	0.0	0.2801273686857582
K14386	SLC5A6, SMVT; solute carrier family 5 (sodium-dependent multivitamin transporter), member 6	0.0	0.0	0.0	0.0	0.0	0.0	0.0	0.0	0.0	0.0	0.0	0.0	0.0	0.0	0.0002020008405235
K14387	SLC5A7, CHT1; solute carrier family 5 (high affinity choline transporter), member 7	0.0120221743590432	0.4987168804920485	0.0128222239895916	0.2512273577495444	0.1257192294157822	0.1524918413277499	0.1616102689645154	0.0347751172064337	0.0326161740765717	0.0464535038300343	0.0224371061567171	0.0232371557872655	0.0363308251872217	0.1656174168237782	0.0161266124330012
K14392	panF; sodium/pantothenate symporter	926.416921360246	2835.708612108133	1164.438034690107	1713.5561495183606	4722.801189168415	3122.822869760387	705.2660812900083	1239.5715349173931	581.7798841932572	1376.2621975697102	405.7228490604443	641.936992923639	248.44901042873056	1487.006780529567	127.80264665455483
K14393	actP; cation/acetate symporter	97.20430143517984	151.5022413051258	675.3712726455565	1635.6701736894368	1794.204692145114	1122.1912106421094	1337.511288566749	232.02822958848063	333.20357987184974	423.2486441718226	183.9371447396308	1215.3773422340494	273.2470801573919	950.4881489668476	129.68040134592178
K14394	ACP1; low molecular weight phosphotyrosine protein phosphatase [EC:3.1.3.2 3.1.3.48]	0.0	0.0	0.0	0.0	0.0	0.0	0.0	0.0	0.0	0.0	0.0	0.0	0.0	0.0	2.1240000324136968e-05
K14398	CPSF6_7; cleavage and polyadenylation specificity factor subunit 6/7	0.0	7.470694707109295e-11	2.6175115971488024e-07	0.0	6.919478606973806e-07	0.0	1.107281719803326e-06	0.0	0.0	0.0	0.0	0.0	0.0	0.0	0.0
K14399	CLP1, HERB; polyribonucleotide 5'-hydroxyl-kinase [EC:2.7.1.78]	0.0004637508058717	0.0013025725099081	8.791323159771689e-05	0.0016738440701658	0.000807675265893	0.0024380022235741	0.0207223800836357	0.0018333931029074	0.0012567456119073	0.000941274322485	0.0011261278260582	0.0023515201028923	0.0021173332348423	0.0066255147433514	0.0002478191024025
K14405	FIP1L1, FIP1; pre-mRNA 3'-end-processing factor FIP1	0.0	0.0	0.0	0.0	0.0	0.0	0.0	0.0	0.0	0.0	0.0	0.0	0.0	0.0	1.522583896993809e-06
K14407	CSTF2, RNA15; cleavage stimulation factor subunit 2	106.0175228157119	2.710999365838484	0.3581498065793656	3.2830701835297225	35.19039982924072	18.65565827819544	232.78780050923007	15.862432709765235	49.58195938076412	17.22354801274936	3.1439427702491827	171.1298210374895	4.672427497830701	152.91710290933003	22.82404672543652
K14411	MSI; RNA-binding protein Musashi	0.0	0.0126650090916945	0.0	0.0	0.0	0.0	0.0	0.0	0.0	0.0	0.0	0.0	0.0	0.0	0.0
K14414	rtcR; transcriptional regulatory protein RtcR	196.85	225.11	981.984352771862	178.38870554372414	215.25516604080852	173.3380559737556	382.2954862029577	802.06166829945	367.5550048240062	138.56995783951723	47.12	758.6350826646461	123.72351368940826	374.6353442941259	15.42
K14415	RTCB, rtcB; tRNA-splicing ligase RtcB (3'-phosphate/5'-hydroxy nucleic acid ligase) [EC:6.5.1.8]	5720.623001210835	3328.762059722119	16464.976850237104	3392.3650559209527	2365.125739819513	1967.57715223304	4517.913824725614	6862.984702789901	4682.896828896901	2148.4844605781427	336.96497647896155	2176.0827530302918	605.6673336214993	1517.6552913164146	164.14958548804785
K14421	cis-caaD; cis-3-chloroacrylic acid dehalogenase [EC:3.8.1.-]	0.0	0.0001907826994664	9.307891698251983e-10	0.0	2.4605720009890108e-09	0.0	3.937502450270004e-09	0.0	0.0	0.0	0.0	0.0	0.0	0.0	0.0
K14422	msaD; malonate semialdehyde decarboxylase [EC:4.1.1.-]	5.332007749693844e-13	2.3649023465860506e-12	5.686841301663961e-13	1.1142295714984752e-11	5.575829176244227e-12	6.763233134387433e-12	7.167648553530665e-12	1.542326611672687e-12	1.4465743695592366e-12	2.060279904656827e-12	9.951180238733428e-13	1.030601379070355e-12	1.6113245047500229e-12	20.000000000007343	0.0
K14424	SMO2; methylsterol monooxygenase 2	0.0014981896917845	0.006644912168283	0.0015978909665794	0.0313076675178542	0.0156669873472706	0.0190033597862953	0.0201396878649505	0.0043336355448935	0.0040645905081381	0.0057889828001925	0.0027960866440256	0.0028957879188205	0.004527506103634	0.0206390540725039	0.0
K14437	CHD7; chromodomain-helicase-DNA-binding protein 7 [EC:3.6.4.12]	1.5698570466550156e-05	6.962777977305575e-05	1.674327628488267e-05	0.0003280530011436	0.0001641643286016	0.0001991240390601	0.0002110308933881	4.540939198216559e-05	4.2590241315637615e-05	6.065904398944202e-05	2.929840156591447e-05	3.034310738424698e-05	4.744083742892104e-05	0.0002162634321253	7.134186309938564e-06
K14439	SMARCAD1; SWI/SNF-related matrix-associated actin-dependent regulator of chromatin subfamily A containing DEAD/H box 1 [EC:3.6.4.12]	3.80922843113045e-05	0.0001689504909335	4.0627243262525e-05	0.0007960144024175	0.0003983416384293	0.000483170714509	0.0005120624715086	0.0001101850307627	0.0001033444149923	0.0001471880229235	7.109201724409236e-05	0.000924674440234	0.0001151142947161	0.0025542934613582	0.0
K14440	SMARCAL1, HARP; SWI/SNF-related matrix-associated actin-dependent regulator of chromatin subfamily A-like protein 1 [EC:3.6.4.12]	267.25372193183074	40.49936500545575	166.07420382127404	0.2616336172955263	14.270152629620071	0.1519369107607645	0.1639942641410741	313.9837438540636	0.140413134958794	0.0704915951623049	0.021799088048587	58.526964360330695	0.0352977274164641	0.1644603770248997	0.002743941187385
K14441	rimO; ribosomal protein S12 methylthiotransferase [EC:2.8.4.4]	52958.58136056436	47444.72403423215	97020.92483153452	39499.55273381887	85731.83146612535	49711.15714195199	18823.672404366414	70030.42937440667	31198.82682551452	12145.037972652215	5403.108323961241	6354.240016136171	6280.954863320374	37564.47328029508	1539.5817179812702
K14445	SLC13A2_3_5; solute carrier family 13 (sodium-dependent dicarboxylate transporter), member 2/3/5	9415.001823675962	5285.529063542712	36399.46740822938	8344.106631616465	1382.550137148804	1743.3965593510948	1161.658434765306	16568.84099069182	11214.708591841283	1809.3485670655152	227.110773084466	488.26320653482674	1325.122452165609	1098.0253518610575	164.7597057897571
K14446	ccr; crotonyl-CoA carboxylase/reductase [EC:1.3.1.85]	118.10756215484489	319.2160451363954	216.9733681659963	154.0609324989002	79.8434736937458	45.11144691735588	120.4087676940192	196.06385451021487	153.40303261631294	87.69894760789128	5.274240952425641	11.26472742405953	29.343788804057404	140.85494668087347	14.020570422540327
K14447	ecm; ethylmalonyl-CoA mutase [EC:5.4.99.63]	7.34	1.270826747344609	559.6180242756036	1257.96	960.5482786844032	380.48	62.09451278733267	0.0	0.0	106.51	49.57	94.21730113453086	38.18	6.402853312156761	0.0002379948039948
K14448	mcd; (2S)-methylsuccinyl-CoA dehydrogenase [EC:1.3.8.12]	7.34	1.9143432006818105e-17	38.65	6.0	20.45	12.050096339113647	11.5	0.0	0.0	0.0	0.0	0.8693712647516018	0.0	2.073231993584409	0.0002379948039948
K14449	mch, mcd; 2-methylfumaryl-CoA hydratase [EC:4.2.1.148]	7.391332774473412	0.1224815096810464	38.902181690772416	6.33413484266609	21.118293275761623	1.3104483556976363	0.2269635216951747	0.2161591050091348	0.0882753869850685	0.3062273646320615	0.0324132500581197	0.6210233990791577	0.3611694748106356	1.0671750449788346	0.0441376934925342
K14451	mcl2; (3S)-malyl-CoA thioesterase [EC:3.1.2.30]	1.1634711330964811e-05	5.160336859981098e-05	1.2408976137303528e-05	0.0002431305434909	0.0001216674204948	0.000147577177072	0.0001564017266233	3.365434888182067e-05	3.156498639665434e-05	4.495635242286789e-05	2.1713979970624167e-05	0.5700970567178144	3.515991790213134e-05	1.3596448658959277	0.0
K14459	HEX; hexosaminidase [EC:3.2.1.52]	0.0	0.0003052395325839	0.0	0.0	0.0	0.0	0.0	0.0	0.0	0.0	0.0	0.0	0.0	0.0	0.0
K14469	K14469; acrylyl-CoA reductase (NADPH) / 3-hydroxypropionyl-CoA dehydratase / 3-hydroxypropionyl-CoA synthetase [EC:1.3.1.84 4.2.1.116 6.2.1.36]	0.0100447592644635	0.0445514632959522	0.0107132162089792	0.2099053177799899	0.1050408484090466	0.1274098836189157	0.1350285063194626	0.0290552832041878	0.0272514444511075	0.0388128011645857	0.0187466362743196	0.0194150932188353	0.0303551073197038	0.1383765558803251	0.0
K14470	mct; 2-methylfumaryl-CoA isomerase [EC:5.4.1.3]	3.7431180411855673	0.2448393063108407	19.998720842337537	0.5774110874483354	1.5503320816170625	16.71611194751118	15.208670250499086	0.3037249072705116	0.3649149069037649	1.064149720894668	0.0	6.162235459512949	0.1824574534518824	3.0212787604041336	0.0002379948039948
K14471	smtA1; succinyl-CoA:(S)-malate CoA-transferase subunit A [EC:2.8.3.22]	4.786262153169406	0.0	25.202865425067785	0.0	0.0	0.0	0.0	0.0	0.0	0.0	0.0	0.0	0.0	0.0	0.0
K14472	smtB; succinyl-CoA:(S)-malate CoA-transferase subunit B [EC:2.8.3.22]	7.34	0.0	38.65	0.0	0.0	0.0	0.0	0.0	0.0	0.0	0.0	0.0	0.0	0.0	0.0
K14475	ICP; inhibitor of cysteine peptidase	1076.6222573835432	1559.8951266322997	639.5985895103411	1706.506451021294	514.727332731881	689.2608016894435	371.6561585930469	3958.537036759924	550.6917145120417	650.5716812676687	75.09700785583814	193.37779209207267	1702.5595849930155	88.71172819360181	23.287530232765253
K14479	EP; procyclin	0.0	6.052245825535223e-13	0.0	0.0	0.0	0.0	0.0	0.0	0.0	0.0	0.0	0.0	0.0	0.0	0.0
K14481	styA; styrene monooxygenase [EC:1.14.14.11]	0.0	1.5996800852659305e-14	0.0	0.0	0.0	0.0	0.0	0.0	0.0	0.0	0.0	0.0	0.0	0.0	0.0
K14482	styB; styrene monooxygenase reductase component [EC:1.5.1.-]	0.0	1.5996800852659305e-14	0.0	0.0	0.0	0.0	0.0	0.0	0.0	0.0	0.0	0.0	0.0	0.0	0.0
K14486	K14486, ARF; auxin response factor	7.538145095464634	5.414258405603352	0.0890656031513277	2.133059081168015	3.793590644394728	3.1229530922822804	0.0300859849010987	0.7681142949488506	0.4205928528590831	0.3045293332104229	23.920737425683573	0.18297919042649	15.18943195966545	0.0123439446952206	0.0
K14491	ARR-B; two-component response regulator ARR-B family	0.0	0.0	0.0	0.0	0.0	0.0	0.0	0.0	0.0	0.0	0.0	0.0	0.0	0.0	1.3235166572218683e-06
K14492	ARR-A; two-component response regulator ARR-A family	0.0	0.0	0.0	0.0	0.0	0.0	0.0	0.0	0.0	0.0	0.0	0.0	0.0	0.0	0.0006242771498468
K14518	pipX; PII interaction protein X	4.130438761393213	11.60148061486526	0.7830071987646995	14.908244558075095	7.193633267314016	21.71428870227607	190.436838889221	16.329282539755624	11.193319176825524	8.383545424546885	10.02995997880895	20.944027823138427	18.858221168021817	59.01075009169116	2.2072233911329686
K14519	aldH; NADP-dependent aldehyde dehydrogenase [EC:1.2.1.4]	8.164860444742242	33.158359040184365	1331.8230439968402	3250.222223259083	2742.7778758710074	1237.8789315466129	582.7126653662277	43.461408662620194	51.88947706915689	332.0628185202035	168.51153115930592	560.9761394434051	114.1954931444671	208.06325411137	102.5423229211309
K14520	hapE; 4-hydroxyacetophenone monooxygenase [EC:1.14.13.84]	0.0	0.6033672657498611	127.1045391781098	308.51451540762645	228.2931020865221	93.7598667867134	9.90753606941618	0.0	0.0	26.246749924970683	12.21529803568488	23.5418270353353	9.408514807392551	2.3512178476828622	0.0
K14529	RPP14; ribonuclease P protein subunit RPP14 [EC:3.1.26.5]	0.0082790090276461	0.0009419921341382	0.1345941745716232	0.0039916954355919	0.0007583156549302	0.0001096514851925	0.0001162082237319	0.0011447460915252	0.0012021273843487	3.3403070243023575e-05	1.613372880859931e-05	0.0038081111809562	2.612421035356132e-05	0.0002958907591302	1.7463781794923557e-18
K14534	abfD; 4-hydroxybutyryl-CoA dehydratase / vinylacetyl-CoA-Delta-isomerase [EC:4.2.1.120 5.3.3.3]	15113.607410834153	12906.729026500036	6990.916881661718	10141.868940874949	3564.458289837198	4599.791257302958	9003.09306362876	20047.95206909148	7053.786904377697	3623.535273156289	612.407600747898	2436.646715269306	3890.787253905899	1338.344119532179	401.65227942682816
K14539	LSG1; large subunit GTPase 1 [EC:3.6.1.-]	1.4115645631147226e-06	6.260704230708214e-06	1.505501123464603e-06	2.9497462346937868e-05	1.4761124223083564e-05	1.7904588051532324e-05	1.8975213791850417e-05	4.08306531420735e-06	3.82957642568522e-06	5.454264584814128e-06	2.634417286240846e-06	2.7283538465907264e-06	4.265726303031182e-06	1.9445706711714107e-05	0.0
K14540	rbgA; ribosome biogenesis GTPase A	35847.62329831658	41697.18037460318	39990.60523088992	24628.45387148638	87839.6786893144	50396.71935674593	19189.350135084424	50145.40842822084	13930.146125295523	10160.359600506896	5754.299898319835	5108.606483076099	5587.353107717189	37976.09536241472	964.5021355876844
K14555	UTP13, TBL3; U3 small nucleolar RNA-associated protein 13	1.39016474664e-16	3.9046625047100335e-16	2.635335050266824e-17	5.017606413303412e-16	2.4211314938133813e-16	7.308288633744421e-16	6.211853843486137e-15	5.495879308723955e-16	3.7672892921098956e-16	2.821615323290506e-16	3.3757422826545314e-16	7.049045104969314e-16	6.347033757566559e-16	1.9861004892996303e-15	7.428760777165623e-17
K14559	MPP10; U3 small nucleolar RNA-associated protein MPP10	0.0005755057571368	0.0005982858015288	8.430742402343716e-05	0.0021793035759529	0.0005536913252927	0.0012073687613919	0.001065622211852	0.0001252881831596	0.0007476393231523	0.0001673632057576	8.083665826483471e-05	8.371908606670083e-05	0.0001308931053597	0.0005966882909488	0.0
K14562	TCOF1; Treacher Collins syndrome protein	0.0	0.0	0.0	0.0	0.0	0.0	0.0	0.0	0.0	0.0	0.0	0.0	0.0	0.0	1.1436713428145902e-05
K14563	NOP1, FBL; rRNA 2'-O-methyltransferase fibrillarin [EC:2.1.1.-]	0.0002759141413919	0.0007939098373415	6.251086726222064e-05	0.0011970585981538	0.0005819646808419	0.0015369514503628	0.0119654559504702	0.0010784540708196	0.0007477513817064	0.0005813690323708	0.0006634631474238	0.0013625491752676	0.0012417683334379	0.003935985511705	0.0001412241219525
K14564	NOP56; nucleolar protein 56	411.9843432756303	202.9879693406867	79.52460629016724	119.0301498108982	28.948645994393807	47.23168125425904	30.74593381697636	424.2024525100164	54.47143417417329	40.10652645546256	6.149129940750796	6.111091081554485	22.763797923864075	30.726797870304985	9.41488487493664
K14565	NOP58; nucleolar protein 58	0.0004228082412432	0.001247826821671	0.0001126385851776	0.0021664721395568	0.0010592328169239	0.0024978906721944	0.017735573362785	0.0016322336078399	0.0011459056475819	0.0009261227166456	0.0010058883083083	0.0020276777299118	0.0018732185779033	0.0060216542659218	0.0002075963633533
K14569	BMS1; ribosome biogenesis protein BMS1	1.2864567064711008e-08	5.705814069924325e-08	1.372067610288548e-08	2.688308367302989e-07	1.345283648233348e-07	1.6317693130997146e-07	1.729342863735871e-07	3.7211806627045865e-08	3.4901586540933535e-08	4.970849677976553e-08	2.400927222237509e-08	2.4865381260549562e-08	3.887652292995852e-08	1.7722221473281329e-07	1.1252064469599004e-10
K14570	REX1, REXO1, RNH70; RNA exonuclease 1 [EC:3.1.-.-]	3.7546037370826576e-06	1.665277247362847e-05	4.004464473002597e-06	7.845994810034537e-05	3.926293817495511e-05	4.762420010096639e-05	5.047194473175058e-05	1.0860496705618628e-05	1.0186244635947784e-05	1.4507733282842631e-05	7.007255102897581e-06	7.25711583881752e-06	1.1346354490078668e-05	5.172340323485528e-05	0.0
K14572	MDN1, REA1; midasin	0.0009660806581595	0.004284852015836	0.0010303712307762	0.0201881859199452	0.0101025748146756	0.0122539745335716	0.0129867152433318	0.0027944668838624	0.0026209780342137	0.0037329213679369	0.0018030061481159	0.0018672967207326	0.0029194808243609	0.0133087225546222	0.0002259151315034
K14573	NOP4, RBM28; nucleolar protein 4	5.535722617798964	15.548609324497852	1.0494068331469717	19.98042129644784	9.641096426421566	29.10206059030416	247.35988955956884	21.88493375877205	15.001580634618964	11.235847982492611	13.442416052570405	28.069736709823808	25.27428379450447	79.08775867328706	2.958178816990458
K14578	nahAb, nagAb, ndoA, nbzAb, dntAb; naphthalene 1,2-dioxygenase ferredoxin component	0.0619029967572	10.276923921863416	0.2320334836746473	21.27358682112206	72.12536982771007	40.79023907407158	336.9302850086684	51.17905945325455	152.3339538843819	60.23525959085477	15.115530191808892	709.8697045857606	44.187069899885394	347.6228302729808	0.0001484744563341
K14581	nahAa, nagAa, ndoR, nbzAa, dntAa; naphthalene 1,2-dioxygenase ferredoxin reductase component [EC:1.18.1.7]	0.0	0.0	0.0	0.0	51.0	4.2	258.0000000000054	59.0	152.0	59.00000000000311	16.8	631.4	44.0	302.0000000000043	0.0
K14584	nahD; 2-hydroxychromene-2-carboxylate isomerase [EC:5.99.1.4]	0.0	0.0	0.0	0.0	0.0	0.0	1.0904913231979544e-12	0.0	0.0	6.2886883042452e-13	0.0	0.0	0.0	8.808683797231144e-13	0.0
K14585	nahE; trans-o-hydroxybenzylidenepyruvate hydratase-aldolase [EC:4.1.2.45]	0.0	0.0003843526240966	0.0	0.0	0.0	0.0	2.633941148164456e-12	0.0	0.0	1.5189515533197094e-12	0.0	0.0	0.0	2.1276239637245525e-12	0.0
K14587	sgcE; protein sgcE [EC:5.1.3.-]	149.4090287162008	349.4066084151634	132.45126638862314	196.10840691018848	368.1861415523784	308.5447544786216	110.20556931246531	373.6886532730069	147.6383495587194	182.45420974120893	58.36096908048099	67.29118173944471	92.060540742214	140.59753044852107	23.446497512364854
K14588	cueO; blue copper oxidase	10.000005524967	53.5317518702774	21.86866290717726	74.6458862829452	156.6035014943597	158.63051686895326	98.7737533161825	70.62275824830787	75.51650959343353	74.40493945265193	32.48411392262307	26.669816274804223	74.35447731062705	71.96296699376123	15.50002200508154
K14589	CMTR1, FTSJD2, MTR1; cap1 methyltransferase [EC:2.1.1.57]	4.421169746239832e-06	1.960918888037659e-05	4.7153890044566246e-06	9.238917689415748e-05	4.623340479133363e-05	5.6079066505928114e-05	5.943237974170055e-05	0.0062622621930771	1.1994639052706685e-05	1.7083334478982454e-05	8.251274018383431e-06	8.545493276600222e-06	1.3360706672237545e-05	6.090601340853863e-05	0.0
K14591	aroM; protein AroM	594.5251282183207	351.82830143085664	275.87192033747283	347.19457399675866	324.5384954341022	371.0150689878845	366.746037939001	434.65509181009	180.6228019348925	162.02408490255218	58.77579515897133	157.9915825222871	115.30492978800008	174.58030650491477	61.07787289275684
K14596	crtX; zeaxanthin glucosyltransferase [EC:2.4.1.276]	0.0002581144044554	0.0011448133413149	0.0002752913582873	0.0053938162841289	25.50269917429744	0.0032739785360892	129.00346974990566	25.500746616909684	76.0007002647022	29.50099735024044	7.500481721535588	307.5004988984894	22.000780017742755	138.0035557828102	20.91163994617893
K14597	cruC; chlorobactene glucosyltransferase	4.668665524146839	13.14245702261566	0.9007922177741028	17.161441577037344	8.287578706083655	24.67723585318696	208.0548490448461	18.438053209823305	12.651946220022111	9.508933255964235	11.326842813564566	23.616824714601965	21.287857432257415	66.69111218402162	3.264556810612484
K14598	cruD; chlorobactene lauroyltransferase	0.0	0.0	0.0	0.0	0.0	0.0	0.0	0.0	0.0	0.0	0.0	0.0	0.0	0.0	0.3580072534121584
K14599	dbfA1; dibenzofuran dioxygenase subunit alpha [EC:1.14.12.-]	2.5459348911561584e-05	0.0001129197053225	2.71536133667576e-05	0.0005320239722079	0.0002662355103992	0.0003229318489803	0.0003422419358078	7.364323756734233e-05	6.907124544829366e-05	9.837454746975706e-05	4.751504155152403e-05	4.920930600672004e-05	7.693775909934774e-05	0.0003507278695867	0.0
K14600	dbfA2; dibenzofuran dioxygenase subunit beta [EC:1.14.12.-]	2.5459348911561584e-05	0.0001129197053225	2.71536133667576e-05	0.0005320239722079	0.0002662355103992	0.0003229318489803	0.0003422419358078	7.364323756734233e-05	6.907124544829366e-05	9.837454746975706e-05	4.751504155152403e-05	4.920930600672004e-05	7.693775909934774e-05	0.0003507278695867	0.0
K14601	flnB; 1,1a-dihydroxy-1-hydro-9-fluorenone dehydrogenase	0.0	7.573274310262173e-13	0.0	0.0	0.0	0.0	0.0	0.0	0.0	0.0	0.0	0.0	0.0	0.0	0.0
K14602	flnD1; 2'-carboxy-2,3-dihydroxybiphenyl 1,2-dioxygenase large subunit	0.0006899010013005	0.0030599139646511	0.0007358124167168	0.0144168600861401	0.0072144871357187	0.0087508524564898	0.0092741198928966	0.0019955947621918	0.0018717022796374	0.0026657672604917	0.0012875692484165	0.0013334806638329	0.0020848701679232	0.0095040729145299	0.0
K14603	flnD2; 2'-carboxy-2,3-dihydroxybiphenyl 1,2-dioxygenase small subunit and ferredoxin fusion protein	0.0	0.0216956588881965	0.0	0.0	0.0	0.0	0.0	0.0	0.0	0.0	0.0	0.0	0.0	0.0	0.0
K14604	flnE; 2-hydroxy-6-oxo-6-(2'-carboxyphenyl)-hexa-2,4-dienoate hydrolase [EC:3.7.1.-]	0.0006899010117311	0.0043382375098435	0.0007358124278416	0.0144168603041088	0.0072144872447946	0.008750852588794	0.0092741200331121	0.0019955947923632	0.0018717023079357	0.0026657673007954	0.0012875692678833	0.0527398377430641	0.0020848701994443	0.1320953162354851	0.0
K14605	cruA; lycopene cyclase CruA [EC:5.5.1.19]	3.1816903241187666	8.936658004177158	0.6031529752506635	11.483868954402384	5.541278949782001	16.726586750277715	148.04267919822635	12.578499103329516	8.622249929609461	6.457872129326472	7.726110580346867	16.133252306221515	14.52654870015508	45.45617147036319	2.197851955937051
K14606	cruP; lycopene cyclase CruP [EC:5.5.1.19]	3.2217881212326365	9.049283766908102	0.6107543138997771	11.628596379295171	5.611113866585639	16.937386423909057	149.8344211893762	12.737021792108775	8.730913310744235	6.53925856862451	7.823480211885685	16.336574380924333	14.709622017544913	46.02904065482623	1.7216587663583651
K14611	SLC23A1_2, SVCT1_2; solute carrier family 23 (nucleobase transporter), member 1/2	0.0	0.0	0.0	0.0	0.0	0.0	0.0	0.0	0.0	0.0	0.0	0.0	0.0	0.0	0.0675258844931317
K14616	CUBN; cubilin	0.0	0.0	0.0	0.0	0.0	0.0	0.0	0.0	0.0	0.0	0.0	0.0	0.0	0.0	0.0222611880493171
K14623	dinD; DNA-damage-inducible protein D	11333.13624953846	6084.127348435165	15194.347494483864	4255.008020972595	2709.199047890119	2779.4213007583508	1821.1903528462187	10025.807674346865	4158.145693615556	1415.247348140378	190.03376915962772	702.6871190430197	1717.3806620028208	587.4667617055902	197.0793327343964
K14626	actVIA; actinorhodin biosynthesis protein ActVIA	0.0	0.3338694799597368	0.4950391877525402	0.0	1.3086524900209109	0.0	2.094156311596708	0.0	0.0	0.0	0.0	0.0	0.0	0.0	0.0
K14627	actVI3; dehydratase [EC:4.2.1.-]	0.0	0.6910242149342273	0.0930909720417487	0.0	0.2460890680472726	0.0	0.3938012413501104	0.0	0.0	0.0	0.0	0.0	0.0	0.0	0.0
K14628	actVI2; enoyl reductase	0.0	0.0061610475398135	1.48364841596883	0.0	3.922073730542207	0.0	6.276254024650476	0.0	0.0	0.0	0.0	0.0	0.0	0.0	0.0
K14629	actVI4; enoyl reductase	0.0046588870414367	0.0672831284056656	0.0049997113568689	0.0973567548197568	0.0488006632839102	0.0590943237279103	0.0627581691379916	0.0134762097170569	0.0126395663719746	0.0180018705900967	0.0086949282217189	0.0090049670503825	0.0140790846659224	0.0641808057372024	0.0
K14630	actVA5; two-component flavin-dependent monooxygenase [EC:1.14.14.-]	0.0	0.355057005478415	1.5023973645457256	0.0	3.971637197127187	0.0	6.355567400176082	0.0	0.0	0.0	0.0	0.0	0.0	0.0	0.0
K14631	actVB; flavin reductase ActVB [EC:1.5.1.-]	0.0068038780802114	0.3841546295522794	0.3639616219557871	0.1421806290187285	1.0141114285601498	0.0863018506997869	1.6004256263997176	0.0196807707683665	0.0184589297436903	0.0262900842242782	0.0126981467914106	0.0645572871808337	0.020561214447983	0.2163214352685894	0.0
K14632	actVA6; C-6 monooxygenase	0.0	0.0169083025666572	3.375595574239757e-05	0.0	8.923498710450841e-05	0.0	0.0001427972765001	0.0	0.0	0.0	0.0	0.0	0.0	0.0	0.0
K14633	gra6, RED2; ketoreductase RED2 [EC:1.1.1.-]	0.0	0.0259394739204625	0.3107043121462742	0.0	0.8213571406264286	0.0	1.3143674529594758	9.773033015474938e-09	0.0	0.0	0.0	0.0	0.0	0.0	0.0
K14640	SLC20A, PIT; solute carrier family 20 (sodium-dependent phosphate transporter)	0.0	0.0	0.0	0.0	0.0	0.0	0.0	0.0	0.0	0.0	0.0	0.0	0.0	0.0	1.6182327478824132
K14645	K14645; serine protease [EC:3.4.21.-]	8.901642122115504	28.519006823816422	24.70433869475864	207.24584378590544	182.57011050912703	112.9954320589916	280.5451182219758	25.306864140384832	47.62625572775076	50.82570262415101	22.23242444467447	61.62739418835847	23.409423282300665	102.42766631381146	52.68090877308759
K14647	vpr; minor extracellular serine protease Vpr [EC:3.4.21.-]	0.2539928390340699	1.1265329857823525	0.2708955116257608	5.307687938316718	2.6560739386108128	3.2216997151795024	3.414345009934072	0.7346949464562114	0.6890828900602516	0.9814245716703558	0.4740294161651893	0.4909320887568802	0.7675624357262505	3.49900414319959	0.0
K14648	ENDOU, PP11; poly(U)-specific endoribonuclease [EC:3.1.-.-]	0.7344635038971146	2.0630963766238937	0.1393143587253623	2.6525628523708287	1.279968699276029	3.86187189594909	32.81606179375107	2.903529730391179	1.9903661752567576	1.4909112587135562	1.783447860009758	3.723916814716219	3.3531735721555296	10.49308492480917	0.3936903027340807
K14650	TAF3; transcription initiation factor TFIID subunit 3	0.0	0.0	0.0	0.0	0.0	0.0	0.0	0.0	0.0	0.0	0.0	0.0	0.0	0.0	2.4800382343908297e-11
K14651	TAF15, NPL3; transcription initiation factor TFIID subunit 15	0.0	0.0001947912900866	2.4177811936511173e-22	0.0	6.39148466965185e-22	0.0	1.0227900885445262e-21	0.0	0.0	0.0	0.0	0.0	0.0	0.0	0.0
K14652	ribBA; 3,4-dihydroxy 2-butanone 4-phosphate synthase / GTP cyclohydrolase II [EC:4.1.99.12 3.5.4.25]	29086.914494379915	29645.059811237385	95375.62956232872	29508.446618468355	68899.95916948779	32923.763961587494	8692.535391547633	41292.24432373344	23018.333295173758	8328.436547250752	4840.967170988887	4730.663577075937	3193.910512694202	36385.30673766069	976.4317486670564
K14654	RIB7, arfC; 2,5-diamino-6-(ribosylamino)-4(3H)-pyrimidinone 5'-phosphate reductase [EC:1.1.1.302]	5164.533461014542	1586.9718059081897	1529.3088189224663	932.811113358913	1416.38866540564	1421.1308222712807	1171.2816170782803	4049.244246475781	1230.675815760562	542.0106061894846	76.1121358340718	162.1239354244025	669.1624298795783	164.81223266906397	119.9940657537322
K14657	nodD; LysR family transcriptional regulator, nod-box dependent transcriptional activator	0.0	0.0	0.0	0.0	0.0	0.0	0.0	0.0	0.0	0.0	0.0	0.0514063570590703	0.0	0.122591243177263	0.0
K14658	nodA; nodulation protein A [EC:2.3.1.-]	0.0	0.0592225282912989	0.0002110439303903	0.0	0.000557901620401	0.0	0.0008927757433864	0.0	0.0	0.0	0.0	0.0	0.0	0.0	0.0
K14659	nodB; chitooligosaccharide deacetylase [EC:3.5.1.-]	0.0	0.1448728219855251	0.0	0.0	0.0	0.0	0.0	0.0	0.0	0.0	0.0	0.0	0.0	0.0	0.0
K14660	nodE; nodulation protein E [EC:2.3.1.-]	10.984695410807834	0.2627528299070945	57.640993231391256	0.9910141405930128	0.4970199619782233	0.6029775063376626	16.214569978012122	10.565633481304053	0.1297165219385472	4.733503464807776	0.0894994630682204	0.0991404483022208	0.1452186793692146	7.044162336664183	0.4620820066097587
K14661	nodF; nodulation protein F [EC:2.3.1.-]	3.487785242882924e-11	9.796410314160156e-11	6.611793832772989e-12	1.258867601499199e-10	6.074378389763753e-11	1.833577013739631e-10	1.5584924174362686e-09	1.3788615195402383e-10	9.451754571139603e-11	7.079152531705979e-11	8.469402022800235e-11	1.7685353878344902e-10	1.5924077149291328e-10	4.982928817756633e-10	1.8638022776889923e-11
K14664	ILR1; IAA-amino acid hydrolase [EC:3.5.1.-]	146.06771641198677	26.214337342937505	23.806459788388636	10.978437653252971	4.109454166388146	5.622448424608029	36.94176502142971	167.70294176773402	28.46766400793046	13.869095811149318	10.077519059725969	182.3454338835547	53.93435424355826	0.0074268568722535	1.246245669798276e-06
K14665	amhX; amidohydrolase [EC:3.5.1.-]	407.9570359517692	381.67212953001945	2053.688413628	219.7558581098015	8.23404290969312	7.262999985275615	204.9922989131997	1364.9289057748583	279.91069350242856	2.9842954780487503	42.318393975439136	94.13001567116844	4.743700015273649	6.837537137472912	0.0002958383117899
K14666	nodC; N-acetylglucosaminyltransferase [EC:2.4.1.-]	0.0005120970187039	0.0022713010936371	0.0005465840515031	0.010701290555118	0.0053562201036225	0.0064955485578925	0.0068856837884289	0.0014812822801142	0.001389319852409	0.0019787353027215	0.0009557318691319	0.0009898108151182	0.0015475492793394	0.0070546460954551	0.0
K14667	whiEIII; minimal PKS ketosynthase (KS/KS alpha) [EC:2.3.1.-]	46.84422352074492	15.47689323880138	46.12455679986947	7.364503804021279	19.12897867538218	20.21831797380071	67.12955710263077	28.454926236868232	5.169327015841427	5.156987207478971	3.3737453059357048	34.61016165465061	15.899232814872716	13.683710866764429	0.0044646874348168
K14668	whiEIV; minimal PKS chain-length factor (CLF/KS beta) [EC:2.3.1.-]	0.7184633804993438	2.4287167863689945	2.290077196357921	2.593196488487432	6.945135604305355	3.777062707395933	41.21554342301324	2.8403739907841654	1.947006214444662	1.4582643528786818	1.7446472384119225	3.643079055597269	3.280266597702544	10.264542123922856	0.3839322926569447
K14669	whiEV; minimal PKS acyl carrier protein	0.0	0.1585437610937995	2.03489387158798	0.0	5.379309351390306	0.0	8.608178806938426	0.0	0.0	0.0	0.0	0.0	0.0	0.0	0.0
K14670	whiEVI; aromatase	43.63249520916133	12.601467854550895	33.31659344934485	7.008743250108894	18.96299767421049	20.02610037582064	66.95110328674198	27.48006760941841	4.784103436027975	4.997078810586769	3.352285751632394	34.58793690770739	15.864484870528036	13.494541449150905	0.0044646874348168
K14671	whiEVII; cyclase	0.0	0.4837298567790367	2.056497523857914	0.0	5.436419321744267	0.0	8.699568389569285	0.0	0.0	0.0	0.0	0.0	0.0	0.0	0.0
K14672	whiEVIII; putative polyketide hydroxylase	0.0562029308956881	0.7005227785299142	2.6024429137082614	1.1744725542166894	7.308912155112682	0.7128900450402217	11.51101413524466	0.1625715491118678	0.152478621833361	0.2171672933405838	0.1048921009764447	0.1086322841376551	0.1698443889099644	0.7742513088630603	5.749585437061643e-06
K14673	whiEII; putative monooxygenase	0.0083550554430368	0.4761749763679387	2.0580815329168054	0.0301591977242486	5.4509720147660286	0.0439248809047619	9.07290315692016	0.0330307172173062	0.0226418571347944	0.0169585392923287	0.0202885219710048	0.0423650935762078	0.0381461788421507	0.1193669189059635	0.0044646874348168
K14676	NTE, NRE; lysophospholipid hydrolase [EC:3.1.1.5]	2.553737846830594	0.02022040261322	13.447134574932214	0.0	0.0	0.0	0.0	0.0	0.0	0.0	0.0	0.0	0.0	0.0	0.0001716932567644
K14680	E6.5.1.3; RNA ligase [EC:6.5.1.3]	8.501923028791268	22.42846233767925	18.17357165845714	40.85492570316696	54.35130118357485	115.77842140599576	238.71842744082548	34.51457930061855	19.567355472019717	31.057564099415558	14.34442696653985	37.88514489207327	47.47878445096143	73.04174360203554	5.688469509108528
K14681	argHA; argininosuccinate lyase / amino-acid N-acetyltransferase [EC:4.3.2.1 2.3.1.1]	0.0	0.0	0.0	0.0	0.0	0.0	0.0	3.519397228344808	0.0	0.0	0.0	0.0	0.0	0.0	0.0
K14682	argAB; amino-acid N-acetyltransferase [EC:2.3.1.1]	227.9732638270077	668.6844295524289	3959.769388592447	3211.556411856632	579.8003726825683	686.0285634152889	750.5530132446661	1185.2641384855206	2582.469950563323	478.4399859882888	62.84407926362748	959.659168263542	217.7956751937567	1042.795215366671	79.5066167104378
K14683	SLC34A, NPT, nptA; solute carrier family 34 (sodium-dependent phosphate cotransporter)	0.1615452239020918	0.4537444789329373	0.0306241250744811	0.583075030098982	0.2813495524252197	0.8492656187210063	7.218535230579454	0.6386531205114803	0.4377809131391023	0.3278881012255863	0.3922808747705976	0.8191400138224806	0.7375622148083064	2.307964210799036	2.493793050007395
K14684	SLC25A23S; solute carrier family 25 (mitochondrial phosphate transporter), member 23/24/25/41	0.0	1.2687083290422094e-13	4.2337051655633553e-13	0.0	1.1191939838303129e-12	0.0	1.7909774848644982e-12	0.0	0.0	0.0	0.0	0.0	0.0	0.0	0.0
K14685	SLC40A1, FPN1; solute carrier family 40 (iron-regulated transporter), member 1	0.0111056472631154	0.0311932845107971	0.0021052973440104	0.040084290056963	0.0193417596100699	0.0583839259768065	0.4962480727735849	0.0439050818623238	0.0300958473572347	0.0225411157694825	0.0269678850171953	0.0563129000838166	0.0507047227668445	0.158664154853401	0.0059346345095196
K14689	SLC30A2, ZNT2; solute carrier family 30 (zinc transporter), member 2	0.0005755057571368	0.0005982749240825	4.619605271740793e-05	0.0021793035759529	0.0004529426528812	0.0012073687613919	0.0009044002909644	0.0001252881831596	0.0007476393231523	0.0001673632057576	8.083665826483471e-05	8.371908606670083e-05	0.0001308931053597	0.0005966882909488	0.1031866100980749
K14692	SLC30A5_7, ZNT5_7, MTP, MSC2; solute carrier family 30 (zinc transporter), member 5/7	3.135380042426525	0.1313533305024578	7.443363096721466	0.7224801678110604	0.2704143360699914	0.3719770286934304	0.3263932690153134	0.0735675972964594	0.2736260635645038	0.095114223659418	0.1500341758712777	0.0477126000500784	0.2428218939440329	0.3344042587949442	0.1150915316778847
K14698	irtA; ATP-binding cassette, subfamily B, bacterial IrtA [EC:3.6.3.-]	0.0	0.2087535496776282	0.0	0.0	0.0	0.0	0.0	0.0	0.0	0.0	0.0	0.0	0.0	0.0	0.0
K14699	irtB; ATP-binding cassette, subfamily B, bacterial IrtB [EC:3.6.3.-]	0.0	0.2086776008434499	0.0	0.0	0.0	0.0	0.0	0.0	0.0	0.0	0.0	0.0	0.0	0.0	0.0
K14709	SLC39A1_2_3, ZIP1_2_3; solute carrier family 39 (zinc transporter), member 1/2/3	0.0	2.7069114288799052e-20	0.0	0.0	0.0	0.0	0.0	0.0	0.0	0.0	0.0	0.0	0.0	0.0	0.0
K14712	SLC39A6, LIV1, ZIP6; solute carrier family 39 (zinc transporter), member 6	0.0	0.0	0.0	0.0	0.0	0.0	0.0	0.0	0.0	0.0	0.0	0.0	0.0	0.0	4.786956674922938e-07
K14713	SLC39A7, KE4, ZIP7; solute carrier family 39 (zinc transporter), member 7	4.650702263547906	13.062863778266369	1.1587858131275013	16.786063349933055	8.832393092425441	24.449385998146305	208.98580743905453	18.386093017425356	12.603211871544056	9.439523482814115	11.293317797794366	23.58210428279666	21.233572736234738	66.44365039139757	2.485973466347504
K14716	SLC39A10, ZIP10; solute carrier family 39 (zinc transporter), member 10	1.580884029081872e-05	7.011685889374031e-05	1.6860884326809034e-05	0.0003303573094794	0.0001653174509005	0.0002005227251915	0.0002125132155893	4.572835641811118e-05	4.288940348683259e-05	6.108512495874218e-05	2.950419925933548e-05	3.055624329532579e-05	4.777407113434582e-05	0.0002177825087003	0.0
K14720	SLC39A14, ZIP14; solute carrier family 39 (zinc transporter), member 14	0.0	0.0	0.0	0.0	0.0	0.0	0.0	0.0	0.0	0.0	0.0	0.0	0.0	0.0	3.777017753246919e-06
K14726	SLC9A10_11; solute carrier family 9 (sodium/hydrogen exchanger), member 10/11	0.0	0.0	0.0	0.0	0.0	0.0	0.0	0.0	0.0	0.0	0.0	0.0	0.0	0.0	2.790367982587381e-06
K14727	pcaL; 3-oxoadipate enol-lactonase / 4-carboxymuconolactone decarboxylase [EC:3.1.1.24 4.1.1.44]	0.1500055440664042	1.7293054921327555	5.65886985440172	6.545886695248155	15.187284383566686	0.79051710792183	38.64301974574364	5.348943641748426	0.4065096407023583	0.3049395228468561	0.3641139568938271	0.8401282290757432	0.6844773639517477	2.3344910056295003	0.0869033698170639
K14728	K14728; phthiodiolone/phenolphthiodiolone dimycocerosates ketoreductase [EC:1.2.-.-]	0.0	0.0009534488852911	1.5437175519203795e-14	0.0	4.080868481101824e-14	0.0	6.53036352405435e-14	0.0	0.0	0.0	0.0	0.0	0.0	0.0	0.0
K14729	FOX2; multifunctional beta-oxidation protein [EC:4.2.1.- 1.1.1.-]	0.0	0.0003052395325839	0.0	0.0	0.0	0.0	0.0	0.0	0.0	0.0	0.0	0.0	0.0	0.0	0.0
K14730	E1.1.1.243; (-)-trans-carveol dehydrogenase [EC:1.1.1.243]	0.0	0.0404094954323449	515.79	1251.96	926.41	380.48	40.19	0.0	0.0	106.51	49.57	93.78	38.18	5.36	0.0
K14731	mlhB, chnC; epsilon-lactone hydrolase [EC:3.1.1.83]	0.0	1.5850214348276205e-18	0.0	0.0	0.0	0.0	0.0	0.0	0.0	0.0	0.0	0.0	0.0	0.0	0.0
K14732	K14732; limonene hydroxylase [EC:1.14.14.51 1.14.14.52 1.1.1.243 1.1.1.144]	0.0569462722951609	0.252574700829113	0.0607338192636377	1.1900035142527965	0.5958840850001975	0.7225632743397259	0.7654853156149042	0.1648917299434529	0.1546168480103664	0.2200752923176001	0.1062757249621649	0.1100857634009032	0.1720900744061113	0.7844644009066521	0.0
K14733	limB; limonene 1,2-monooxygenase [EC:1.14.13.107]	0.0	0.3865782593990739	0.057757041591764	0.0	0.1526826525359567	0.0	0.2443286838314056	0.0	0.0	0.0	0.0	0.3882459414091475	0.0	0.9258690041230276	0.0
K14735	HEPH; hephaestin [EC:1.16.3.1]	0.0	0.0	0.0	0.0	0.0	0.0	0.0	2.9988034195145543	0.0	0.0	0.0	0.0	0.0	0.0	0.0
K14742	tsaB; tRNA threonylcarbamoyladenosine biosynthesis protein TsaB	49653.70570143993	42963.66534766782	93908.1449634881	31725.92709347381	25225.54822813545	24162.10446019614	16859.582590933074	68050.14908378763	29949.6314616982	11572.640673479324	1161.853644184688	5777.85755200824	5522.985690835604	4612.871920100631	1451.980117905037
K14743	mycP; membrane-anchored mycosin MYCP [EC:3.4.21.-]	0.0	1.5507072075560675	515.79	1251.96	926.41	380.48	40.19	0.0	0.0	106.51	60.97	93.78000000005004	38.18	5.360000000119356	0.0
K14744	rzpD; prophage endopeptidase [EC:3.4.-.-]	27.930498720602795	150.5975994930564	63.43512375160599	213.13274751247025	458.5423527933384	479.0518373676739	284.277555254293	200.15946833500976	211.406763767771	215.6694353085909	91.0785861145397	180.22600024190083	209.84823747323293	208.36937334919955	43.72429544645466
K14745	ska; streptokinase A [EC:3.4.-.-]	3.4350603158760564e-26	4.071440188125224e-26	8.00482505835358e-39	1.5683948824244169e-37	7.848563858822484e-38	9.519959358421151e-38	1.008921643971074e-37	9.288364146289824e-26	2.036205012232649e-38	2.900059863318799e-38	3.1784218756062625e-27	1.4506794381517655e-38	2.2681080917429693e-38	1.0339379887349736e-37	0.0
K14746	ped; (S)-1-phenylethanol dehydrogenase [EC:1.1.1.311]	0.0	0.0023664923508245	0.0020245639780154	0.0	0.005352001935574	0.0	0.0085644804243494	0.0	0.0	0.0	0.0	0.0	0.0	0.0	4.075805998677559e-06
K14747	bal; benzoylacetate-CoA ligase [EC:6.2.1.-]	0.1564649282048766	0.693997145847428	0.1668773298441791	3.269647346597908	1.6361973813594006	1.9846347501380384	2.1033083014374068	0.4525875315498092	0.4244895459671791	0.6045781673565478	0.2920120852593686	0.3024244868986712	0.4728345958704708	2.155460107207406	0.0
K14748	etbAa; ethylbenzene dioxygenase subunit alpha [EC:1.14.12.-]	0.0	2.0559848109713582e-26	0.0	0.0	0.0	0.0	0.0	0.0	0.0	0.0	0.0	0.1542190711772144	0.0	0.3677737295317974	0.0
K14749	etbAb; ethylbenzene dioxygenase subunit beta [EC:1.14.12.-]	0.0	0.0010412661602076	0.0	0.0	0.0	0.0	1.0904913231979544e-12	0.0	0.0	6.2886883042452e-13	0.0	0.0	0.0	8.808683797231144e-13	0.0
K14750	etbAc; ethylbenzene dioxygenase ferredoxin component	0.0	2.616933177032308e-06	1.2870876118355161e-07	0.0	3.402458734126697e-07	0.0	5.444783261584737e-07	0.0	0.0	2.147820383744234e-12	0.0	0.0	0.0	3.0084923434476737e-12	0.0
K14751	etbC; 2,3-dihydroxyethylbenzene 1,2-dioxygenase [EC:1.13.11.-]	0.0	5.0786760237000185e-18	0.0	0.0	0.0	0.0	1.0904913231979544e-12	0.0	0.0	6.2886883042452e-13	0.0	0.0	0.0	8.808683797231144e-13	0.0
K14753	RACK1; guanine nucleotide-binding protein subunit beta-2-like 1 protein	5.961150941829479e-75	1.4223481475174013e-74	2.92852498015428e-74	3.880227111216577e-74	7.760728172384526e-74	1.5217919798650162e-73	2.635672482138852e-74	2.510203404411007e-74	1.0251207180296834e-74	3.556144318744874e-74	3.764072331835341e-75	2.133522221276102e-74	4.194173755487561e-74	2.8244239986333606e-75	5.125603590148417e-75
K14755	CRNS1, ATPGD1; carnosine synthase [EC:6.3.2.11]	0.0	7.219882321723085e-21	0.0	0.0	0.0	0.0	0.0	0.0	0.0	0.0	0.0	0.0	0.0	0.0	0.0
K14760	AAE14; acyl-activating enzyme 14 [EC:6.2.1.26]	1.01127560723234e-05	4.223970334197222e-05	6.065300262359098e-05	9.968394933812874e-08	2.9182772923804647e-05	9.572958525334525e-06	0.0003080840686804	1.4886057733683148e-05	2.3802118518832654e-05	3.867986839399908e-05	8.902769879266741e-09	9.220219808104014e-09	4.548451317275197e-05	6.571496964368016e-08	0.0
K14761	ybcJ; ribosome-associated protein	33978.63400274537	32798.984277285635	23238.647753791665	20340.449374747288	82942.35500547127	46187.97676186063	11122.178277003426	39306.50954283061	10208.11700676681	6521.430079088717	4964.569661329523	3009.306437791748	4913.318402619767	35857.29428247878	858.041414827622
K14762	yibL; ribosome-associated protein	10.000036369685082	53.53191818123956	21.86873129790243	74.6461183229056	156.60399106423026	158.63101113598898	98.77401620086098	70.62297754329339	75.51673558970805	74.40517149261233	32.48421450458701	26.669897410504277	74.35470800406675	71.96318563114362	15.500070291939696
K14767	UTP3, SAS10; U3 small nucleolar RNA-associated protein 3	0.0010206091298039	0.0045267018341434	0.0010885284539501	0.0213276673019507	0.010672794246837	0.0129456253778794	0.0137197241571522	0.002952194923391	0.0027689138460036	0.0039436185755078	0.0019047731887785	0.0019726925129247	0.0030842650232816	0.0140599065207994	0.0
K14780	DHX37, DHR1; ATP-dependent RNA helicase DHX37/DHR1 [EC:3.6.4.13]	7.826245861461985e-07	8.1358815103979e-07	6.282155511252624e-08	2.9636133749596404e-06	6.159522330805439e-07	1.6418888351546671e-06	1.229885009227142e-06	1.703781609104536e-07	1.016707319801116e-06	2.275955679293497e-07	1.0992897192671024e-07	1.1384875698108515e-07	1.7800023916563144e-07	8.11430504336446e-07	0.0001134919876141
K14782	AATF, BFR2; protein AATF/BFR2	0.0014981896917845	0.006644912168283	0.0015978909665794	0.0313076675178542	0.0156669873472706	0.0190033597862953	0.0201396878649505	0.0043336355448935	0.0040645905081381	0.0057889828001925	0.0027960866440256	0.0028957879188205	0.004527506103634	0.0206390540725039	0.0
K14787	MRD1, RBM19; multiple RNA-binding domain-containing protein 1	0.0038214292313987	0.010733541812444	0.0007244282679419	0.0137929176133999	0.0066554576972873	0.0200897828002009	0.1707578897828312	0.0151076438194519	0.0103559160587254	0.0077563492400785	0.009279590974943	0.0193771472645122	0.0174473855652447	0.0545959929184597	0.002042094913969
K14796	TMA23; nucleolar protein TMA23	38.66242268722496	0.4996904624406538	14.62634654853194	4.538122026078237	0.3501164743232601	1.351634463946999	0.0027766832952127	0.0708904818892955	4.379624542296867	0.028105493357013	2.207682649992398	0.0168874386085978	3.572260355432555	0.0011392423788719	2.425918052864688
K14811	DBP3; ATP-dependent RNA helicase DBP3 [EC:3.6.4.13]	0.00058797054923	0.0006241083920868	5.093625415306653e-05	0.0022913813138042	0.0004994193383806	0.0012736587913659	0.0009690003247491	0.0001381440699887	0.0007691933919056	0.0001845364329392	8.913135058205123e-05	9.23095458272565e-05	0.0001443241162242	0.0006579147925007	0.0
K14819	DUSP12, YVH1; dual specificity phosphatase 12 [EC:3.1.3.16 3.1.3.48]	33.86932324908775	3.7809613835934632	19.09930905633839	8.805833138953359	2.398005494869145	4.349923557025111	30.194136168225445	26.727927350918726	7.517520212984604	5.0307775557384975	6.354432904700712	147.4084014607896	42.89080119404733	0.0050017396823856	0.0
K14823	EBP2, EBNA1BP2; rRNA-processing protein EBP2	0.0	0.0013375368633851	0.0	0.0	0.0	0.0	0.0	0.0	0.0	0.0	0.0	0.0	0.0	0.0	0.0
K14826	FPR3_4; FK506-binding nuclear protein [EC:5.2.1.8]	0.0384544213389984	0.1080098869616869	0.0072898039341974	0.1387958884706153	0.0669727892361283	0.2021602195482787	1.718308895194226	0.1520257646273667	0.1042099003696052	0.0780508819265043	0.0933790159639881	0.194989083962357	0.1755702055862282	0.5493906043993296	0.0239611437758502
K14831	MAK16; protein MAK16	0.0	0.0	0.0	0.0	0.0	0.0	0.0	0.0	0.0	0.0	0.0	0.0	0.0	0.0	2.436632436069013e-07
K14832	MAK21, NOC1, CEBPZ; ribosome biogenesis protein MAK21	0.0	0.0	0.0	0.0	0.0	0.0	0.0	0.0	0.0	0.0	0.0	0.0	0.0	0.0	7.668437562612859e-06
K14833	NOC2; nucleolar complex protein 2	7.090035277159614e-08	3.144639290011423e-07	7.561861748366908e-08	1.4816045549131531e-06	7.414247580802433e-07	8.993153003803305e-07	9.530909084243634e-07	2.050850373630701e-07	1.923527457700867e-07	2.739579139898793e-07	1.3232204875554574e-07	1.3704031346761869e-07	2.1425977076431253e-07	9.767229227626003e-07	0.0
K14835	NOP2; 25S rRNA (cytosine2870-C5)-methyltransferase [EC:2.1.1.310]	5.099695119001056	3.627117727489665	0.0740615450200931	4.986789877767212	1.286488007024802	1.9356544686769344	2.896619443860655	1.4451767929369217	3.858449322660905	1.7612456258270597	0.1295973888067478	0.1342184991366924	0.2098479208758738	0.9566110982121776	0.0
K14836	NOP8; nucleolar protein 8	0.0004330774678312	0.0019208260152781	0.0004618978340802	0.0090500191308794	0.0045288118361158	0.005493247605203	0.005821722757334	0.0012527118018354	0.001174939712033	0.0016734049274096	0.0008082568784658	0.0008370772447148	0.0013087534173438	0.0059660731382458	0.0
K14837	NOP12; nucleolar protein 12	0.0	0.0	0.0	0.0	0.0	0.0	0.0	0.0	0.0	0.0	0.0	0.0	0.0	0.0	0.0001562999888164
K14838	NOP15; nucleolar protein 15	1.5698570466550156e-05	6.962777977305575e-05	1.674327628488267e-05	0.0003280530011436	0.0001641643286016	0.0001991240390601	0.0002110308933881	4.540939198216559e-05	4.2590241315637615e-05	6.065904398944202e-05	2.929840156591447e-05	3.034310738424698e-05	4.744083742892104e-05	0.0002162634321253	0.0
K14843	PES1, NOP7; pescadillo	1.4678195863367328e-29	1.7397480984856008e-29	3.42050442361852e-42	6.701834948553851e-41	3.353733179982373e-41	4.0679293876842806e-41	4.3111759734038805e-41	3.968967518835265e-29	8.700812573621055e-42	1.239211040707082e-41	1.3581566125910035e-30	6.198830579404482e-42	9.691746795834979e-42	4.4180721482782937e-41	0.0
K14847	RPF2; ribosome production factor 2	3.123632732399089e-05	2.2216590195044904e-05	4.536370524874196e-07	3.054476734060406e-05	7.879914298423211e-06	1.1856147310543947e-05	1.7742188693662828e-05	8.851904729954869e-06	2.3633527729256835e-05	1.0787869388760204e-05	7.938016612050056e-07	8.221065914994852e-07	1.2853471024796747e-06	10.658150165062212	0.0
K14856	SDA1, SDAD1; protein SDA1	4.372840850814892e-12	1.9394836007005554e-11	4.6638439258542674e-12	9.137924804618425e-11	4.572801605632756e-11	5.546605241774516e-11	5.878270976062033e-11	1.2648797843942536e-11	1.186352269895638e-11	1.6896592342187958e-11	8.161077309809611e-12	8.452080384848986e-12	1.3214657496877328e-11	6.024023477489203e-11	0.000102252080803
K14857	SPB1, FTSJ3; AdoMet-dependent rRNA methyltransferase SPB1 [EC:2.1.1.-]	0.0	0.0	0.0	0.0	0.0	0.0	0.0	0.0	0.0	0.0	0.0	0.0	0.0	0.0	2.436632436069013e-07
K14939	spo, spok, CYP307A; cytochrome P450 family 307 subfamily A	0.0	2.1070978104819048e-20	0.0	0.0	0.0	0.0	0.0	0.0	0.0	0.0	0.0	0.0	0.0	0.0	0.0
K14940	cofF; gamma-F420-2:alpha-L-glutamate ligase [EC:6.3.2.32]	638.9516428986699	316.6989405941391	644.8749046155839	418.62177136231753	606.925492213674	420.3332481370151	101.78825676330196	341.3469438819636	820.9503721179422	482.6972403689606	1.4919493302273352	34.99324051237319	103.31519897237624	12.585602425829826	20.04654195978979
K14941	cofC; 2-phospho-L-lactate guanylyltransferase [EC:2.7.7.68]	165.73932774774676	296.3979645549059	773.9068118008131	1643.870373039464	3756.256439435361	2021.3411766502445	334.4489488391671	215.93389696833856	204.1017565201265	915.0792846538444	302.55902457951544	158.4193500176947	53.547432100988615	950.4699997157292	4.8467723332832335
K14949	pknG; serine/threonine-protein kinase PknG [EC:2.7.11.1]	0.5004698290200742	7.3740208001849075	1044.7228722397613	2654.340874574817	1867.053194399808	785.1625743291628	122.32404529053755	3.562829528901049	13.651399573482962	232.7856977053233	111.368834710125	193.8091690374159	81.75538116560989	25.98088944908782	0.1771745362666416
K14952	namH; UDP-MurNAc hydroxylase	0.2262433919056526	1.0277313019066554	0.0997680033574883	0.8165941613482581	0.5443905182896589	1.1893928871385038	10.350141916412264	3.381109938122854	0.6131102876966009	0.4592058860646566	0.54938767662768	1.1472020536384684	1.0329527047046498	3.2322939571909544	0.1212596656920592
K14953	lpqH; ipoprotein LpqH	0.0	0.0033521566875051	0.0	0.0	0.0	0.0	0.0	0.0	0.0	0.0	0.0	0.0	0.0	0.0	0.0
K14954	lprG; lipoprotein LprG	0.0	0.8524171414185477	515.79	1251.96	926.41	380.48	40.19	0.0	0.0	106.51	49.57	93.78	38.18	5.36	0.0
K14955	lprA; lipoprotein LprA	0.0	0.0027060331158731	127.10366297813002	308.51451540762645	228.29078582285317	93.7598667867134	9.903829494738256	0.0	0.0	26.246749924970683	12.21529803568488	23.109756905114548	9.408514807392551	1.320839166255214	0.0
K14956	esxA, esat6; 6 kDa early secretory antigenic target	0.0	0.7609545759067913	1.3247704643761982	0.0	3.502074602988184	0.0	5.604155182108776	0.0	0.0	0.0	0.0	0.0	0.0	0.0	0.0
K14959	MLL4; histone-lysine N-methyltransferase MLL4 [EC:2.1.1.43]	0.189328327754067	0.531781016780595	0.0358909675522007	0.6833542814654767	0.3297370172163466	0.9953252440872048	8.460003774966003	0.7484908832379863	0.5130719819826335	0.3842794258846094	0.4597466903461829	0.9600185339273604	0.8644107041435987	2.7048958427371894	0.1011732500500529
K14963	WDR5, SWD3, CPS30; COMPASS component SWD3	0.0	3.395949001715964e-05	0.1189840603024308	0.0	0.3145383045218833	0.0	0.5033363560427752	0.0	0.0	0.0	0.0	0.0	0.0	0.0	0.0
K14966	HCFC; host cell factor	1.3164439978903962e-08	9.455334025571485e-09	7.99411923292002e-09	3.725124402604984e-09	2.1320341358643297e-08	5.45385211078224e-09	6.123369426887266	1.3414168080787138e-09	7.104371747201804e-09	5.318228925145438e-10	4.1774615386615035e-08	1.3638162460821889e-07	2.652646809186108e-08	2.1557175801898495e-11	0.0
K14972	PAXIP1, PTIP; PAX-interacting protein 1	4.249806551289908	4.5034262289670615	2.390184948515417	1.165555642654114	0.4477312020345436	0.0959573559492657	1.1384296069251378	6.218174490734467	5.880440454271211	1.5932558586129677	0.0386673600142711	0.1905796198080637	0.0724515036054767	0.4042505021084484	0.0082980954659055
K14974	nicC; 6-hydroxynicotinate 3-monooxygenase [EC:1.14.13.114]	2.14974740957686	12.09177994192543	15.784662041182578	51.04304131434422	153.81440891247024	85.26142379616759	197.4132317251623	12.176647149326376	26.66969376172552	22.85757531791689	8.028632197873234	197.4755271582761	4.970639505620282	118.49661000203554	0.0800220035384622
K14977	ylbA, UGHY; (S)-ureidoglycine aminohydrolase [EC:3.5.3.26]	638.2828685568832	368.09592357575167	211.76770575919736	229.51241353941575	1492.823475255444	1310.618655346531	739.6413447878472	475.0173674645037	253.52333943162864	195.77770399052727	175.20136998125287	463.594392318925	239.25778379135824	599.3902365360666	80.97694023983235
K14978	ssrA; two-component system, LuxR family, secretion system sensor histidine kinase SsrA	0.0	0.0	0.0	0.0	0.0	0.0	26.89532819760968	0.0	0.0	0.0	0.0	0.0	0.0	0.0	0.0
K14979	ssrB; two-component system, LuxR family, secretion system response regulator SsrB	0.7226042610642847	2.029634095063858	0.1369840782996471	2.6081396387276423	1.2584982880842126	3.798830703816763	59.184393664131605	2.856744728129956	1.958227834637061	1.4666688018879743	1.754702645684278	3.664076533505458	3.299172744452739	10.323702129054489	0.400913796461192
K14980	chvG; two-component system, OmpR family, sensor histidine kinase ChvG [EC:2.7.13.3]	7.3511056472631156	0.031193284511126	38.65210529734401	6.040084290056963	20.46934175961007	13.258383925976805	11.996248072773586	8.043905081862324	0.0300958473572347	0.0225411157694825	1.8269678850171955	27.99631290008381	8.050704722766843	66.6786641548534	0.0059346345095196
K14981	chvI; two-component system, OmpR family, response regulator ChvI	8.383406213861882	0.000625382789817	44.1441377501108	6.0017060712316965	20.453412262914625	13.206691065865629	11.501158861290609	8.001103694626945	0.0004507285052957	0.0015635774257733	1.8001654999909875	27.94093807418472	8.001844108342084	66.52012418521886	0.0002253642526478
K14982	ciaH; two-component system, OmpR family, sensor histidine kinase CiaH [EC:2.7.13.3]	113.31902516903207	166.0921317540374	82.47058771068043	124.00146722315966	62.79348444651511	32.30294067541219	173.51720622115477	374.1927830490452	210.1455236337414	503.01607218178	24.775811283461337	161.8463026596697	28.822259721226335	82.31374273635709	6.642556796551126
K14983	ciaR; two-component system, OmpR family, response regulator CiaR	135.44631242120204	742.5269955930812	467.4334605986488	1356.9980782636749	2924.940666313348	1964.5434091450304	889.0240661716214	672.7130781958713	580.8003015762501	1405.903029589115	285.72578092163013	456.28290316190976	224.898350349569	1098.2460110889624	13.36966334374172
K14986	fixL; two-component system, LuxR family, sensor kinase FixL [EC:2.7.13.3]	38.66242268720896	0.4996904623696762	14.626346548514872	22.538122025743824	41.27048528522992	7.376682633300857	26.836740810116407	0.0708904818430058	4.379624542253451	0.0281054932951779	2.207682649962531	19.63255789863429	9.53556086651869	71.37819848323623	2.4299974622544456
K14987	fixJ; two-component system, LuxR family, response regulator FixJ	747.9567929759697	687.9602587800364	3839.7781885397376	433.9759704251383	40.92036881107401	12.050096339113647	118.8305422752434	2699.844959453657	547.9683456561918	0.0	0.0	177.19087684147271	5.963300511134496	84.69346359410643	5.342782961495583e-05
K14988	salK; two-component system, NarL family, secretion system sensor histidine kinase SalK	5415.670365380527	1025.4594457000107	1351.5886973374731	372.72836368170215	1410.756161941797	1435.0792216682275	289.8856891569005	2428.940084236499	848.2338465038055	317.661322995407	28.531117132326507	24.790757046340254	173.9662096182836	78.28553056767252	47.589363003344
K14989	salR; two-component system, NarL family, secretion system response regulator SalR	5218.395118461343	1204.6514384256748	1355.952962486093	376.3792356140304	1456.8323616112234	1493.6677058597556	300.730209664021	2444.3287654632377	875.3785453124187	356.7850603691614	28.28651802803347	62.41678883736935	183.89287858475257	89.10418281566254	50.9539056050815
K14998	SURF1, SHY1; surfeit locus 1 family protein	0.0	4.997990967839215	1.16601097673515	21.98598595374275	196.16401888394824	48.663173308717646	720.3063425777334	143.5	390.8860109767352	177.50281044671206	41.1	1797.3457704182522	126.0	866.4413970005367	52.333644086282405
K15009	SHANK; SH3 and multiple ankyrin repeat domains protein	0.0	2.5984048672136858e-12	9.104046063543985e-09	0.0	2.4066847322554763e-08	0.0	3.8512699593730235e-08	0.0	0.0	0.0	0.0	0.0	0.0	0.0	0.0
K15011	regB, regS, actS; two-component system, sensor histidine kinase RegB [EC:2.7.13.3]	4.0	18.33	19.60601097673515	63.870000000000005	287.11803293020546	193.21	539.1415991679623	78.00989105064681	183.0860109767352	113.51281044671204	32.129999999999995	922.2919919672146	61.95	494.4760154872715	51.000237994804
K15012	regA, regR, actR; two-component system, response regulator RegA	4.015160154757754	18.397239747660304	19.622180006913503	64.1868017289651	287.2765668956137	193.4022946585852	512.4673460253398	78.05466366805106	183.12714049555925	113.5713890603697	32.15829355085805	922.3212943934932	61.99581375347471	494.68486170715175	51.00045101436279
K15016	K15016; enoyl-CoA hydratase / 3-hydroxyacyl-CoA dehydrogenase [EC:4.2.1.17 1.1.1.35]	1237.1317870535213	670.4595043686726	335.01592179263963	401.5726719177832	121.23801230810692	158.25130997530815	244.26736760662632	1859.1497772318617	578.1723116459129	168.17751618558754	29.221680464198013	50.8712839765209	150.93976955296915	34.54492976389445	62.4180779440351
K15019	K15019; 3-hydroxypropionyl-coenzyme A dehydratase [EC:4.2.1.116]	70.26057306953882	267.9569778265007	268.26008409709755	608.3734675049093	270.8210849911459	362.4255220923749	513.8060561352537	197.59550109923885	203.81077825583745	84.05882086721311	13.445888425838596	208.14993193791395	132.39782008267866	77.83335489254958	8.173359774941833
K15020	K15020; acryloyl-coenzyme A reductase [EC:1.3.1.84]	0.0	7.364020084559649e-11	0.0	0.0	0.0	0.0	0.0	0.0	0.0	0.0	0.0	0.0	0.0	0.0	0.0
K15022	fdhB; formate dehydrogenase (NADP+) beta subunit [EC:1.17.1.10]	233.81591090616	193.76100420522823	994.597074876412	158.65017334080216	79.08315421481116	141.71390029194512	91.89895595099242	700.8195813298446	156.1780140808219	37.94617660678153	5.128421289993203	57.88974213413036	43.08356745972758	33.11963617391604	4.285351095066111
K15023	acsE; 5-methyltetrahydrofolate corrinoid/iron sulfur protein methyltransferase [EC:2.1.1.258]	1033.9461323814744	1157.7018281700755	1058.1732158502089	935.3383876757676	3095.30043478872	2973.539815287806	1147.7196896189628	2297.5353994335173	451.9036223824152	291.28169186323134	268.6118307188736	585.2697138373466	944.0913137980722	419.966277471577	15.781482059852996
K15024	K15024; putative phosphotransacetylase [EC:2.3.1.8]	17511.1981385655	16705.1602381848	8298.606889687064	12269.637927509328	35046.72381586742	26275.030482640588	8323.379560639292	23865.068920305333	6412.743874795695	3749.7312225615888	1729.689813015803	2380.4185507910543	3238.853024546182	8836.780602065315	505.3320578061956
K15026	EIF2A; translation initiation factor 2A	0.0	0.0	0.0	0.0	0.0	0.0	0.0	0.0	0.0	0.0	0.0	0.0	0.0	0.0	0.0044338561720819
K15032	MTERFD; mTERF domain-containing protein, mitochondrial	0.0	0.0	0.0	0.0	0.0	0.0	0.0	0.0	0.0	0.0	0.0	0.0	0.0	0.0	1.3020650628335202e-09
K15034	yaeJ; ribosome-associated protein	30.663853818120508	99.5775145463654	86.08903438557788	172.2874237666491	471.3025147489057	401.6849796749241	1085.7594104411432	181.95418896689728	284.66332043662214	216.97024478065032	87.18188169854649	991.7007495854622	178.97495348826794	736.1214278765904	73.2545377415965
K15037	K15037; biotin carboxyl carrier protein	0.0	0.0	0.0	0.0	0.0	0.0	0.0	0.0	0.0	0.0	0.0	0.0	0.0	0.0	0.0341664743687899
K15040	VDAC2; voltage-dependent anion channel protein 2	5.961150941829479e-75	1.4223481475174013e-74	2.92852498015428e-74	3.880227111216577e-74	7.760728172384526e-74	1.5217919798650162e-73	2.635672482138852e-74	2.510203404411007e-74	1.0251207180296834e-74	3.556144318744874e-74	3.764072331835341e-75	2.133522221276102e-74	4.194173755487561e-74	2.8244239986333606e-75	5.125603590148417e-75
K15045	RSAD2; radical S-adenosyl methionine domain-containing protein 2	0.0092236467425335	0.0555836400469573	0.2729290356760619	0.052526375811553	0.0954551513386606	0.1895886180002012	0.0885912643178354	0.0369653720609081	0.018396251178782	0.0460573988247721	0.0076469880549738	0.0321128744942855	0.0563143408929383	0.0260825923901839	0.0090868702897532
K15051	endA; DNA-entry nuclease	14474.57608015354	24982.219341858105	42706.9401527536	11521.89161193583	65443.43758259036	30452.585625108382	9086.095863310666	31910.76455921637	4006.5565106733898	4014.1187300681054	4661.816477301314	1792.1526898928269	2385.616052117792	33704.477108077335	336.6417193241488
K15052	K15052; propionyl-CoA carboxylase [EC:6.4.1.3 2.1.3.15]	0.0	0.0	0.0	0.0	0.0	0.0	0.0	0.0	0.0	0.0	0.0	0.0	0.0	0.0	0.0698713085278919
K15054	mdlB; (S)-mandelate dehydrogenase [EC:1.1.99.31]	0.0	10.31216166759338	0.0	19.98	23.55	37.55	75.94	0.0	2.43	0.0008014464779279	0.0	132.35	0.0	69.94629326682846	2.062345010629965e-10
K15055	nbaA; 2-nitrobenzoate nitroreductase [EC:1.7.1.-]	0.0	0.0	0.0	0.0	0.0	0.0	1.8727867912331805e-06	0.0	0.0	0.0	0.0	0.0	0.0	0.0	0.0
K15056	nbaB; 2-hydroxylaminobenzoate mutase [EC:5.4.99.-]	0.0	0.0	0.0	0.0	0.0	0.0	1.8727867912331805e-06	0.0	0.0	0.0	0.0	0.0	0.0	0.0	0.0
K15058	amnA; 2-aminophenol/2-amino-5-chlorophenol 1,6-dioxygenase subunit alpha	14.886562030805637	4.0521271424781	72.01865100796047	16.59022062015284	2.4975398981689847	7.538930659797712	99.54468327506548	38.689157965962025	10.000965190472392	2.91066258285027	5.520538597931358	7.271505673541315	6.547339574514526	20.487797653592	0.7663204779390632
K15059	amnB; 2-aminophenol/2-amino-5-chlorophenol 1,6-dioxygenase subunit beta [EC:1.13.11.74 1.13.11.76]	14.886562030805637	4.0521271424781	72.01865100796047	16.59022062015284	2.4975398981689847	7.538930659797712	99.54468327506548	38.689157965962025	10.000965190472392	2.91066258285027	5.520538597931358	7.271505673541315	6.547339574514526	20.487797653592	0.7663204779390632
K15060	ligX; 5,5'-dehydrodivanillate O-demethylase	0.0120726485016338	0.0783586664504742	0.0128760570769059	0.2522821158239996	0.1262470515985586	3.1280838966348297	0.1622887768214308	0.0349211177693989	0.0327531104885667	0.0466485351701336	0.0225313065618728	0.0233347151371449	0.0364833572663753	0.1663127483721811	0.0
K15061	ligZ; OH-DDVA oxygenase	0.0747909743302872	0.3327078083731747	0.07976815146932	1.5629068672072837	0.7821100725416125	3.923616610183515	1.0053912975021737	0.2163389766812611	0.2029080069262271	0.2889912181227492	0.1395831553009104	0.1445603324399432	0.2260171690100066	1.0303201068613848	0.0
K15062	ligY; OH-DDVA meta-cleavage compound hydrolase	0.0	0.0010827644749757	0.0	0.0	0.0	2.9749518304431573	0.0	0.0	0.0	0.0	0.0	0.0	0.0	0.0	0.0
K15063	ligW; 5-carboxyvanillate decarboxylase	0.0	0.0027982910197328	0.0	0.0	0.0	0.0	0.0	0.0	0.0	0.0	0.0	0.0	0.0	0.0	0.000272152324889
K15064	desA; syringate O-demethylase [EC:2.1.1.-]	0.0	0.0020233935174343	0.2945937640580517	0.0	0.7787683731250706	0.0	1.246215260573651	0.0	0.0	0.0	0.0	0.2555544466741229	0.0	0.6094331345296243	0.0
K15065	desZ; 3-O-methylgallate 3,4-dioxygenase [EC:1.13.11.-]	0.1368029937779989	0.6112709680032422	0.14590693632294	2.858771935313126	1.4305870507197267	4.7101903819172914	1.8389991659855367	0.3957137869359199	0.3711466932687588	0.5286047436706911	0.2553168172648215	0.2644207598097626	0.4134165337818791	1.8845973920041028	0.0
K15066	ligM; vanillate/3-O-methylgallate O-demethylase [EC:2.1.1.341]	41.43488343698214	4.656796935513885	23.660362390858037	10.77283614422011	3.7128284506511857	5.321587745334512	38.1856069426188	32.698278207471176	9.19674631433811	6.154527508164035	7.773854374887435	180.3357536033493	52.471534046432126	0.0061190032997587	0.0
K15067	amnD; 2-aminomuconate deaminase [EC:3.5.99.5]	8.650702263547906	31.756443187485143	1.0480744259351555	26.77606334993305	153.25890128770584	113.43938599814628	514.8199695422409	75.26589886324018	164.7692228482792	69.43558934322505	41.62331779779437	686.3722568629852	71.90357273623474	378.243938256705	3.043426389386636
K15076	TCEB3, ELOA; transcription elongation factor B, polypeptide 3	2.947851173142625	0.0007259308375391	2.0325674362528634	0.0022113577176034	3.68976659867058	7.300122570708252	0.4261079469924147	3.746062063367901	1.0436654287912954	0.3660512584859426	0.0002247118047713	0.0002282451754216	0.0003368583585439	0.001456201886136	0.0
K15083	RAD16; DNA repair protein RAD16	0.0	0.1197966468526625	0.0	0.0	0.0	0.0	0.0	0.0	0.0	0.0	0.0	0.0	0.0	0.0	4.311254841227426e-07
K15095	E1.1.1.208; (+)-neomenthol dehydrogenase [EC:1.1.1.208]	0.0040610741107738	0.0114066507926589	0.000769857743244	0.0146578824936937	0.007072826765369	0.0213496291258283	0.1814662534398463	0.0160550562302348	0.0110053438263056	0.00824275609612	0.0098615215368304	0.0205923036464973	0.0185415250497181	0.0580197512416038	0.002170156317098
K15103	UCP2_3, SLC25A8_9; solute carrier family 25 (mitochondrial uncoupling protein), member 8/9	0.0	0.0	0.0	0.0	0.0	0.0	0.0	0.0	0.0	0.0	0.0	0.0	0.0	0.0	1.1434560432395096e-05
K15125	fhaB; filamentous hemagglutinin	928.5566201286684	2201.8115981946653	1664.1365858682234	1528.8837869752942	2704.7285108353644	2326.2349174186597	1477.654407687526	2752.0457915584275	717.7249470182885	1014.4063854854176	296.4685680425156	1760.4061335091455	862.7309605418443	1247.573567090354	29.527178174826304
K15154	MED2; mediator of RNA polymerase II transcription subunit 2	1218.4229711442786	165.24946528382767	58.99658565317176	26.39368124870937	31.936047517442635	61.816076042418445	101.04397999985105	418.27254113173706	168.0134033884596	67.23850348817105	8.78338073145022e-06	1.437963477339494	7.3556004191273745	5.34343644392165	2.511837430048652
K15157	MED15; mediator of RNA polymerase II transcription subunit 15	0.0147668563225325	0.0309686264463525	0.0057213974168817	0.1346114398414725	0.0560971072581246	0.0796679054968738	0.0778035615816238	0.0155169856585062	0.0256863899273506	0.0207279920420988	0.0100116486275351	0.0103686383270843	0.0162111572491702	0.0739000552147094	0.0
K15162	MED12; mediator of RNA polymerase II transcription subunit 12	0.0	0.0	0.0	0.0	0.0	0.0	19.640431475362675	3.415727213106552	0.0	0.0	0.0	0.0	0.0	57.20916116051836	0.0
K15168	MED25; mediator of RNA polymerase II transcription subunit 25	1218.4280432499438	165.2642481808409	58.9978364311323	26.41769039654753	31.94775591266169	61.84519052258874	101.26031887602964	418.2922433047672	168.0271495897048	67.24940334754392	0.0121400308465094	1.462647414003011	7.378248817508737	5.41573211851242	2.617558213593879
K15172	SUPT5H, SPT5; transcription elongation factor SPT5	1.363991221170271e-09	6.049702459366386e-09	1.454761878788257e-09	2.8503322298800078e-08	1.4263636521493954e-08	1.7301157565950733e-08	1.833570047607485e-08	3.945455553059967e-09	3.7005098894727077e-09	5.2704418954882315e-09	2.54563067480441e-09	2.6364013324223956e-09	4.121960398616755e-09	1.879033657922325e-08	0.0
K15174	PAF1; RNA polymerase II-associated factor 1	2.3591757344316683e-05	0.0001385958763893	0.1190092220400618	0.0004929969143079	0.3147850101065234	0.0002992429164767	0.5036534925387113	6.824107705086044e-05	6.400446718988548e-05	9.115820128886104e-05	4.402953643404558e-05	4.559951672077372e-05	7.129392623481561e-05	0.0003249999370338	2.2996256845608387e-06
K15176	CTR9; RNA polymerase-associated protein CTR9	0.0909053465176223	0.0775938266862248	0.0350274585653134	0.1598624511567467	0.1153532426572407	0.1021172652274766	4.552466369936716	0.0136964170573992	0.0781325330473365	0.0132592045175956	0.1723604906895545	0.5507189046763117	0.1147398962499004	0.0397792353066603	0.0
K15177	LEO1; RNA polymerase-associated protein LEO1	0.0	0.0	0.0	0.0	0.0	0.0	0.0	0.0003012365671562	0.0	0.0	0.0	0.0	0.0	0.0	0.0
K15186	EAF; ELL-associated factor	0.0	2.1059170395405779e-13	7.378513631918456e-10	0.0	1.9505345184692962e-09	0.0	3.1213207509156633e-09	0.0	0.0	0.0	0.0	0.0	0.0	0.0	0.0
K15187	MLLT1_3, ENL, AF9; YEATS domain-containing protein 1/3	9.901939291309205e-13	4.391801468614583e-12	1.056089187635177e-12	2.069208090365749e-11	1.0354734012727406e-11	1.2559832440888804e-11	1.3310862281206569e-11	2.864216481499014e-12	2.6863973685263125e-12	3.826094690163872e-12	1.8480089907309696e-12	1.9139042492352257e-12	2.9923507567200604e-12	1.3640906860903384e-11	0.0
K15193	SPTY2D1, SPT2; protein SPT2	0.0	0.0	0.0	0.0	0.0	0.0	0.0	0.5121244269874364	0.0	0.0	0.0	0.0	0.0	0.0	0.0
K15198	BDP1, TFC5; transcription factor TFIIIB component B''	0.0	1.525340311696636e-20	0.0	0.0	0.0	0.0	0.0	0.0	0.0	0.0	0.0	0.0	0.0	0.0	0.0
K15224	BAZ2A, TIP5; bromodomain adjacent to zinc finger domain protein 2A	0.0	2.1632990340793463e-11	7.579563255897704e-08	0.0	2.00368265250545e-07	0.0	3.2063704498923725e-07	0.0	0.0	0.0	0.0	0.0	0.0	0.0	0.0
K15226	tyrAa; arogenate dehydrogenase (NADP+) [EC:1.3.1.78]	25.724855894451245	17.385364440245475	105.4428360416974	39.24860793272078	10.94337799933383	32.63279124068934	332.7749941654149	72.3793447138388	25.62572885735557	12.577105380534729	17.95038270319015	31.25684788433747	28.171160467938336	88.24417520052906	3.2897400578437725
K15228	mauA; methylamine dehydrogenase light chain [EC:1.4.9.1]	4.0	18.527770636159687	14.41601097673515	47.48598839240997	180.65402132261545	88.9831774561607	176.86289537621627	10.0	19.66601097673515	17.9960658604109	15.33	91.2032676534015	6.67	107.81639094530794	0.0
K15229	mauB; methylamine dehydrogenase heavy chain [EC:1.4.9.1]	4.0	18.33	14.41601097673515	47.49	180.65803293020548	88.99	176.87814269755694	10.0	19.66601097673515	17.9960658604109	15.33	91.22212502001088	6.67	107.83043357968464	0.0
K15230	aclA; ATP-citrate lyase alpha-subunit [EC:2.3.3.8]	15.738266198760495	37.55196604042486	77.3171257650504	102.44338347391712	204.8939996069329	401.7742129325117	69.58541318854536	66.27285532134302	27.06461034731699	93.88714776016084	9.93767360160704	56.32794906063728	110.73201080102169	7.456871530754628	13.90946294651487
K15231	aclB; ATP-citrate lyase beta-subunit [EC:2.3.3.8]	12.41939307178813	29.633037145553292	61.0125514418268	80.84020380000324	161.68611504167552	317.0483847140766	54.911296297644114	52.29728801323282	21.35724672547389	74.08830030555225	7.842024853233865	44.44955571832994	87.3809319527005	5.884372360759909	11.014682560336034
K15232	ccsA; citryl-CoA synthetase large subunit [EC:6.2.1.18]	1.1595351349079397	4.034681133579144	0.8926398965267186	17.48959952721713	9.149250391462996	10.864478708663553	11.25076070136055	2.805969166361056	2.2706278003286924	3.233935929196465	1.5619954958163915	1.6176922470202872	2.529229255562613	11.52972479162784	0.0
K15234	ccl; citryl-CoA lyase [EC:4.1.3.34]	0.0	2.1563629241064372e-19	0.0	0.0	0.0	0.0	0.0	0.0	0.0	0.0	0.0	0.0	0.0	0.0	0.0
K15237	linC; 2,5-dichloro-2,5-cyclohexadiene-1,4-diol dehydrogenase 1 [EC:1.3.1.-]	0.0	0.0003201661866562	0.0	0.0	0.0	0.0	0.0	0.0	0.0	0.0	0.0	0.0	0.0	0.0	0.0
K15242	pcpA; 2,6-dichloro-p-hydroquinone 1,2-dioxygenase [EC:1.13.11.-]	0.0	0.0	0.0	0.0	0.0	0.0	0.0	0.0	0.0	0.0	0.0	0.0	0.0	0.0	9.9952980151173e-05
K15243	tftA; 2,4,5-trichlorophenoxyacetic acid oxygenase 1 [EC:1.14.13.-]	0.0	0.0	0.0	0.0	0.0	6.025048169556843	0.0	0.0	0.0	0.0	0.0	0.0	0.0	0.0	0.0
K15244	tftB; 2,4,5-trichlorophenoxyacetic acid oxygenase 2 [EC:1.14.13.-]	0.0	0.0	0.0	0.0	0.0	6.025048169556843	0.0	0.0	0.0	0.0	0.0	0.0	0.0	0.0	0.0
K15246	tftD; chlorophenol-4-monooxygenase component 2 [EC:1.14.14.-]	0.0	1.881414075876417e-16	0.0	0.0	0.0	0.0	0.0	0.0	0.0	0.0	0.0	0.0	0.0	0.0	0.0
K15253	tcbC, tfdC; chlorocatechol 1,2-dioxygenase [EC:1.13.11.-]	0.0	0.0	0.0	0.0	0.0	6.025048169556843	0.0	0.0	0.0	0.0	0.0	0.0	0.0	0.0	0.0
K15255	PIF1; ATP-dependent DNA helicase PIF1 [EC:3.6.4.12]	4.215622882434144	3.149476816340477	23.14535030045908	3.4329471864414502	1.565144297207488	4.411157263967455	37.55988817827188	8.905427404462749	6.244482271452411	2.495768173871266	2.0375399546561432	4.464034555618564	3.830960361234618	12.039642677606	0.4483872176807849
K15256	cmoA; tRNA (cmo5U34)-methyltransferase [EC:2.1.1.-]	9204.05811660734	6437.423237544952	3805.0519770668247	5251.759615821571	10324.793853834652	9599.71836806433	5749.582301127291	10598.475599691905	3800.841538816939	2610.6550759186302	421.9802966547183	1805.6155322764905	1116.4333185319767	1473.044241299424	267.52821477127713
K15257	cmoB; tRNA (mo5U34)-methyltransferase [EC:2.1.1.-]	26.04031284121327	95.21462801592276	72.58883691815959	151.71016252862736	325.7126531186491	479.5607229121416	285.6731040685017	131.9079775502177	98.29584055274331	149.0145145099379	38.59227355499304	165.61484226137586	146.1293383351832	115.42751751203396	24.80029716316081
K15263	LYER; cell growth-regulating nucleolar protein	0.0	0.0	0.0	0.0	0.0	0.0	0.0	0.0	0.0	0.0	0.0	0.0	0.0	0.0	8.006842326180614e-15
K15268	eamA; O-acetylserine/cysteine efflux transporter	92.09706748338787	214.00029905784575	802.3770424241025	1477.599650410428	1520.1235048308909	770.996595467504	908.9878867718164	333.15177287597294	454.51387111449736	376.1102651174981	147.36026298539784	1586.1931143822103	223.589284715667	799.6538654387435	16.978568169203964
K15269	pecM; probable blue pigment (indigoidine) exporter	5.517735685771672	6.658087867361885	523.8342394016399	1262.1334360975854	1012.8208542121162	422.591759847961	358.4607463011166	66.1261845387753	159.0997382224807	175.22194652209276	66.48181750669607	850.0550623590532	82.39269475100173	366.443469827047	0.0261623400577277
K15270	sam; S-adenosylmethionine uptake transporter	373.9888691934047	348.99455890481033	1922.2823983132284	221.0158340419308	27.763165271550225	70.15769827232354	144.99589094983756	1375.546424692291	281.5929479728193	30.12547945140386	5.402065757695215	283.21626674072775	3.0116597223023875	111.80941986655388	51.00305097344136
K15293	UNC13A_B_C, MUNC13; protein unc-13 A/B/C	0.0	0.0	0.0	0.0	0.0	0.0	0.0	0.0	0.0	0.0	0.0	0.0	0.0	0.0	1.0625680269121673e-07
K15297	RIMS2, RIM2; regulating synaptic membrane exocytosis protein 2	0.0	1.945488389349185e-15	0.0	0.0	0.0	0.0	0.0	0.0	0.0	0.0	0.0	0.0	0.0	0.0	0.0
K15303	AKR7; aflatoxin B1 aldehyde reductase	209.80810129725467	21.829934217323743	0.6350709101014579	0.352960354413011	34.863707057627835	14.343368547723513	193.33776915034653	147.39226510058228	66.4773689645981	23.15778817159597	3.3044484046571174	168.76213665777104	2.105031392292208	140.47503689932384	22.364574111882387
K15304	RANBP3; Ran-binding protein 3	4.957970964640475e-16	2.199006025311385e-15	5.28791317975618e-16	1.0360671106958608e-14	5.184688480845028e-15	6.2887968437991554e-15	6.664842791196772e-15	1.4341334292142717e-15	1.3450981429799314e-15	1.9157526443781543e-15	9.253111586414577e-16	9.58305380153028e-16	1.4982911661415002e-15	6.830098444158609e-15	0.0
K15309	CRTC1, TORC1; CREB-regulated transcription coactivator 1	2.300299609953003e-08	1.0202505699173433e-07	2.453379560229139e-08	4.806935715468928e-07	2.405487441389339e-07	2.917749424116259e-07	3.092219656453707e-07	6.653803726100224e-08	6.24071571962022e-08	8.888323655096396e-08	4.293072534083413e-08	4.4461524843595494e-08	6.951469884860947e-08	3.168891649243041e-07	0.0
K15311	pksG; polyketide biosynthesis 3-hydroxy-3-methylglutaryl-CoA synthase-like enzyme PksG	2881.132130105849	4831.331689149189	937.4385006003442	226.4088458213008	88.79558172041942	91.2903117064068	41.01566481003247	1326.8755664516125	715.2785039481505	111.27927486764248	4.095945235642006	7.5355522657079295	48.05806129854922	119.39071205142638	33.1776663775751
K15312	pksH; polyketide biosynthesis enoyl-CoA hydratase PksH	2885.899497242209	4744.436786138572	941.1042008166468	195.81035780593257	89.68349299900747	90.14149435340016	36.416657560381815	1328.1330527689584	707.2264838424942	106.05649901797398	3.5428191389932664	6.2983658610438775	46.40073941913595	81.89934847533631	31.81761140070257
K15313	pksI; polyketide biosynthesis enoyl-CoA hydratase PksI	2825.722221256876	4612.931361040543	912.1824691544828	195.12015163986783	58.95836220938989	70.71800206111543	15.092504730899428	1278.9144819168575	559.4899948131041	44.08034500116436	2.347816918206207	3.869583791091221	37.82538866051157	39.432981595820486	30.31630271791108
K15314	sgcE, mdpE, ncsE, kedE, calE8, pksE; enediyne polyketide synthase	0.0249056533681469	0.3346376102353028	0.6520973092960213	0.0898934938247877	1.754735808247869	0.1309324695985401	3.851475729275828	0.0984620458453457	0.0674932963690807	0.0505509677202854	0.0604784917436576	0.1262879629088045	0.1137109994077676	0.3558220740944914	0.0133090801876655
K15315	sgcE10, mdpE10, ncsE10, kedE10, calE7, pksE10; enediyne core biosynthesis thioesterase	0.0216482195272782	0.4499136449445201	0.3743243017254773	0.0781362391753947	1.0163928796321398	0.113807688688986	2.5334731432980018	0.0855841022139615	0.0586657846240725	0.0439393590689447	0.0525684528967166	0.1097706413997998	0.0988386307903037	0.3092837701672513	0.0115683730657402
K15317	APTA; asperthecin polyketide synthase	0.0	0.0001280338171676	0.0	0.0	0.0	0.0	0.0	0.0	0.0	0.0	0.0	0.0	0.0	0.0	0.0
K15320	ATX, chlB1, mdpB; 6-methylsalicylic acid synthase [EC:2.3.1.165]	0.0	0.0750228106700014	0.2950238660007711	0.0	0.779905361856928	0.0	1.2480347139023156	0.0	0.0	0.0	0.0	0.0	0.0	0.0	0.0
K15327	pksC; polyketide biosynthesis malonyl-CoA-[acyl-carrier-protein] transacylase	3.2939522791100635	3.745388083513914	12.85450703786267	19.24955827503265	0.3306821870756453	0.3035363262186814	5.197806245798177	21.24355457225276	91.4599214271823	321.2843394619616	0.2073191095166256	1.2191749094769078	0.3585054282108325	0.3075611209386208	0.0030894322460102
K15328	pksD; bacillaene synthase trans-acting acyltransferase	2950.703402354521	4775.479358054066	1017.8200899215578	402.84328404046096	358.453749318422	344.2615908537043	134.90006517919494	1634.0200809886587	722.2568514582574	95.33359132339012	15.719143757205902	8.917305897628863	174.95076698071463	37.03554934891613	30.21391554203813
K15329	pksE; trans-AT polyketide synthase, acyltransferase and oxidoreductase domains	2951.570872093338	5065.2520514226535	980.0962768788734	830.5180824272978	317.55887820199325	390.6195880250409	80.47133463060469	1872.12360270908	957.4548224549418	512.997105747529	19.64642979324202	26.12723532417508	300.00088409221314	119.02988423031655	33.14179325764363
K15331	TRMT2B, TRM2; tRNA (uracil-5-)-methyltransferase [EC:2.1.1.35]	22.01300583130943	414.0365304773979	2957.3324655151982	2975.046942740237	153.69265114826322	347.398373456715	0.5811564665447342	360.7214172722039	2186.0352452679767	283.35639791650846	0.0315821090834305	4.065948076837225	87.38938033644264	398.5158117031801	13.006950054642047
K15332	TRMT2A; tRNA (uracil-5-)-methyltransferase [EC:2.1.1.-]	33.86932324908775	3.7809613835934632	19.09930905633839	8.805833138953359	2.398005494869145	4.349923557025111	30.194136168225445	26.727927350918726	7.517520212984604	5.0307775557384975	6.354432904700712	147.4084014607896	42.89080119404733	0.0050017396823856	0.0
K15333	TRM3, TARBP1; tRNA guanosine-2'-O-methyltransferase [EC:2.1.1.34]	0.0158633458252263	0.0445565979087862	0.0030072141714678	0.0572565416735421	0.0276278378282319	0.0833958063372393	0.7088425021074577	0.0627141742003738	0.0429890147976046	0.0321978094807102	0.0385210223292019	0.0804375456276119	0.0724268053149966	0.2266364399008194	0.00847705292095
K15336	TRDMT1, DNMT2; tRNA (cytosine38-C5)-methyltransferase [EC:2.1.1.204]	4.665173101781861	13.097312521294672	0.9527241940449296	16.88025680248165	8.288125436602666	24.81880468559861	207.87735622939715	18.44702881280115	12.628096925161454	9.525849747113275	11.302455174510108	23.63389605125532	21.33538731958118	66.45050674903507	2.4976842684960925
K15337	acpK; polyketide biosynthesis acyl carrier protein	2874.4407109675726	4731.965662618638	934.7165485158416	192.188276339684	88.2424553880513	89.10930009828513	26.68519632073288	1310.994073343009	691.1730297943636	101.51552764566529	3.076828730685314	5.030916322571757	45.52473539655858	78.69033175608752	31.715218172669736
K15342	cas1; CRISP-associated protein Cas1	36360.34830137773	31258.595216388883	58567.83356023469	23878.580699518738	26881.07923245431	25251.505496730224	14229.097151254717	47644.73473107166	20132.481936529795	9532.3695713396	1128.2788319382762	4310.693857728519	3847.106853821608	4373.719826059127	1036.6556889373355
K15352	pipB2; secreted effector protein PipB2	0.0488555192146573	0.1372242494903476	0.0092615398640023	0.1763372054493725	0.0850874952073885	0.2568402318035655	2.1830746718516165	0.1931454799280229	0.1323964478618093	0.0991619748497976	0.1186360410538225	0.2477294575360122	0.2230581882099569	0.6979890034741769	0.0261074067492444
K15353	sspH2; E3 ubiquitin-protein ligase SspH2	9.668766942203911e-19	5.2132813431517735e-18	2.1438159392663292e-18	7.273661222510757e-18	1.534634541872243e-17	1.549358552444127e-17	8.24053791673115e-18	6.8741497356603024e-18	7.08421228648585e-18	7.273661222510757e-18	3.152901463792787e-18	2.543327426116785e-18	7.23145239220469e-18	6.853536120859664e-18	1.5136282867896884e-18
K15357	nicD; N-formylmaleamate deformylase [EC:3.5.1.106]	4.156550711640013	19.005315146539733	15.792069284822364	51.18520990633542	202.86095263227412	128.48771834054332	197.5037180337954	12.196326253918544	31.548151128734208	25.519020662802127	15.706329269638156	274.34867697503864	8.326198979353613	158.5777496870286	0.0800220035384622
K15358	ena; enamidase [EC:3.5.2.18]	149.4670711605723	113.49401771760878	168.4997120457304	228.22881440665864	97.18162001437196	41.51516090226317	286.8459184528564	137.1176643297874	194.53373729081352	102.0061114042065	20.66027444863648	623.555412125356	59.83002652507107	283.52148283563	12.284537752719086
K15368	sscA; secretion system chaperone SscA	9.616158077808745e-07	5.184915284390076e-06	2.132151192074548e-06	7.234084401681502e-06	1.5262844201874307e-05	1.5409283157373933e-05	8.195700209462378e-06	6.836746702425852e-06	1.342554416220541	7.234084401681502e-06	3.135746167098648e-06	2.5294888913301986e-06	7.192105234438276e-06	6.816245248655903e-06	1.5053924625361509e-06
K15371	GDH2; glutamate dehydrogenase [EC:1.4.1.2]	65.56793778302315	80.8626358254563	717.236906242204	1483.9080205654802	1510.2507484511566	1247.7299433523126	393.04387647554574	138.69202703338786	76.54048276277292	315.8730827541675	84.01991350428271	366.0178461548148	248.6201424232204	182.85888139777344	74.52325525211845
K15372	toa; taurine---2-oxoglutarate transaminase [EC:2.6.1.55]	7577.783988228484	7377.547627218301	2314.280620116348	2664.9515189676868	8171.60454584831	7171.211474288858	551.6894440177899	11266.133985552744	1607.22790947799	795.0081325485601	103.59485374833211	101.13288246721784	1633.33076257351	205.73995798542015	124.02749742354705
K15373	isfD; sulfoacetaldehyde reductase [EC:1.1.1.313]	61.04877367603129	21.96250615619378	409.5882141371764	5.381036498760229	1.1320069914983746	0.1992406211913624	1.2835160882930428	111.2318507548035	74.60098523352754	5.56441793603914	0.0	0.1515090967946682	0.2471261182474008	0.1196367563104239	2.504997012252488e-12
K15377	SLC44A2_4_5; solute carrier family 44 (choline transporter-like protein), member 2/4/5	5.5909481130346734e-05	0.0001570372541492	1.0598759292461776e-05	0.0002017975004488	9.737277966127418e-05	0.0002939238866839	0.0024982760215023	0.0002210326231106	0.0001515123945552	0.0001134793908821	0.0001357652033035	0.0002834976611482	0.0002552642519241	0.0007987675424647	2.9876902107945486e-05
K15382	SLC50A, SWEET; solute carrier family 50 (sugar transporter)	0.0	0.0031393398830585	0.0	0.0	0.0	0.0	0.0	0.0	0.0	0.0	0.0	0.0	0.0	0.0	0.0
K15383	K15383; MtN3 and saliva related transmembrane protein	100.74173987608616	167.21421116986704	318.33499705224114	152.4107756148959	339.3443596594197	409.6945638117013	770.6221090982461	295.44405920093214	70.28119207803687	159.6045599744894	60.50025420428095	114.7465847084914	125.9107318072022	355.3709021266766	18.876929926163346
K15386	APDB; cytochrome P450 monooxygenase	0.0	0.0296166739042611	0.0	0.0	0.0	0.0	0.0	0.0	0.0	0.0	0.0	0.0	0.0	0.0	0.0
K15387	APDD; FAD-dependent monooxygenase	0.0	1.1434250740537491e-10	0.0	0.0	0.0	0.0	0.0	0.0	0.0	0.0	0.0	0.0	0.0	0.0	0.0
K15395	ftdB; hybrid polyketide synthase / nonribosomal peptide synthetase FtdB	0.0012779887626299	0.1911232648863544	0.0005985140265153	0.006520038574519	0.0038733196474757	0.0075379807033994	0.0547569156762242	0.0049353641253472	0.0034636326490054	0.0027963056419597	0.0030413411156122	0.0061340516702962	0.0056645629840674	0.0182020129499011	0.0006239742595798
K15396	trmJ; tRNA (cytidine32/uridine32-2'-O)-methyltransferase [EC:2.1.1.200]	23.54659780674165	89.50080924538013	30.31431461873212	140.83313746078332	214.3837813735854	294.7048350099727	506.5348137750635	110.10222866438622	95.6690059107388	111.11633445960108	47.93163287605419	159.06424986724693	108.42465529065684	338.85046770226006	20.585474050842397
K15408	coxAC; cytochrome c oxidase subunit I+III [EC:1.9.3.1]	6.0	19.995	14.25	37.5	263.005	108.0	394.7500000000092	65.51507801345491	171.5	76.00000000000527	37.995000000000005	667.2138336857716	67.96830051113447	406.57129251419406	51.0003037962261
K15431	phlD; phloroglucinol synthase [EC:2.3.1.253]	0.0	0.0222225265654123	0.0163346115901474	0.0	0.0431810867903582	0.0	0.0691000446132104	0.0	0.0	0.0	0.0	0.0	0.0	0.0	0.0
K15434	FAM98B; protein FAM98B	0.0	4.8788826689302864e-08	1.241075661227894e-22	0.0	3.2808246186403004e-22	0.0	5.250102402859956e-22	0.0	0.0	0.0	0.0	0.0	0.0	0.0	0.0
K15441	TAD2, ADAT2; tRNA-specific adenosine deaminase 2 [EC:3.5.4.-]	2.799641226807089e-06	1.2417232715491266e-05	2.985951278739587e-06	5.850409809839161e-05	2.927662893277579e-05	3.551125054277348e-05	3.763468721680096e-05	8.098189968850808e-06	7.595430150852752e-06	1.0817772273813046e-05	5.224998867142642e-06	5.41130891907514e-06	8.460472536863253e-06	3.856784423263361e-05	4.338971685960997e-08
K15442	TAD3, ADAT3; tRNA-specific adenosine deaminase 3	0.0	0.0	0.0	0.0	0.0	0.0	0.0	0.0	0.0	0.0	0.0	0.0	0.0	0.0	0.001005313711289
K15452	PUS2; mitochondrial tRNA pseudouridine27/28 synthase [EC:5.4.99.44]	8.910852095796036e-14	3.9522251318256753e-13	9.503849977393869e-14	1.86210061546801e-12	9.318326497891796e-13	1.1302716158537813e-12	1.1978575263478465e-12	2.5775364487822964e-13	2.417515288392422e-13	3.4431400643391573e-13	1.6630413804453566e-13	1.7223411686051397e-13	2.692845737327311e-13	1.2275585611469462e-12	0.0442712075866352
K15460	yfiC, trmX; tRNA1Val (adenine37-N6)-methyltransferase [EC:2.1.1.223]	31202.659351727845	18651.86201233731	74295.5153426818	14429.966552665275	7004.010569150772	7218.49721778891	6503.43478676503	37549.64030078724	19607.425175503507	5858.793886854415	615.0211984682724	2161.223172771165	1952.301205075931	1435.8050283064929	776.5291770664123
K15461	mnmC; tRNA 5-methylaminomethyl-2-thiouridine biosynthesis bifunctional protein [EC:2.1.1.61 1.5.-.-]	220.26534217770777	299.68390327646205	1074.889046184816	771.780759613545	519.8077539893605	562.841669843084	791.867469402865	950.20456497973	673.5866995874646	1081.9334932737352	67.89930507456647	1004.2081629404032	202.0317186703112	681.8348800699616	71.61720610047331
K15466	rifF, asm9; amide synthase	0.0	0.0814177353328267	0.1402046159099358	0.0	0.3706355461593889	0.0	0.5931053310259433	0.0	0.0	0.0	0.0	0.0	0.0	0.0	0.0
K15467	rif14; 27-O-demethylrifamycin SV methyltransferase [EC:2.1.1.315]	2.186018424596908e-09	0.0971447050946213	0.0002152923418969	7.890129636338226e-09	0.0005691351486517	1.1492201657574242e-08	0.0009108436578915	8.6422083837684e-09	5.92402002945592e-09	4.4369583524155595e-09	5.308316762030958e-09	1.1084544125091389e-08	9.980639178999463e-09	3.1231206755915896e-08	1.168164274778023e-09
K15468	pksS; cytochrome P450 PksS	0.4807053141285704	1.422136580057188	0.2340821330223862	2.207560009379602	1.389967198315276	2.730137840234885	21.129395101505136	1.87142580678666	1.3027747889488492	1.0258232092371515	1.1519376159424792	2.351725526506845	2.1525485461072424	6.853778650531225	0.242312722393567
K15469	rhiG; rhizoxin biosynthesis acyltransferase	0.000981889053365	0.0007131846141109	0.0005972348077469	0.0003219034642065	0.0016090984037053	0.0004330088064386	0.0836704219619415	0.0001060162357692	0.0005345351852239	4.783917126780242e-05	0.0031130274342481	0.0101542118761658	0.0019806677760018	3.104863357271938e-05	0.0
K15474	enhC; enhanced entry protein EnhC	0.0034508073313197	0.009692547613619	0.0006541694812738	0.0124552093833176	0.0060099771118034	0.0181413721342616	0.1541969096540387	0.0136424266666456	0.0093515459515397	0.0070040985194804	0.0083796084210778	0.0174978516652961	0.015755248200389	0.0493009921721723	0.0018440420255528
K15475	lpnE; enhanced entry protein LpnE	38.66242268720896	0.4996904623696762	14.626346548514872	4.538122025743824	0.3501164741559131	1.3516344637440143	0.0027766830800906	0.0708904818430058	4.379624542253451	0.0281054932951779	2.207682649962531	0.0168874385776664	3.572260355384195	0.0011392421584158	2.425918052864688
K15495	wtpA; molybdate/tungstate transport system substrate-binding protein	24.917440077786416	62.57747582423973	87.52265727624568	157.75259351931848	242.3941103118451	473.6250023797529	336.1325663684403	105.25900350204334	47.304430438329526	118.27944893933204	26.13830954948231	90.76029008451164	146.11385033988057	107.53428023860184	17.31147219213378
K15496	wtpB; molybdate/tungstate transport system permease protein	22.751955718999252	57.55514830820836	83.69944947250926	140.72576900099395	233.1147098194928	462.8228760131743	321.3936637369278	93.18433851948656	45.01563858862756	112.92545972517428	24.620024665781187	89.18786705787052	143.6553985988733	92.83107039617596	17.31147219213378
K15497	wtpC; molybdate/tungstate transport system ATP-binding protein [EC:3.6.3.- 3.6.3.55]	522.5476959741679	777.8470384555951	368.2142298975676	746.9162310978079	997.1708714453893	1186.719955780536	457.6848050063986	1781.812369278182	260.5724039606331	258.2146686634021	103.06015999239266	121.91272852600054	837.5201195839802	220.06971919462077	25.851798800398825
K15502	ANKRD28; serine/threonine-protein phosphatase 6 regulatory ankyrin repeat subunit A	0.0	0.0	0.0	0.0	0.0	0.0	0.0	0.0	0.0	0.0	0.0	0.0	0.0	0.0	0.0079414160503407
K15503	ANKRD44; serine/threonine-protein phosphatase 6 regulatory ankyrin repeat subunit B	0.308013434631851	1.032719017032575	0.1784814003957559	2.9372596918819283	1.5157446486584596	2.5178212723572235	10.253979434639287	5.678073038150586	0.8290739841354969	0.8406618461042245	0.6783788691480714	1.2246891131388262	1.2596705272447777	4.489999038240409	0.1108232689487266
K15504	ANKRD52; serine/threonine-protein phosphatase 6 regulatory ankyrin repeat subunit C	0.0	0.0	0.0	0.0	0.0	0.0	0.0	0.0074228656150324	0.0	0.0	0.0	0.0	0.0	0.0	0.0
K15509	hpsN; sulfopropanediol 3-dehydrogenase [EC:1.1.1.308]	249.03924592268712	188.10574249954425	1070.576148059799	1303.9405543161838	1256.470456599537	590.7480524599396	391.7911383725011	298.55792444196203	185.5193990443125	160.6097848037052	75.04690306134793	428.8032431618413	75.05459977925236	196.1967679554791	4.1274086388186095
K15510	fgd1; coenzyme F420-dependent glucose-6-phosphate dehydrogenase [EC:1.1.98.2]	0.0	0.5453819031070883	515.79	1251.96	926.41	380.48	40.19	0.0	0.0	106.51	49.57	93.78	38.18	5.36	0.0
K15511	boxA; benzoyl-CoA 2,3-epoxidase subunit A [EC:1.14.13.208]	4.650702263600064	18.06278467569266	1.0476445178759732	26.77606334998406	76.72776481152268	48.579385998166096	514.548060868909	69.38609301744015	169.62922284831868	82.81884475691025	26.29331779779569	763.2321591664739	65.23357273623688	385.1958303334004	3.553249755906228
K15512	boxB; benzoyl-CoA 2,3-epoxidase subunit B [EC:1.14.13.208]	0.0	5.19573637795064	0.4606047407932017	9.99	69.40680130333052	24.13	307.98090148767034	51.0	157.02601097673517	73.37932127407812	15.0	739.6500548836758	44.0	318.75217994199306	0.0
K15513	boxC; benzoyl-CoA-dihydrodiol lyase [EC:4.1.2.44]	0.0	5.195736377950853	0.4606047407932017	9.99	69.40680130333052	24.13	307.98090148767034	51.0	157.02601097673517	73.37932127407812	15.0	739.6500548836758	44.0	318.75217994199306	0.0
K15514	boxD; 3,4-dehydroadipyl-CoA semialdehyde dehydrogenase [EC:1.2.1.77]	0.0	0.0	0.16601097673515	0.0	58.63803293020545	7.14	268.7646862270967	51.0	157.02601097673517	73.37932127407812	15.0	692.6900548836758	44.0	283.7821799419931	0.0
K15515	sauS; sulfoacetaldehyde dehydrogenase [EC:1.2.1.81]	1098.266969561544	1170.923989796025	739.4342728272599	1323.6529064017486	580.0952595886614	548.5411090106496	1522.3846878957418	1384.8442875208057	986.6191918815634	700.7623418736171	122.96226469296936	264.5728939174158	107.96816432263084	139.3046665863924	30.466567505153748
K15518	dgk; deoxyguanosine kinase [EC:2.7.1.113]	4.178961524143653	254.7197555256235	45.25652363617201	322.30949016937666	2301.1606967483413	2337.53665749453	116.30106459335364	36.73714198116975	22.703468056833195	108.44672150713998	203.8492745133392	31.09508803643724	49.503814322209074	328.9982610040713	3.690659865551967
K15519	dck; deoxyadenosine/deoxycytidine kinase [EC:2.7.1.76 2.7.1.74]	4.187282131177604	254.75866833055392	45.26648087558503	322.5047130847328	2301.2584699745053	2337.651368999158	116.37433794387084	36.7599000868055	22.726045630928084	108.48113723234827	203.8641093831342	31.10729595921292	49.52705288675155	329.11225489334475	3.69
K15520	mshD; mycothiol synthase [EC:2.3.1.189]	196.4804688167484	757.0288618779696	866.2567404846886	2000.819185166863	1189.3843436791576	670.6612373736368	1329.234849533145	375.7242889746134	890.8669311574427	684.3497820189535	141.29586510399602	241.44126082616776	110.04456290222356	107.38076704413965	20.902912288847144
K15521	mshA; D-inositol-3-phosphate glycosyltransferase [EC:2.4.1.250]	0.1507346538562632	2.9700481664570604	519.3344709485546	1255.1099018129871	936.9312111598218	382.39195071972586	56.530311842547846	0.4360122469010574	0.4089433044904601	107.09243647206496	61.25131761602052	94.07134868032942	38.635517795313696	7.436519875019289	0.0
K15524	mngB; mannosylglycerate hydrolase [EC:3.2.1.170]	764.3651413970799	699.7297851049481	435.66145240869696	674.1038547930432	993.7065249165396	705.7494618228043	1020.725765420758	1241.5183386984663	929.6752069836166	2840.7202306867102	146.60198468772137	152.93833943671885	173.1596922408884	621.0631291569783	22.717330039639695
K15525	mshB; N-acetyl-1-D-myo-inositol-2-amino-2-deoxy-alpha-D-glucopyranoside deacetylase [EC:3.5.1.103]	0.0	2.136064820701455	519.0490943892255	1251.96	935.0255239689934	380.48	53.976894561360666	0.0	0.0	106.51	60.97	93.78	38.18	5.36	0.0
K15526	mshC; L-cysteine:1D-myo-inositol 2-amino-2-deoxy-alpha-D-glucopyranoside ligase [EC:6.3.1.13]	0.0	2.030510230630485	519.1979681206051	1251.96	935.4190766090442	380.48	54.60667271208614	0.0	0.0	106.51	60.97	93.78	38.18	5.36	0.0
K15527	K15527; cysteate synthase [EC:2.5.1.76]	1437.9358549907993	1029.7769664438938	2811.909297859632	833.738075718598	164.17710652151686	169.3450595849162	116.9717575480887	3159.3923679844515	407.2977803222132	132.95899869361926	29.395134322746337	53.32698760829375	708.679869136955	16.621598407843972	11.058426225626825
K15528	FAAH; fatty acid amide hydrolase [EC:3.5.1.99]	0.0026165100893335	0.0116049922292152	0.0027906331612321	0.0546772070206966	0.0273615755657544	0.0331883758677129	0.0351729135393465	0.0075684682579874	0.0070985951457803	0.010110156268426	0.004883219364585	0.0050573424364836	0.0079070530685385	0.0360450305532966	0.977653356827882
K15531	rexA; oligosaccharide reducing-end xylanase [EC:3.2.1.156]	2382.459702491424	3507.2690109307323	2207.4248244489577	2721.796055786015	1018.3889287977134	1314.7970341629125	3073.145910668459	3650.826533574205	2895.0920698571954	3248.0053983534885	184.19526143523595	352.6176223362388	596.7094488962515	335.1741126433726	62.9458417496718
K15532	yteR, yesR; unsaturated rhamnogalacturonyl hydrolase [EC:3.2.1.172]	9118.18280237016	7146.577158750167	12973.216142231991	4764.362211382536	2844.151972190044	2676.1795013956566	2963.4925982575105	9615.237506250218	3968.013088594732	2527.00686342487	411.9631592521666	1292.3096879518016	2287.310213342779	1434.7688366252462	172.87931900937195
K15533	K15533; 1,3-beta-galactosyl-N-acetylhexosamine phosphorylase [EC:2.4.1.211]	16365.033741008132	7127.063076037213	4896.93190542583	9058.574282632448	72183.46305462446	30175.562636224586	3126.223542887824	9467.543978277834	3189.2675083777144	1923.9889655297927	4883.3357967797365	1566.780665106519	1684.8659155029604	38921.92392202839	244.2265827350505
K15534	K15534; beta-D-galactosyl-(1->4)-L-rhamnose phosphorylase [EC:2.4.1.247]	870.2508134817352	361.90145447247926	153.58995209896594	65.94991441235756	130.65068430368228	144.55547013254997	7.31198660978215	442.1021407652674	229.6166219454232	110.04979391187352	13.409250817464516	8.88297278354427	18.265456425057167	0.3198880804122865	0.0
K15536	cybC; soluble cytochrome b562	16.670005525623502	68.03175187381717	21.8686629086329	74.64588628788397	156.6035015047798	158.6305168794733	167.3582166724591	84.62275825297537	72.57650959824366	74.4049394575907	32.48411392476387	28.16981627653113	77.18447731553717	205.95296699841472	17.838328693535228
K15537	AGMO; alkylglycerol monooxygenase [EC:1.14.16.5]	0.0	0.0	0.0	0.0	0.0	0.0	0.0	0.0	0.0	0.0	0.0	0.0	0.0	0.0	5.6090554363457655e-06
K15538	MANEA; glycoprotein endo-alpha-1,2-mannosidase [EC:3.2.1.130]	465.6882009420849	56.20928949269792	454.5126969537016	0.0038110467355803	19.796577550418515	0.0	0.0	433.0516399076454	226.0011786742481	0.0	0.0	0.0037914021647784	0.0	0.0001768011372176	0.0005562957921706
K15539	rodZ; cytoskeleton protein RodZ	22.77597963499055	88.17159805653951	42.68094517587762	122.63662866172724	457.6736689782907	357.7511099524468	634.4387682203167	265.9671188188888	259.4854878182521	192.95998577082025	77.36209697130845	894.702358917711	134.52992192083806	448.5947872704111	66.61905647169641
K15540	ecpD; chaperone protein EcpD	13.848098190295543	66.42974689432029	45.187914404436725	129.7899578413265	375.3577352176077	376.9168055015184	385.2584326230207	89.59213129443293	110.6383314960107	127.26910692823586	47.44379836266932	249.5621448328786	86.07818262945081	183.5744038002841	15.417022750696171
K15542	PFS2; polyadenylation factor subunit 2	1.132671135877446e-69	1.3425099877364935e-69	2.6394978421312596e-82	5.171599476054538e-81	2.587972531338772e-81	3.139095732955117e-81	3.32680162617933e-81	3.062729908816263e-69	6.71414889987662e-82	9.562609670392803e-82	1.0480475989029378e-70	4.7834465072161497e-82	7.478822298094479e-82	3.4092901097389003e-81	0.0
K15545	mlc; transcriptional regulator of PTS gene	14.979990952791816	64.32581037213336	21.871211710127447	74.67461832327668	156.62193789596583	158.65321408143626	133.4016594111145	75.09509395290394	75.52226996403616	74.41265429755684	32.48693008258876	27.78804215835315	76.46356967127915	71.98131681743914	15.50002200508154
K15546	boxR, bzdR; XRE family transcriptional regulator, aerobic/anaerobic benzoate catabolism transcriptional regulator	57.13491733859636	16.768246995381155	57.46604869233008	23.99427944465752	106.31090416505351	28.43416474754195	424.2959446195327	114.28473107222555	157.18061943792753	79.62506720342934	15.341848699002202	746.9387659834259	56.60407782645702	342.90838557298935	0.0079221029783627
K15547	mdtO; multidrug resistance protein MdtO	9.999747500362531	53.53060754112666	36.1183878149288	112.14049314221224	243.10080374537503	158.627244329405	224.0202843316297	88.55891712610436	92.07580998668718	91.40394277796364	32.48363249391748	69.6693176125298	74.35369796451528	142.9594118474839	15.500022145661823
K15548	aaeA; p-hydroxybenzoic acid efflux pump subunit AaeA	10.001340934798128	53.5349379631101	21.87522356355651	74.65457864182244	156.6208867614331	158.6646086098396	98.77965739813044	70.62838134969404	75.51880561940453	74.41290576279609	32.48495694059494	26.67459583944584	74.36387301343807	71.96359920222137	15.501170181600424
K15549	mdtN; membrane fusion protein, multidrug efflux system	10.089623182422498	54.01520626947232	36.317665469364286	112.81661375547554	244.5273178705786	160.06744510669887	224.786280626953	89.19698065337512	92.73432044092756	92.08006339122694	32.77670933734551	69.90573171630378	75.025895070846	143.59647988011602	15.640720929150625
K15550	mdtP; outer membrane protein, multidrug efflux system	9.85000000098569	53.11000000531472	21.840000002185526	74.10000000741518	156.34000001564493	157.84000001579506	83.99840694137961	70.0300000070079	72.17000000722204	74.12791550814332	32.120000003214244	25.910000002592813	73.67000000737215	69.85910177305622	15.420000001543078
K15551	tauA; taurine transport system substrate-binding protein	721.0759822292127	1209.0655521841977	469.4405886200338	761.279857349137	987.7229086001022	818.4983914019915	765.8452470753662	2483.525304241089	727.2751032104788	454.0555782423529	98.5147442411154	999.3846086414294	866.2679766375454	613.0956548789012	39.0967787196727
K15552	tauC; taurine transport system permease protein	11438.002050232582	6381.38937761158	3842.7751631578826	3652.813625163061	3805.797724873773	3981.259647910021	3932.152724707265	11326.89791704599	4107.837942789776	2288.12126047478	331.8156932043876	2161.882144170134	1976.0101951545485	1228.440870738164	332.2807510970191
K15553	ssuA; sulfonate transport system substrate-binding protein	1400.2032660555778	1925.973177678758	2405.185237698514	1037.2305220994367	1893.9675749197163	1232.9726913561872	3335.8250234577526	2903.729923274585	2046.1158253584133	2254.258106891065	281.4228880766153	4347.7384333378495	436.0246374659956	3197.395360598144	128.33243570928914
K15554	ssuC; sulfonate transport system permease protein	12953.691759411322	6175.947020283946	5319.750947509369	4021.085685898262	4882.521561333075	4563.078815993633	4711.229531520916	9542.59194851296	4497.13157809656	3575.4818331024035	372.52446665928096	2858.3750166910563	1045.4316593562855	2512.6271415325546	334.5337155745598
K15555	ssuB; sulfonate transport system ATP-binding protein [EC:3.6.3.-]	33211.41461295521	16365.189845701523	11786.070635149585	10447.405385781052	15755.900565679543	15305.46372626416	9459.628791214933	31923.895902971228	10966.055542744256	7599.585679153232	723.0128463915474	5655.740888268385	3985.184579206468	3724.029011072391	785.8182379674759
K15561	NAB3; nuclear polyadenylated RNA-binding protein 3	0.000365884925603	0.0016228073171663	0.0003902337738903	0.007645896686775	0.0038261606867366	0.0046409629700059	0.0049184747676105	0.0010583519080591	0.0009926462609058	0.0014137739384945	0.0006828547542003	0.0007072036024876	0.0011056985927611	0.005040428995904	0.0
K15568	nmsC; naphthyl-2-methylsuccinate synthase gamma subunit [EC:4.1.99.-]	0.3943568544111216	1.5142280064079323	0.347683794041656	6.812209877188692	3.493125034721792	4.187592798149691	12.988721809632692	1.0245544713707442	0.8844109383263584	6.222875466418249	0.6083982156461513	0.6300921348286947	0.9851363657358564	11.44296002481082	0.0
K15569	bnsE; naphthyl-2-methylsuccinate CoA transferase subunit [EC:2.8.3.-]	0.3943568979068025	1.5142281993240772	0.3476838404318801	6.8122107861178645	3.4931254895682544	4.187593349858249	12.98872239433131	1.0245545971855394	0.8844110563301956	6.222875634484916	0.6083982968225825	0.6300922188996692	0.9851364971791322	11.442960624007116	0.0
K15570	bnsF; naphthyl-2-methylsuccinate CoA transferase subunit [EC:2.8.3.-]	0.4757886873172421	1.64052348373094	0.361615864395658	7.085126429308229	3.713863137047964	4.405918099059914	13.164696244090509	1.1439343723041129	0.9198453939414476	6.273339379778805	0.6327876033393539	0.6553853847484514	1.0246132821084792	11.622874784806768	0.0
K15571	bnsG; naphthyl-2-methylsuccinyl-CoA dehydrogenase [EC:1.3.99.-]	0.3943568544111216	1.5142280064079323	0.347683794041656	6.812209877188692	3.493125034721792	4.187592798149691	4.382178280092942	1.0245544713707442	0.8844109383263584	1.2596200527510248	0.6083982156461513	0.6300921348286947	0.9851363657358564	4.490834966493479	0.0
K15572	bnsH; naphthyl-2-hydroxymethylsuccinyl-CoA hydratase [EC:4.2.1.-]	0.3943568544111216	1.5142280064079323	0.347683794041656	6.812209877188692	3.493125034721792	4.187592798149691	4.382178280092942	1.0245544713707442	0.8844109383263584	1.2596200527510248	0.6083982156461513	0.6300921348286947	0.9851363657358564	4.490834966493479	0.0
K15574	bnsA; naphthyl-2-oxomethyl-succinyl-CoA thiolase subunit [EC:2.3.1.-]	0.0	7.594883211161396e-05	0.0	0.0	0.0	0.0	0.0	0.0	0.0	0.0	0.0	0.0	0.0	0.0	0.0
K15575	bnsB; naphthyl-2-oxomethyl-succinyl-CoA thiolase subunit [EC:2.3.1.-]	0.1628539960027325	0.252584009318648	0.02785826870659	0.5458303679856666	0.4414605440059321	0.4366465957471668	8.957666883975952	0.2387588165422508	0.0708636927840004	5.064182849743072	0.0487480902548184	0.0504863220626948	0.0789343479898143	7.3119545624746065	0.0
K15576	nrtA, nasF, cynA; nitrate/nitrite transport system substrate-binding protein	11.21813540489849	43.1702646317714	28.00423232348557	97.40941995606424	358.2584318691177	261.51424960283657	1125.2627968619906	154.2592168660233	358.3348538816697	199.71737991887989	74.07691313381906	1610.772056160523	139.54972510800022	852.3108362919002	97.16827328555937
K15577	nrtB, nasE, cynB; nitrate/nitrite transport system permease protein	5.390164129877589	24.88889001839004	6.271405024856038	41.822932160229485	152.4218058749005	87.68981023538485	837.2372239544083	131.46067624004723	327.7301679794099	155.95823268553391	55.04732070207324	1454.9061643414088	120.22558747014162	739.0519081167454	45.054253454280776
K15578	nrtC, nasD; nitrate/nitrite transport system ATP-binding protein [EC:3.6.3.-]	5.223969725944772	24.40603036111368	6.175191199561969	40.96871934440386	151.89300464197038	86.49143807869481	830.6670987493053	130.81432107811483	327.2909600929679	155.55284541166333	54.67129415594113	1454.1205450163295	119.45861485352746	736.8404449430501	44.968492387157866
K15579	nrtD, cynD; nitrate/nitrite transport system ATP-binding protein	2.5829685200836425	7.256067922017164	0.4902387507569055	9.334406784419484	4.504354637292747	13.58398149363704	115.39728354134536	10.210803275252085	6.999740494478357	5.24387191327738	6.271856993682966	13.09524616250506	11.791951860656356	36.902012144146994	1.3969963292451255
K15580	oppA, mppA; oligopeptide transport system substrate-binding protein	32844.60709703424	52206.73040609012	105532.38294723768	37348.16661661667	184518.5053922626	84145.55327825873	26420.40636648817	73765.88899316141	14226.013754036543	12029.58762294817	13180.288955812402	4330.530284059438	7621.791979188523	94472.90517178	955.852024293236
K15581	oppB; oligopeptide transport system permease protein	25133.24893486646	21929.014200951075	28216.928610794035	23438.056407257405	82330.3373502635	39359.71369130538	13404.617978910765	31427.464848537034	11948.42602539496	7949.1789390687645	6064.122350122426	3270.9619301115654	6290.851882338809	41467.26237098774	668.2524121523544
K15582	oppC; oligopeptide transport system permease protein	22950.83847557841	22219.134069116604	27942.03896823112	23114.611298347238	81730.55351131957	39206.43397077097	14166.52314932889	33144.7959956093	11493.947251724723	7873.785532967017	6087.659928150381	2958.254366122688	8120.43472032178	41810.8820688462	655.310675485122
K15583	oppD; oligopeptide transport system ATP-binding protein	33366.529814448586	31057.728630163856	34526.339287805684	32582.946769873302	91657.99030646244	47439.43146488365	19895.615132604395	48885.23530798704	16486.255224049233	11549.106078297307	7124.9238820042665	5755.087747594828	12225.268685080107	44145.20813217237	1080.4403086028876
K15584	nikA; nickel transport system substrate-binding protein	7517.432059108787	5063.998785490308	1913.8487536502053	3276.4471380215177	9145.970431523076	8141.17919521192	1205.8874862958346	13448.966058816644	2754.462909207481	1909.2697814004423	247.6757423730907	802.9597431080706	1616.211566162954	688.054448194302	300.6315381397284
K15585	nikB; nickel transport system permease protein	5479.191401886081	2400.268933851626	1210.4311750766194	2670.3659127023043	8814.438269820717	7805.201550184545	946.1715003879098	10429.52226524559	1625.4345581851182	797.6723255502329	209.93795426721917	644.3962740262141	1397.0470558178483	637.0971361463937	192.36849453483677
K15586	nikC; nickel transport system permease protein	3243.6463994537253	3938.572147485419	1665.1642540664257	1635.7042150551702	2450.02917799261	2165.538608110298	1265.498844514428	5764.28248773908	1673.6652199844789	682.6505591434146	247.41399164959003	1108.367623057527	1237.327881609061	535.8727297180727	155.71454085660338
K15587	nikD; nickel transport system ATP-binding protein [EC:3.6.3.24]	6893.329537474197	4826.757712540723	1888.681029663916	3087.817809841645	8275.711065375874	7231.561463789876	1218.672780061897	12902.786829112614	2531.777014661297	1821.1490876874157	185.0325108760868	912.2092285681348	1362.6633856976257	711.8775114809415	272.4869857011128
K15598	thiY; putative hydroxymethylpyrimidine transport system substrate-binding protein	4338.194918933335	2544.443439041046	2022.066927060192	3999.444798297064	8666.321480502165	8076.625385201743	2454.389396043483	7743.198182869641	1279.1239765038065	613.8349272646535	97.16857670114756	989.866761625489	660.7988401820614	522.8212433394015	71.93719569814617
K15599	thiX; putative hydroxymethylpyrimidine transport system permease protein	4168.836893010639	2470.649986906586	2011.7328697347064	3971.1865690713566	8656.362337461718	8061.165729781956	2443.7645865341383	7596.805951053275	1276.3175901243176	610.2340600313994	111.50661782608476	981.4545254218352	659.232228751343	519.6529306765813	71.22820214265963
K15600	thiZ; putative hydroxymethylpyrimidine transport system ATP-binding protein	4179.871457849722	2553.6555092429408	2041.742740263931	4049.171514588317	8661.358383811203	8057.394954222943	2477.558061759177	7742.641453545928	1288.2604574180507	607.1899580333014	102.74469324619211	1025.6664660609435	665.3163741325267	484.04754295474027	71.22820214265963
K15617	LDB1; LIM domain-binding protein 1	0.0	1.3079352602392894e-20	0.0	0.0	0.0	0.0	0.0	0.0	0.0	0.0	0.0	0.0	0.0	0.0	0.0
K15629	CYP152A; fatty-acid peroxygenase [EC:1.11.2.4]	677.1973033880795	444.82772500880907	224.4868705293353	118.27091601684174	1045.1940987363469	1038.2565598363722	93.68924447499816	351.10441202175537	218.97613682782537	135.14569709336132	129.4164275998254	17.30552899644592	22.117054509770558	127.05167090004012	52.47005000352867
K15632	cfr; 23S rRNA (adenine-C8)-methyltransferase [EC:2.1.1.224]	717.0818677314875	708.67659247879	312.826770074651	580.4184510806537	187.52098265186223	191.33470715283585	121.43203073798718	1931.9035559782465	489.8044073253738	692.0481009473117	33.31416490578915	39.90660022925323	718.8215584380837	10.164407446733662	10.978000831382555
K15633	gpmI; 2,3-bisphosphoglycerate-independent phosphoglycerate mutase [EC:5.4.2.12]	52401.62274588212	47452.22240884128	87826.70468166909	39534.24176460302	86413.40887832461	50019.22167787303	18381.83859125	67934.14956970728	29448.1631188448	12318.88707600141	5534.215083216993	5799.291980848264	6278.465287157755	37541.5936053624	1494.8874457225893
K15634	gpmB; probable phosphoglycerate mutase [EC:5.4.2.12]	63532.84712084106	89849.69925962671	179842.29255697766	40000.61455985589	130271.05134197156	76606.15309752303	37836.13194393011	127064.27670620638	27073.172421415875	19331.53577041648	9229.490431385097	9008.320417554012	8476.418341620947	55082.35378597467	1419.8404510978326
K15635	apgM; 2,3-bisphosphoglycerate-independent phosphoglycerate mutase [EC:5.4.2.12]	34518.022972950814	28650.841542986094	61620.782689668325	18230.96044926836	13522.34044491845	13247.120295557785	7551.377986092874	41564.18440538405	19442.39044696432	7473.56773846794	520.3341562145913	2891.769863881956	3399.743011874712	1482.7208568949754	898.1824396081437
K15640	K15640, phoE; uncharacterized phosphatase	923.9867611072776	1217.6371666672198	575.2704506395712	948.721483963235	2508.4766507435147	1573.968773418382	694.7126607441726	2564.787643644806	501.11400319688846	982.8104048230912	283.3005446666172	130.4602867262165	756.8505973327967	861.4448889899344	40.43011340375449
K15641	mxaF; myxalamid-type polyketide synthase MxaF	0.0	0.0049277325382274	0.1191951042327939	0.0	0.3150962061422124	0.0	0.5042291317860462	0.0	0.0	0.0	0.0	0.0	0.0	0.0	0.0
K15642	mxaD; myxalamid-type polyketide synthase MxaD	1.5465908338544103	4.502154476258236	0.5715271717637903	5.60559142582564	3.4380207850787983	8.140689624438082	76.1095778238965	6.132708837849353	4.191201671093631	3.1415945517791606	3.754832071045751	7.837982919981989	7.059135377556164	22.09514200653183	0.8307785639354769
K15643	mxaB; myxalamid-type polyketide synthase MxaB	0.5475394389450002	1.672099002248481	0.1070128512428244	1.9762674942140843	0.9621038894802244	2.878490673742285	42.093244078749365	2.783826464269847	1.4838093616824617	1.1113399866938087	1.329592078877706	2.7763833108281206	2.4998845000080623	7.822586137563185	0.2928805467711788
K15644	cfa6; coronafacic acid polyketide synthase Cfa6	0.0	3.4752385629834675e-09	1.2176151895524751e-05	0.0	3.2188060846844616e-05	0.0	5.150857946971197e-05	0.0	0.0	0.0	0.0	0.0	0.0	0.0	0.0
K15645	cfa7; coronafacic acid polyketide synthase Cfa7	0.0	1.6242733380772905e-07	0.0005690975213341	0.0	0.0015044281478801	0.0	0.0024074440886721	0.0	0.0	0.0	0.0	0.0	0.0	0.0	0.0
K15646	cmaA; coronamic acid synthetase CmaA, adenylation and thiolation didomain protein [EC:6.2.1.46]	0.0	0.0	0.0	0.0	0.0	0.0	4.517698954455988e-23	0.0	0.0	2.6052844229582977e-23	0.0	0.0	0.0	3.649270813469889e-23	0.0
K15647	cmaE; coronamic acid synthetase CmaE, aminoacyltransferase [EC:2.3.2.28]	0.0	0.0	0.0	0.0	0.0	0.0	4.517698954455988e-23	0.0	0.0	2.6052844229582977e-23	0.0	0.0	0.0	3.649270813469889e-23	0.0
K15648	cmaD; coronamic acid synthetase CmaD, carrier protein	0.0	0.0	0.0	0.0	0.0	0.0	4.517698954455988e-23	0.0	0.0	2.6052844229582977e-23	0.0	0.0	0.0	3.649270813469889e-23	0.0
K15649	cmaT; coronamic acid synthetase CmaT, thioesterase component	0.0	0.0	0.0	0.0	0.0	0.0	4.517698954455988e-23	0.0	0.0	2.6052844229582977e-23	0.0	0.0	0.0	3.649270813469889e-23	0.0
K15650	cmaB; non-haem Fe2+, alpha-ketoglutarate-dependent halogenase	0.0090839239130853	0.1295880896779284	4.873377286459273	7.374184113544695	22.902028338458823	59.373032556922766	52.63956613942425	3.897572066723972	4.664266772261653	13.548391741413088	0.0220585266026458	72.90129266468108	2.3612990567331504	25.44274714915652	0.0052243594633962
K15651	cmaC; aminocarboxycyclopropane-forming enzyme	0.0	0.0	0.0	0.0	0.0	0.0	4.517698954455988e-23	0.0	0.0	2.6052844229582977e-23	0.0	0.0	0.0	3.649270813469889e-23	0.0
K15652	asbF; 3-dehydroshikimate dehydratase [EC:4.2.1.118]	0.1747510515025332	0.7750723389148301	0.1863803549893329	3.651772434984847	1.8274204714033475	2.2165798649839545	2.349122845145931	0.5054816305651783	0.4740998213507947	0.6752354771971069	0.3261396629646209	0.3377689664514205	0.5280949779809176	2.407369654834364	0.0
K15653	mxcG; nonribosomal peptide synthetase MxcG	4.657418411941253	13.710654629829447	1.783464941546368	16.81030435398139	10.49208430925684	24.484693720547032	211.9230979814729	18.412644648142887	12.621412357484756	9.45315523924152	11.309626646197266	23.61615955075738	21.2642364548166	66.53960265635378	2.4888307162948062
K15654	srfAA, lchAA; surfactin family lipopeptide synthetase A	370.8897996424432	1316.366650450181	192.821929449954	1915.5382908659496	761.4281466833363	952.1121456905704	348.2678319384007	1542.6423701101694	592.7805941342043	1086.2025195316585	75.0889101510108	113.60174942010846	661.8071554018699	447.0719352983005	19.29016750252474
K15655	srfAB, lchAB; surfactin family lipopeptide synthetase B	0.0003874332820057	0.0017183806687174	0.0004133902055118	0.0080961926549767	0.00405195804113	0.0049142869501195	0.0052088788770191	0.0011206822816779	0.0010511069787846	0.0014970364687813	0.0007230706706952	0.0007488535153681	0.0011708173929181	0.0053372790512793	3.0915846992492176e-08
K15656	srfAC, lchAC; surfactin family lipopeptide synthetase C	0.002918815964147	0.0129458077461733	0.0031130568363897	0.0609944923879987	0.0305228723906358	0.0370228885039259	0.0392367153341858	0.0084429125901734	0.0079187513623514	0.0112782616954544	0.0054474158903065	0.0056416567625492	0.0088206167520213	0.0402095948477418	0.0
K15657	srfATE, srfAD, lchAD; external thioesterase TEII	0.0235470039238126	0.1452445275819621	0.0024721109583822	18.852309944080204	0.0381803680702595	0.0556466605157505	0.2196416573898495	20.23968478411136	91.02988879995652	321.109511235653	0.0043258498720215	0.6219552092333522	0.1905004753049298	0.0319308593705251	0.0
K15658	ofaA, arfA; arthrofactin-type cyclic lipopeptide synthetase A	0.0	0.0	5.045647228137918	10.091294456275836	27.09483395919148	81.54699219580125	64.8376185899912	5.308137546364746	6.377542546548119	18.59792513955267	0.0	100.14491733535394	3.1887712732740594	34.794549960511766	0.0
K15659	ofaB, arfB; arthrofactin-type cyclic lipopeptide synthetase B	0.0	0.0	5.9431962019363365	11.886392403872671	31.91462006704541	96.053043818578	76.37383642597763	6.289827560862425	7.512016779326081	21.906231858004254	0.0	117.95927567658228	3.756008389663041	40.9840061786708	0.0
K15660	ofaC, arfC; arthrofactin-type cyclic lipopeptide synthetase C	0.0165271235583773	0.1028073787322738	7.666108627667057	15.352933946121292	41.13398449936956	123.67074470846984	99.05721670087372	8.286499407678697	9.709906056069826	28.218562114346216	0.0401328762950707	151.85267969999694	4.908016510987824	52.96700102307352	0.0088317623897888
K15661	ituA, mycA, bmyA; iturin family lipopeptide synthetase A	92.72586076385232	27.815520584592484	69.59338436798856	13.949291408617388	34.252775977121416	49.85841942290234	134.75114283119538	52.17994935833104	7.979571983744112	10.091785637520257	4.994074105108533	1.2633113511147718	15.437407623288108	2.465518923183305	1.4674778998304849e-08
K15662	ituB, mycB, bmyB; iturin family lipopeptide synthetase B	181.17556460753255	763.0056569164116	111.8528610559144	27.311738842938222	104.83249711251928	66.49643794379931	198.06715024316236	160.76680478890063	81.57929841429142	45.535488803874586	1.5695138542634883	169.71233945101358	7.615291000647926	151.26658143243034	26.16638213401119
K15663	ituC, mycC, bmyC; iturin family lipopeptide synthetase C	0.3470814283128087	4.6162607146714105	6.9542459947701305	129.86911212102032	2.316010988080249	21.478214228535155	7.482568660726613	2.482177129347771	11.288116507675962	16.857836377644574	0.3978768279680877	4.237292800932167	3.879959485866421	11.64996048972404	0.0004022515746473
K15664	K15664, ppsA, fenC; fengycin family lipopeptide synthetase A	3.854274090491153e-06	1.7094839821850815e-05	4.110767672271125e-06	8.05427593111098e-05	4.03052188516367e-05	4.888844026777251e-05	5.181178161492134e-05	1.1148801309950043e-05	1.0456650429438854e-05	1.4892858053580944e-05	7.193270896157286e-06	7.449764477936852e-06	1.1647556758311352e-05	5.3096461549636e-05	8.983185251150176e-07
K15665	K15665, ppsB, fenD; fengycin family lipopeptide synthetase B	15.00021510098021	45.2953616632506	35.081221442582404	64.21479893164282	188.75302305603145	106.7219896892658	31.37382747907765	71.72850476706809	48.54300751093993	70.67593324889634	18.36485788119473	40.70454132238607	8.884467797583007	71.73128299580596	0.3649575108501039
K15666	K15666, ppsC, fenE; fengycin family lipopeptide synthetase C	7.706103329765399e-06	3.417883600908715e-05	8.218927793778306e-06	0.0001610344285703	8.05848712123981e-05	9.774586951767884e-05	0.0001035906978719	2.2290530688893148e-05	2.090666797446755e-05	2.9776269238236443e-05	1.4381978941647722e-05	1.489480340566063e-05	2.3287725214014745e-05	0.0001061592428405	0.0
K15667	K15667, ppsD, fenA; fengycin family lipopeptide synthetase D	745.5840826753017	942.5938905095906	482.2587827319283	1848.003371624824	389.9989700461552	586.2524235115508	346.06718722256244	2452.634439095032	967.0265069883424	2103.1792651773494	61.33563379450855	276.6920408582248	1008.365300782809	66.70044873871022	11.103037918267775
K15668	K15668, ppsE, fenB; fengycin family lipopeptide synthetase E	0.0056811927536202	0.025197761715961	0.006059263810308	0.1187198756008945	0.0594098167117671	0.0720614689210321	0.0763704685634666	0.0164333121429798	0.015413083048097	0.0219520447348148	0.0106028677594303	0.0109809388161181	0.0171684767349452	0.0782640843687977	0.0
K15669	hddC; D-glycero-alpha-D-manno-heptose 1-phosphate guanylyltransferase [EC:2.7.7.71]	1670.6491763246547	458.6316222387436	4901.950475667318	475.769123861454	552.884927378718	556.1727633024497	555.7690014326721	2115.524326294619	1111.037605303061	286.2252024415739	65.21068376826241	560.9328872895497	165.0435045193409	225.6071000880729	37.44342944837199
K15670	rifA; rifamycin polyketide synthase modules 1, 2 and 3	0.0	0.2502596794608545	0.4766223010126736	0.0	1.259966839901011	0.0	2.0162476519179666	0.0	0.0	0.0	0.0	0.0	0.0	0.0	0.0
K15671	rifB; rifamycin polyketide synthase modules 4, 5 and 6	0.0	0.0019099975306657	0.3188610707521088	0.0	0.8429198021774991	0.0	1.348872857661129	0.0	0.0	0.0	0.0	0.0	0.0	0.0	0.0
K15672	rifC_D; rifamycin polyketide synthase modules 7 and 8	0.0	0.0535377839529414	0.1990797635512932	0.0	0.5262739490725039	0.0	0.8421639208904865	0.0	0.0	0.0	0.0	0.0	0.0	0.0	0.0
K15673	rifE; rifamycin polyketide synthase modules 9 and 10	0.0	0.0004184166347447	0.1547804002795114	0.0	0.4091671149344814	0.0	0.6547650371445579	0.0	0.0	0.0	0.0	0.0	0.0	0.0	0.0
K15674	rhiA; rhizoxin biosynthesis, polyketide synthase / nonribosomal peptide synthetase RhiA	0.010167687524741	0.0105699593910262	0.0008161639107568	0.0385026170606606	0.0080023167551616	0.0213310607958312	0.0159783971654965	0.0022135158186212	0.0132088392250963	0.0029568718617902	0.0014281731706942	0.0014790981611806	0.0023125401929802	0.0105419277180982	0.0
K15675	rhiB; rhizoxin biosynthesis, polyketide synthase / nonribosomal peptide synthetase RhiB	2.4129712949174293	17.71603803982054	1.1421340119614898	36.55218634073209	16.458338791239058	22.803507485673308	2.05454130025215	42.11659630224751	2.467439523215521	0.7622124249940929	1.29099645721614	1.0386557612507512	20.36404317032666	0.0049270034874184	0.0
K15676	rhiC; rhizoxin biosynthesis, polyketide synthase RhiC	36.562908371463855	14.372122597367625	16.658161603690765	6.832896949153729	28.424738891635123	16.8982175998193	2.4571776063573654	9.200225799305969	104.27210267968609	52.03447172402078	0.0002078364926471	0.586143146390114	6.149361917830065	0.0395421782429716	0.0
K15677	rhiD; rhizoxin biosynthesis, polyketide synthase RhiD	2.3591757344316683e-05	0.0001827946275841	2.5161737631044832e-05	0.0004929969143079	0.0002467055846399	0.0002992429164767	0.0003171364959361	6.824107705086044e-05	6.400446718988548e-05	9.115820128886104e-05	4.402953643404558e-05	4.559951672077372e-05	7.129392623481561e-05	0.0003249999370338	5.866019086159753e-06
K15678	rhiE; rhizoxin biosynthesis, polyketide synthase RhiE	2.4133171522468246	17.75659635461029	1.1425028853460797	36.559413720773954	16.461955517767954	22.80789441431209	2.059190550408909	42.117596722704505	2.4683778345828595	0.7635488125970196	1.291641934264049	1.0393242543538548	20.365088345833083	0.009691532412925	0.0
K15679	rhiF; rhizoxin biosynthesis, polyketide synthase RhiF	2.412796561965201	17.715119316186986	1.1419476509102422	36.54853494651761	16.456511560036812	22.801291135383405	2.0521924207094986	42.11609087297056	2.466965472497524	0.761537259452052	1.290670351332035	1.038318027267627	20.36351513004441	0.0025198831678602	6.596146754280344e-08
K15681	mxcL; aminotransferase MxcL	0.0	0.0031402612687029	6.959964683389729e-24	0.0	1.839889717564856e-23	0.0	2.9442626625948353e-23	0.0	0.0	0.0	0.0	0.0	0.0	0.0	0.0
K15683	NFXL1, OZFP; NF-X1-type zinc finger protein NFXL1	2.225890019212448	8.406272704761927	2.374018172600324	39.02118783532031	21.810548013566542	27.7449321586683	25.767685825499782	1.6333774056609471	0.9892844529833106	5.341871531550256	4.15420115885104	4.302329312238916	6.7266052511672685	30.66385032408831	0.0
K15691	RFWD3; E3 ubiquitin-protein ligase RFWD3 [EC:2.3.2.27]	0.0131072406603001	0.0368153136311243	0.0024847393668882	0.04730876319284	0.0228277642893341	0.0689065797193797	0.5856878723904901	0.0518181840774766	0.0355200831469828	0.0266037469174409	0.0318283617915411	0.0664622886168406	0.0598433380939548	0.1872605182350481	0.0070042457593212
K15710	SHPRH; E3 ubiquitin-protein ligase SHPRH [EC:3.6.4.- 2.3.2.27]	0.0	1.6607864512343053e-11	5.8189070319746535e-08	0.0	1.5382473478847825e-07	0.0	2.461562880087701e-07	0.0	0.0	0.0	0.0	0.0	0.0	0.0	0.0
K15721	fyuA; pesticin/yersiniabactin receptor	18.493219804516983	51.3205397350041	71.20459602185635	74.66342631707964	146.4351280614395	154.92610785395692	111.18563966830456	61.096046827411215	62.92398165827393	64.66933301144547	28.002968007853525	69.57585052041338	66.34723078789871	104.21465464216568	13.451816350656063
K15722	cedA; cell division activator	9.85	53.11	21.84	74.1	156.34	157.84	83.95	70.03	73.51254737055426	74.1	32.12	25.91	73.67	69.82	15.42
K15723	syd; SecY interacting protein Syd	10.000005523981311	53.53175186496268	21.868662904991734	74.64588627553002	156.60350147871478	158.6305168531582	98.77375330778165	70.62275824129998	75.51650958621148	74.40493944523675	32.48411391940882	26.66981627221141	74.3544773032549	71.96296698677435	15.613121837186892
K15724	erpA; iron-sulfur cluster insertion protein	292.99687929375494	344.58953900757035	1346.9699247959204	250.5501052611885	435.0103909893036	347.4162894451087	760.5220525585603	851.4057916055474	406.5518344375608	203.7322501388236	63.81759522692546	957.8502651359154	132.75934407793542	653.2565918354506	67.02371097492744
K15725	czcC; outer membrane protein, cobalt-zinc-cadmium efflux system	1090.8133460098002	315.6948641475719	7430.479128286977	244.07814319843013	245.8132628313529	185.09411269804812	911.6014871256086	2168.442107751077	1440.4934695144393	260.7759096936643	32.92792079344877	1294.900040405247	82.42620725612211	891.3406219896092	143.24264839501444
K15726	czcA; cobalt-zinc-cadmium resistance protein CzcA	7814.019279232846	4238.823194507885	31714.204779853077	3980.603499647802	898.048954663605	802.5534745055951	1608.7603740007653	12370.622754201302	7243.429097404352	1665.208796244379	59.0798689710807	1353.434352051029	171.17470560786353	1149.9561111562036	466.6101392100534
K15727	czcB; membrane fusion protein, cobalt-zinc-cadmium efflux system	7188.354600953082	4107.942675098522	29963.801919336576	3932.578621064788	825.1756060682949	630.2715297408753	1196.957713290597	11685.658277072656	6745.782462770814	1520.9840132142326	36.718428692129976	1119.467518688492	100.04801428095956	933.172341296831	346.19512794220475
K15728	LPIN; phosphatidate phosphatase LPIN [EC:3.1.3.4]	0.0003854100202121	0.0017094068575757	0.0004110582212006	0.0080539125566126	0.0040303400452464	0.0048886234630343	0.0051809444088826	0.0011148298323695	0.0010456178670073	0.0014892186151491	0.0007192946366525	0.0007449428376411	0.0011647031270343	0.0053094066064275	6.13469490640829e-05
K15729	PTGES; microsomal prostaglandin-E synthase 1 [EC:5.3.99.3]	0.0090280144319545	0.0253576775915488	0.0017114405270563	0.0325853631540166	0.0157233235274021	0.0474615223971168	0.4034105042854076	0.0356913652395242	0.0244655478285716	0.0183241474952231	0.0219227613993409	0.0457779418539954	0.0412189364619614	0.1289814313306876	0.0048243893157186
K15731	CTDSP; carboxy-terminal domain RNA polymerase II polypeptide A small phosphatase [EC:3.1.3.16]	9.301986346864108	26.12720355318488	1.7633773778427326	33.57422669744405	16.200477068526187	54.926878872963016	415.6527474925737	36.77448620195947	25.20800045073253	18.880227884348542	22.588048430720303	47.16715877260985	42.46980186964766	132.89561312512214	4.981881125652772
K15733	E1.11.1.19; dye decolorizing peroxidase [EC:1.11.1.19]	0.0	1.5549369481942736	4.085083166956108	0.0	10.79905266217419	0.0	17.281061599016216	0.0	0.0	0.0	11.4	0.0	0.0	0.0	0.0
K15734	SDR16C5; all-trans-retinol dehydrogenase (NAD+) [EC:1.1.1.105]	0.0	7.744959133888674e-12	0.0	0.0	0.0	0.0	0.0	0.0	0.0	0.0	0.0	0.0	0.0	0.0	0.2103696995896241
K15735	csiR; GntR family transcriptional regulator, carbon starvation induced regulator	9.850000015386586	53.1100000829626	21.840000034116045	74.10000011575086	156.34000024421715	163.86504841611713	83.95000013113746	70.03000010939317	73.76745274218177	74.10000011575086	32.120000050174326	25.91000004047375	73.67000011507918	69.82000010906512	15.420000024087429
K15736	lhgO; L-2-hydroxyglutarate oxidase [EC:1.1.3.-]	11.745655529333092	60.02647045945716	932.1146021365324	2280.7018408111344	1801.177030025675	850.6820996575366	269.1563629708166	88.89785224890637	80.03584215304525	268.3141910810959	125.37342264942303	217.31872725923904	149.6252890970148	112.36481549648192	19.951276068286237
K15737	csiD; protein CsiD	9.87712133746724	53.221619879445775	21.885200698885686	74.60587413155774	163.7744543627846	165.37836199657136	84.27641103328791	70.11402915682494	78.69682968454612	82.63368891613152	32.165391588672875	102.82938734702854	73.76894447231237	70.1373366794361	15.423638295761654
K15738	uup; ABC transport system ATP-binding/permease protein	34814.67651942771	31172.18772019827	99986.94368570922	24143.83122030831	67897.20414958941	32296.48647050736	8625.926319958679	50931.50378571503	21298.09830137033	7705.292747563692	4766.151376833728	5231.13722793735	3308.0162166743407	35804.785974433355	1012.3183122616348
K15739	vanB, vanA, vanD; D-alanine---(R)-lactate ligase [EC:6.1.2.1]	145.4491655176363	77.66994674652149	121.02567248456548	79.57361683251992	77.53999185219695	93.63485124827552	54.59247962766436	112.83170498637531	33.147955149758005	25.583042466306395	14.28267836398792	184.4565676106085	104.24611499839874	4.745441934643223	0.3213705027879956
K15740	mptN; tetrahydromethanopterin:alpha-L-glutamate ligase [EC:6.3.2.33]	0.0129227803334465	0.0573163336770061	0.0137827633384055	0.270047319311036	0.1351371172061092	0.1639153209118912	0.173716828843582	0.0373801932418771	0.0350595192118399	0.049933431988771	0.0241179162372878	0.0249778992422469	0.0390524425287635	0.1780241604462017	0.0
K15745	AL1; phytoene desaturase (3,4-didehydrolycopene-forming) [EC:1.3.99.30]	0.0	0.0	0.0	0.0	0.0	0.0	0.0	0.0	0.0	0.0	0.0	0.0	0.0	0.0	0.0010693859091384
K15746	crtZ; beta-carotene 3-hydroxylase [EC:1.14.15.24]	0.8852784686555133	2.4869694621835965	0.1680485833651913	3.199751762798882	1.5440637194149065	13.655948570693925	51.04998466769983	3.499587358256376	2.399069027777113	1.797321849923638	2.14957997631162	7.725755728021025	4.041491076012485	66.90858465022816	51.96092240586432
K15749	dbfB; 2,2',3-trihydroxybiphenyl dioxygenase [EC:1.13.11.-]	0.0	8.529653087434022e-15	0.0	0.0	0.0	0.0	0.0	0.0	0.0	0.0	0.0	0.0	0.0	0.0	0.0
K15750	bphAb, bphA2, bphE; biphenyl 2,3-dioxygenase subunit beta [EC:1.14.12.18]	4.36885651878677e-18	0.0034555479748867	388.68633702187	943.4454845923736	698.1192141771469	286.7201332132866	30.286170505261744	1.2637272839469205e-17	1.1852713201179446e-17	80.26325154198443	37.35470196431512	70.67024309488545	28.77148519260745	4.039160833744786	0.0
K15751	carAa; carbazole 1,9a-dioxygenase [EC:1.14.12.22]	0.0	1.5996823486885682e-14	0.0	0.0	0.0	0.0	0.0018923811090991	0.0	0.0	0.0	0.0	0.0	0.0	0.0	0.0
K15752	carAc; carbazole 1,9a-dioxygenase ferredoxin component	0.1130107033284928	0.5017771081349948	0.1205313205434608	2.361584481036772	1.181784435484123	1.4334520300267324	1.5191669672517756	0.3268926515671121	0.3065981795136112	0.4366716854313128	0.2109130238590588	0.2184336410740268	0.3415165996011376	1.5568349118672542	0.0
K15754	carBa; 2'-aminobiphenyl-2,3-diol 1,2-dioxygenase, small subunit [EC:1.13.11.-]	0.0	0.0	0.0	0.0	0.0	0.0	0.0018923811090991	0.0	0.0	0.0	0.0	0.0	0.0	0.0	0.0
K15755	carBb; 2'-aminobiphenyl-2,3-diol 1,2-dioxygenase, large subunit [EC:1.13.11.-]	0.0006899009908699	0.0030599139183882	0.0007358124055921	0.0144168598681715	0.0072144870266428	0.0087508523241856	0.0111665008617802	0.0019955947320203	0.0018717022513392	0.0026657672201879	0.0012875692289498	0.001333480643672	0.002084870136402	0.0095040727708378	0.0
K15756	carC; 2-hydroxy-6-oxo-6-(2'-aminophenyl)hexa-2,4-dienoate hydrolase [EC:3.7.1.13]	0.0	2.1597421871306652e-20	0.0	0.0	0.0	0.0	0.0018923811090991	0.0	0.0	0.0	0.0	0.0	0.0	0.0	0.0
K15757	xylM; toluene methyl-monooxygenase [EC:1.14.15.26]	0.0	0.0	0.0	0.0	0.0	0.0	5.371096972866801e-16	0.0	0.0	3.097425352746502e-16	0.0	0.0	0.0	4.338621855284633e-16	0.0
K15760	tmoA, tbuA1, touA; toluene monooxygenase system protein A [EC:1.14.13.236 1.14.13.-]	0.0217866463189893	0.1824304573821196	0.0234958562424498	0.4543053015364562	0.2280017687941898	0.277212626679712	0.2922626325242599	0.0631085470798167	0.0590402155162369	0.0843249923329631	0.0405773681722947	0.0422215004499558	0.0661095746389169	0.2992357317154588	5.798108347173519e-05
K15761	tmoB, tbuU, touB; toluene monooxygenase system protein B [EC:1.14.13.236 1.14.13.-]	0.0217866463189893	0.1622100547688992	0.0234958562424498	0.4543053015364562	0.2280017687941898	0.277212626679712	0.2922626325242599	0.0631085470798167	0.0590402155162369	0.0843249923329631	0.0405773681722947	0.0422215004499558	0.0661095746389169	0.2992357317154588	5.798108347173519e-05
K15762	tmoC, tbuB, touC; toluene monooxygenase system ferredoxin subunit	0.0218247386033001	0.1825994078727831	0.023536483485669	0.4551013159388622	0.2284001104325005	0.2776957973942145	0.2927746949955802	3.5826159604553856	0.0591435599312272	0.0844721803558842	0.0406484601895378	0.0422951274261074	0.0662246889336315	0.299760490843056	0.0005860451231238
K15763	tmoD, tbuV, touD; toluene monooxygenase system protein D [EC:1.14.13.236 1.14.13.-]	0.0217866463189893	0.1824304573821194	0.0234958562424498	0.4543053015364562	0.2280017687941898	0.277212626679712	0.2922626325242599	0.0631085470798167	0.0590402155162369	0.0843249923329631	0.0405773681722947	0.0422215004499558	0.0661095746389169	0.2992357317154588	5.798108347173519e-05
K15764	tmoE, tbuA2, touE; toluene monooxygenase system protein E [EC:1.14.13.236 1.14.13.-]	0.0217866463189893	0.1824304570949264	0.0234958562424498	0.4543053015364562	0.2280017687941898	0.277212626679712	0.2922626325242599	0.0631085470798167	0.0590402155162369	0.0843249923329631	0.0405773681722947	0.0422215004499558	0.0661095746389169	0.2992357317154588	5.798108347173519e-05
K15765	tmoF, tbuC, touF; toluene monooxygenase electron transfer component [EC:1.18.1.3]	0.0005206211924613	0.0070410530964316	0.0005552674037244	0.0108794202000657	0.0054442809743925	0.0066036710083949	0.0069985452261586	0.0015059391460562	0.0014124459464771	0.0020116725852449	0.0009716406212247	0.0010062868324877	0.0015733092007478	0.0071720750743802	0.0
K15768	tsaM; p-toluenesulfonate methyl-monooxygenase oxygenase component TsaM [EC:1.14.13.-]	0.0	7.502536548517202e-16	0.0	0.0	0.0	0.0	0.0	0.0	0.0	0.0	0.0	6.212681103081309e-05	0.0	0.0001481568318516	0.0
K15770	cycB, ganO; arabinogalactan oligomer / maltooligosaccharide transport system substrate-binding protein	43577.27736171948	20908.05582328904	14118.456919932682	10456.240033546175	69415.83102414143	39705.96491155594	5162.513812257919	31569.54588969849	7980.610878321044	4227.949099262051	3498.5226891283537	1366.4372395814714	2004.7055316047424	26796.81942022358	516.4059565825007
K15771	ganP; arabinogalactan oligomer / maltooligosaccharide transport system permease protein	22011.31266616815	15858.683671858533	9389.858246705644	7926.802717723635	58141.602355886265	29423.684952042982	3577.581614595479	16729.254181877943	4792.454533776963	2952.393153913408	3421.5117345113185	1416.8477616822402	1533.533977787659	26368.438445387157	288.4984519931734
K15772	ganQ; arabinogalactan oligomer / maltooligosaccharide transport system permease protein	22344.008110041566	15783.581325845957	9315.128651856106	7759.670741081494	58119.0482540923	29349.265005844125	3796.7626832521055	16912.650123912295	4769.933678705924	2656.7636665943983	3410.6262750345786	1359.0062806493045	1418.6693456989733	26503.900145942484	307.5561123100818
K15773	hipB; HTH-type transcriptional regulator / antitoxin HipB	1775.522308970499	2250.215169007622	573.480356196332	349.8563749022991	449.46602658442055	352.19999433673786	281.3206543179001	1498.047876839101	604.1319012167944	207.54137049746447	65.45515744395071	89.63894169997421	161.52532679800748	174.3169045041112	57.85966591572552
K15777	DOPA; 4,5-DOPA dioxygenase extradiol [EC:1.13.11.-]	2432.9201755835743	2112.839060568286	4480.3450414323615	1950.53287989444	1360.9350294512055	1077.0523618819293	1399.781863885294	5009.922051729878	1963.635565387349	1279.587986985485	204.702200432505	1705.0064184959067	1748.5682091162885	1203.3984375485254	113.27338046744175
K15778	pmm-pgm; phosphomannomutase / phosphoglucomutase [EC:5.4.2.8 5.4.2.2]	568.4148262435378	1158.9270812103953	1790.5334716399943	1520.3080664530223	851.5701414503687	1184.3393739636356	1956.9317903646613	1403.467628671478	1027.1603487079942	777.1789638400531	152.229591893987	918.501358302575	367.9657616735767	587.579224542797	96.30495465655122
K15779	PGM2; phosphoglucomutase / phosphopentomutase [EC:5.4.2.2 5.4.2.7]	0.0178997548344505	0.0502764163128937	0.0033932561892697	0.0646066769215465	0.0311744778926171	0.0941014905748444	0.799838012973556	0.070764916506234	0.0485075994641672	0.0363311058247603	0.0434660419852041	0.0907634720999082	0.0817243772445082	0.2557302069482852	0.0095652689335161
K15780	tilS-hprT; bifunctional protein TilS/HprT [EC:6.3.4.19 2.4.2.8]	167.9999935784807	362.8630471100009	300.068284923669	496.3043390249004	696.1396260505596	520.9023927361167	349.0146250274645	379.6698676911981	154.3500405605147	247.31433025603656	81.33506121428904	140.98568955340198	127.02334012102328	265.3626719069974	13.077002281598029
K15781	serB-plsC; putative phosphoserine phosphatase / 1-acylglycerol-3-phosphate O-acyltransferase [EC:3.1.3.3 2.3.1.51]	0.0	0.337621748040256	0.0	0.0	0.0	0.0	6.123368303035155	0.0	0.0	0.0	0.0	0.0	0.0	0.0	0.4549849112832283
K15782	doeX; Lrp/AsnC family transcriptional regulator, regulator of ectoine-degradation genes	7.743118041185566	13.33	33.96001529861337	37.5	170.17000000000002	74.1	125.25	14.0	19.5	17.0	16.23	51.58824594757357	6.67	54.92586901882363	0.0
K15783	doeA; ectoine hydrolase [EC:3.5.4.44]	7.756952939950756	13.367745909773118	34.02671979226492	37.59477491168991	170.34927386276095	76.54896966172842	125.31412988267896	18.05782531651382	19.524117379147917	17.081842988884247	17.139141009226957	59.448975568347976	6.766023187979912	57.01091974553994	0.0116135961509251
K15784	doeB; N2-acetyl-L-2,4-diaminobutanoate deacetylase [EC:3.5.1.125]	7.743486159009929	13.334007325102212	33.96040791388059	37.50769255756847	170.17384951073166	76.20466928553738	125.25494849091596	18.309529650325302	19.500998704118032	17.00142240182626	17.13068702203584	59.40071151947871	8.707811935243821	65.40645658096881	7.668437562612859e-06
K15785	doeD; L-2,4-diaminobutyrate transaminase [EC:2.6.1.76]	7.899582969390442	14.023968000874302	34.126892628457554	40.76964734659791	171.80619738135942	78.18463475013804	127.3533083014374	18.452587531549806	19.92448954596718	17.60457816735655	17.422012085259368	59.95740068966223	7.142834595870471	59.76351427532292	0.0
K15786	doeC; aspartate-semialdehyde dehydrogenase [EC:1.2.1.-]	7.743118041185566	13.33	33.96001529861337	37.5	170.17000000000002	76.2	125.25	18.0	19.5	17.0	17.13	59.4	6.67	57.0	0.0
K15789	TDH; threonine 3-dehydrogenase [EC:1.1.1.103]	0.0	0.0	0.0	0.0	0.0	0.0	0.0	0.0	0.0	0.0	0.0	0.0	0.0	0.0	0.0586900993054126
K15790	nifQ; nitrogen fixation protein NifQ	11.555138795755449	18.84332749428414	54.12291985845653	48.89037955104787	183.45889090123308	94.48216916554004	174.9359042206907	10.905936022751456	20.03597851980357	24.24273887874616	15.465845912393377	91.56004612510196	8.183683346974222	93.8541138107902	0.1849837715342109
K15792	murEF; murE/murF fusion protein [EC:6.3.2.13 6.3.2.10]	441.342762105948	427.2647516450444	2166.5831686614547	267.64434060831644	36.49507305175524	49.88881986490493	116.22865642821462	1371.3194039764924	285.31132083623885	9.750573402119812	4.663536348731659	127.77095725795104	7.55133583879313	89.96542791594632	0.5559191527650973
K15810	DCD; dammaradiene synthase [EC:5.4.99.37]	0.0137725790091563	0.038684100557281	0.0026108675452401	0.0497102094777539	0.023986527403095	0.0724043555796096	0.615418050698861	0.0544485336627456	0.0373231227099804	0.0279541831767714	0.0334440054063963	0.0698359894983293	0.0628810535666002	0.1967660737701538	0.0073597891898012
K15825	JHDK; juvenile hormone diol kinase	0.0814228498303653	0.2286986125404853	0.0154353281198649	0.293884458288654	0.1418072401251769	0.4280511999607164	3.638323039688832	0.3218972116230236	0.2206525744811184	0.1652638374715135	0.1977194124731849	0.4128671385291725	0.3717498791130197	1.1632719235552356	0.0435107331448899
K15827	hycB; formate hydrogenlyase subunit 2	10.087127341535506	54.24770325703842	22.19632869583148	77.85323709742313	159.30636627277343	161.14797274826836	86.69545311163515	71.09492194496822	76.16800480494685	75.34509917514468	32.68789423688246	26.43103071322401	74.78718974669007	72.485605593066	15.560698924069085
K15828	hycC; formate hydrogenlyase subunit 3	9.85	53.11	21.84	74.1	156.34	157.84	83.95	70.03	75.11	74.1	32.12	25.91	73.67	69.82	15.42
K15829	hycD; formate hydrogenlyase subunit 4	9.85	53.11	21.84	74.1	156.34	157.84	83.95	70.03	75.11	74.1	32.12	25.91	73.67	69.82	15.42
K15830	hycE; formate hydrogenlyase subunit 5	235.00574643963677	112.48522700293309	53.41547886757625	142.41580868170595	272.1374069853397	333.5937800762255	121.4839412305542	161.63673136281383	111.9849666951371	131.78844866556864	41.48703079035833	40.75056885816544	104.03324374315122	95.305806121458	18.169872097403985
K15831	hycF; formate hydrogenlyase subunit 6	230.08025474644853	97.1510671063905	35.862048894103104	85.26800260744164	212.34538147147495	229.95526317224144	83.97289359990147	143.15214352816207	101.77708656319297	106.0068224374424	36.22247488381291	25.951484478435468	76.29355470120088	69.8252647349111	15.422368680785574
K15832	hycG; formate hydrogenlyase subunit 7	9.997251569675552	53.76310404450216	21.997050842286164	77.17711580860868	157.8798507222572	159.70777053198665	85.92945605096074	70.4559371425974	75.50949369275062	74.66897788633023	32.39481710062442	26.19461637323504	74.11499196872839	71.84853692390236	15.42
K15833	hycA; formate hydrogenlyase regulatory protein HycA	9.85	53.11309602838699	22.636147979641503	74.1	158.4446435550145	157.84	87.31793198958756	70.03	75.11	74.1	32.12	25.91	73.67	69.82	15.421802177278604
K15834	hycH; formate hydrogenlyase maturation protein HycH	14.80390454992314	68.4956095270495	39.4852030596262	131.37877743619595	216.3773220424292	261.9583853143752	134.54907106598654	88.59681854348997	85.35734210253605	99.99626846127396	37.39658302810386	40.77609862345254	101.54132457715966	95.31122219850344	18.18354087274146
K15835	murR; RpiR family transcriptional regulator, murPQ operon repressor	9.850932684211616	62.18738042617959	25.22661624452393	88.69220191207897	253.0927259609185	212.85575542207368	103.72356303645296	71.6627519895447	77.76467888792097	105.2107782861244	41.58909133532653	28.410741365110955	74.26386342350109	106.56477307103869	15.608154290615923
K15836	fhlA; formate hydrogenlyase transcriptional activator	12.40373793860334	53.11000049482747	35.287134778416146	74.10000069039192	156.3400014566245	157.8400014706	83.95000078216468	106.18743856730154	75.11000067241005	74.10000069039192	32.120000299263005	25.910000241404248	73.6700006863856	69.82000065051503	15.420447642328504
K15842	cagA; cytotoxicity-associated immunodominant antigen	1.1846381915695492e-14	2.8265815673846962e-14	5.81975288045886e-14	7.711036463874583e-14	1.5422617338682797e-13	3.02420273629083e-13	5.2377775924129746e-14	4.988437384812399e-14	2.0371857136274143e-14	7.066998329395368e-14	7.480206228017283e-15	4.2398723510770445e-14	8.334931393809652e-14	5.61287672568109e-15	1.0185928568137072e-14
K15843	hopC, alpA; outer membrane protein HopC/AlpA	0.000719380060595	0.0017164619828168	0.0035340867866548	0.004682582342954	0.0093654952833624	0.0183646885873409	0.0031806781079893	0.0030292644739118	0.0012370956740563	0.0042914855544963	0.0004542409022323	0.0025746929742252	0.0050614470256019	0.0003408459754014	0.0006185478370281
K15844	hopB, alpB; outer membrane protein HopB/AlpB	0.0004942725040366	0.001179348732058	0.0024282045349962	0.0032173142220474	0.0064348555913853	0.0126180319849431	0.0021853840814966	0.0020813506224668	0.0008499851608939	0.0029485989774355	0.0003121003770893	0.001769023098087	0.0034776250169123	0.0002341888564622	0.0004249925804469
K15845	hopZ; outer membrane protein HopZ	0.0004942725040366	0.001179348732058	0.0024282045349962	0.0032173142220474	0.0064348555913853	0.0126180319849431	0.0021853840814966	0.0020813506224668	0.0008499851608939	0.0029485989774355	0.0003121003770893	0.001769023098087	0.0034776250169123	0.0002341888564622	0.0004249925804469
K15846	hpaA; neuraminyllactose-binding hemagglutinin	0.002249502511449	0.005367379154156	0.0110510945989847	0.0146424418989728	0.0292859175766733	0.0574264083230684	0.0099459851390862	0.0094725144818051	0.0038683999990084	0.0134194816641179	0.0014204119718433	0.0080510687312341	0.0158271523209032	0.0010658258682463	0.0019341999995042
K15847	babA; outer membrane protein BabA	0.0008071934511014	0.0019260726942112	0.0039654862096849	0.0052541764896143	0.0105087239321014	0.0206064320811972	0.0035689375887164	0.0033990411729974	0.0013881056498261	0.0048153392411524	0.0005096892471568	0.0028889809729678	0.0056792884817845	0.000382452411804	0.000694052824913
K15848	sabA; outer membrane protein SabA	0.0025202405338494	0.0060133680384864	0.0123811449020454	0.0164047274455165	0.0328106130898077	0.0643379419371958	0.0111430304118408	0.0106125753730067	0.0043339798151032	0.0150345782949908	0.0015913651165023	0.0090200520577296	0.0177320232413765	0.0011941029367641	0.0021669899075516
K15849	PAT, AAT; bifunctional aspartate aminotransferase and glutamate/aspartate-prephenate aminotransferase [EC:2.6.1.1 2.6.1.78 2.6.1.79]	2.7874248516925813e-09	0.1200178151846671	2.9729219303554273e-09	5.824881252777544e-08	2.9148878891911105e-08	3.5356295417358875e-08	3.7470466368802526e-08	8.06285311016305e-09	7.562287109883621e-09	1.0770568381137489e-08	5.202199322142841e-09	5.3876964008056855e-09	8.42355483999315e-09	3.839955150712567e-08	0.3584492175597946
K15852	luxR, vanR; LuxR family transcriptional regulator, transcriptional activator of the bioluminescence operon	1.043144111983832	0.0	5.492850126454375	0.0	102.0	0.0	516.0	102.0	304.0	118.0	30.0	1230.0000621269046	88.0	552.0001481570553	0.0
K15853	luxD; acyl transferase [EC:2.3.1.-]	0.0	8.51523573436073e-21	0.0	0.0	0.0	0.0	0.0	0.0	0.0	0.0	0.0	0.0	0.0	0.0	0.0
K15855	csxA; exo-1,4-beta-D-glucosaminidase [EC:3.2.1.165]	367.3531046977376	124.37338990069236	2472.5776962674186	34.571264533278054	10.59685078395028	0.9727998031139748	12.329969481745742	689.7843504783276	445.7107845646257	43.434951545918906	6.655057621617574e-06	16.689044218238863	1.206557212706158	1.6488821772026865	1.1706803142481474
K15856	rmd; GDP-4-dehydro-6-deoxy-D-mannose reductase [EC:1.1.1.281]	4614.364579524621	7181.456004056985	16845.61265218911	2085.5855947437544	1505.5653608182324	1538.4377092872182	2480.2174015541755	2730.275278817461	2261.548602797421	1243.0223994601902	167.8381292456545	382.83416746532487	556.2558194069339	1363.2347027288313	115.06321356138628
K15857	ascE; CDP-3, 6-dideoxy-D-glycero-D-glycero-4-hexulose-5-epimerase [EC:5.1.-.-]	0.1652278298538964	0.1942912544751664	0.0897599812975416	0.6752026817608563	0.3264549609992672	0.7197953546960871	0.3091515630810802	0.0999053666713183	0.2218207118256512	0.138818577700414	0.0316115381374523	0.0788111515134498	0.1459020165385244	0.1674658840429578	0.0174287554645043
K15858	ascF; CDP-3, 6-dideoxy-D-glycero-L-glycero-4-hexulose-4-reductase [EC:1.1.1.-]	0.0085014475250764	0.0060465871602138	0.0001234643099102	0.0083132288255236	0.0021446400281177	0.0032268330769373	0.004828809885208	0.0024091821928382	0.006432228531189	0.0029360847888609	0.0002160453467566	11.634529799977344	0.0003498270084699	0.0015947186770303	4.6805103104243476e-08
K15860	ciaX; regulatory peptide CiaX	1.5981598866727112e-27	1.8942352655573304e-27	3.724240371840632e-40	7.296948399912485e-39	3.65153993634034e-39	4.429155755741943e-39	4.694002293753717e-39	4.3214062131027305e-27	9.473432406854871e-40	1.3492512259784383e-39	1.478758996178352e-28	6.749277955207564e-40	1.0552360184502203e-39	4.810390697555714e-39	0.0
K15861	fixK; CRP/FNR family transcriptional regulator, nitrogen fixation regulation protein	0.0	0.0	0.0	18.0	40.92036881107401	0.0	0.0018923811090991	0.0	0.0	0.0	0.0	9.17129456565957	8.0	54.87123279436321	0.0
K15862	ccoNO; cytochrome c oxidase cbb3-type subunit I/II [EC:1.9.3.1]	25.45489345130132	33.36051621037324	74.05504115508096	55.42083587990597	21.619826734154945	62.56139078510724	556.0457674502961	79.58568653953401	37.87373823826748	23.967704660039917	30.44061987808409	59.11426745224911	53.35369691006175	233.8356237691169	8.896046328051659
K15864	nirS; nitrite reductase (NO-forming) / hydroxylamine reductase [EC:1.7.2.1 1.7.99.1]	4.80714784455508	11.46999614380973	24.44998647652487	31.290644333767528	65.08546490453759	122.71923840304902	40.70279853991681	20.242599126681156	9.100692715509846	38.64438907998863	3.0353957437585843	21.37493933203885	33.822349954107665	13.39972156606452	4.2306051720432505
K15866	paaG; 2-(1,2-epoxy-1,2-dihydrophenyl)acetyl-CoA isomerase [EC:5.3.3.18]	3548.8356632859604	2796.1461615729468	3838.274977316325	7623.614009069017	5232.904759707291	2703.9752305899447	2233.849985946221	5698.2122585601455	1304.7421826474183	1188.519616206342	419.7264620999935	2605.014704807946	2048.2626955328446	1498.9765814356292	176.9832193800562
K15868	baiB; bile acid-coenzyme A ligase [EC:6.2.1.7]	67.49925252979892	11.848507078578626	138.578044470488	318.1732729393026	230.89694645516025	103.1629759672354	13.874908683894832	32.01272724196019	1.5664698340787175	30.177120400328292	13.004924689983858	26.91371275869569	12.774735487188847	4.215689807717923	0.8676833854356455
K15869	baiA; 3alpha-hydroxy bile acid-CoA-ester 3-dehydrogenase [EC:1.1.1.395]	89.42255293968702	15.027245319954428	13.659446936095732	12.522272698914437	0.1623527296249002	4.379548925847789	0.0012875774510263	41.50348520967872	2.0308784408995346	7.853668660811187	1.0237259050178529	5.176200474810695	4.364198312142477	0.0005282786951642	1.1249239804508238
K15870	baiCD; NAD+-dependent 7alpha-hydroxy-3-oxo bile acid-CoA-ester 4-dehydrogenase	349.835739768487	103.8754285865676	37.95595798930361	46.86281501977958	11.143295597607416	18.543031047257912	11.052661153880516	332.2124782524112	37.44331039507152	20.73504914755547	4.202378429625223	15.564416167181022	8.625544289145516	0.8777515926494341	1.603288186141444
K15871	baiF; bile acid CoA-transferase [EC:2.8.3.25]	123.55037819221856	21.38739686777214	19.440689650237573	17.822216266821638	0.23106712528575	6.2331551179597415	0.0018325396425606	59.06947617838527	2.890430168046432	5.812034118340324	1.4570090363601926	3.830079533351733	6.211307483546873	0.0007518744120435	1.6010383206447694
K15872	baiE; bile-acid 7alpha-dehydratase [EC:4.2.1.106]	67.53859254654867	11.631805106447043	10.539047699762513	9.807728845786238	0.1561888647370799	3.4605934838938333	0.0628155114003794	32.02129160588751	1.6175764371587509	3.941810974900366	0.7951524312923739	2.595947773944276	3.3751681811616026	0.0411954852781469	0.8676833854356455
K15873	baiH; NAD+-dependent 7beta-hydroxy-3-oxo bile acid-CoA-ester 4-dehydrogenase	464.1535107071824	240.39687739373056	65.49974930060455	340.3512722225555	274.66769802203964	286.962891734046	209.13750068397545	475.9393666899065	48.54696206058193	54.492483753847615	43.15085418525178	72.93893990971583	160.24490542716984	31.842179584187093	1.3452605952852432
K15874	baiI; bile acid 7beta-dehydratase	108.93413596678108	16.216442292292932	33.90150713879844	20.43159367589622	3.0588869005546773	8.699648756299666	36.93974457258299	64.71100544943138	10.763216148416827	10.084897983521644	8.563481029186411	182.9259785652721	55.83775472622843	0.0065264785199865	0.8676833854356455
K15876	nrfH; cytochrome c nitrite reductase small subunit	3467.812819229748	1076.291963151505	25735.40945148188	693.5046172597424	241.2674418731569	122.75660398784144	190.69025272236448	5336.862146816532	3294.1914642186644	363.5915876045458	23.24823443642589	302.39388854632426	34.02863504075948	143.981003376022	1.2705692308202918
K15878	K15878, narB; rieske iron-sulphur protein	0.0	0.0	0.0	0.0	0.0	0.0	0.0	0.0	0.0	0.0	0.0	0.0	0.0	0.0	0.977653356827882
K15879	narC; cytochrome b-561	0.0	0.0	0.0	0.0	0.0	0.0	0.0	0.0	0.0	0.0	0.0	0.0	0.0	0.0	0.977653356827882
K15884	snoaE, aknE1; bifunctional aromatase (cyclase/dehydratase) [EC:4.2.1.-]	0.0	0.0654385788262049	0.0875677946858963	0.0	0.2314883657627165	0.0	0.3704366330403376	0.0	0.0	0.0	0.0	0.0	0.0	0.0	0.0
K15885	mtmQ; C7-C12 aromatase (ARO/CYC) [EC:4.2.1.-]	0.0	2.152417021117096e-06	6.047935933892147e-05	0.0	0.0001598791896719	0.0	0.0002558448607996	0.0	0.0	0.0	0.0	0.0	0.0	0.0	0.0
K15886	tcmN; multifunctional cyclase / dehydratase / O-methyltransferase [EC:2.3.1.235]	0.0	0.0647538585710317	0.0107262692448165	0.0	0.0283552480351932	0.0	0.0453751642186088	0.0	0.0	0.0	0.0	0.0	0.0	0.0	0.0
K15888	uppS, cpdS; tritrans,polycis-undecaprenyl-diphosphate synthase [geranylgeranyl-diphosphate specific] [EC:2.5.1.89]	0.0037011260317303	0.0164155831130447	0.0039474279423387	0.0773424245798131	0.0387037068988958	0.0469458774019599	0.0497530609352357	0.010705808093058	0.0100411595544226	0.014301096220676	0.0069074491180422	0.0071537510286505	0.0111847456906599	0.0509866946201241	1.631057623123581e-29
K15891	FLDH; NAD+-dependent farnesol dehydrogenase [EC:1.1.1.354]	4.655660245368334	13.066345736686646	0.8846442805175604	16.78746630357915	8.107761532776605	24.451440023965866	208.23663900689408	18.386598220849027	12.605887514869911	9.439723777565508	11.309050923090547	23.633468231170568	21.243563115375085	66.44365851024548	2.4983135699300707
K15894	pseB; UDP-N-acetylglucosamine 4,6-dehydratase [EC:4.2.1.115]	103.5223973898425	102.38452650681468	331.44296978877696	133.15586782357738	192.98095083246116	382.9742372490056	367.0827122766486	225.2245681442196	53.98030931434218	95.89314895630756	30.815759069061748	98.59740552649468	122.56253995770436	98.28229072917608	14.954139402157557
K15895	pseC; UDP-4-amino-4,6-dideoxy-L-N-acetyl-beta-L-altrosamine transaminase [EC:2.6.1.92]	0.1558139733627424	0.3717767232074258	0.7654647864189873	1.014222940583586	2.02851748685346	3.9776958732997887	13.688918307777088	0.6561229034571731	0.2679484780897895	0.9295134137048524	0.0983862129597463	0.5576650848111386	1.096283057069663	0.0738254625629537	0.1339742390448947
K15896	pseH; UDP-4-amino-4,6-dideoxy-N-acetyl-beta-L-altrosamine N-acetyltransferase [EC:2.3.1.202]	31.5487474906313	12.89907836461626	14.429063665032189	19.11817191314461	38.23769359838138	74.97983971866586	25.98615729852897	12.367961680326466	8.815922621166632	17.521391528136842	1.8545868546075048	10.512025053626816	20.665010730743013	1.3916150270017014	2.556620688569984
K15897	pseG; UDP-2,4-diacetamido-2,4,6-trideoxy-beta-L-altropyranose hydrolase [EC:3.6.1.57]	13.352281352264589	20.43155765665464	56.72265355312018	30.346041752422664	56.87682050700912	110.46291185062849	38.04754554462303	25.63112888031736	8.697759479642722	27.901311960732148	2.975981779800151	15.647178721195086	30.47241036498389	6.65294171162686	3.6851776315694886
K15898	pseI, neuB3; pseudaminic acid synthase [EC:2.5.1.97]	11384.07554269948	2701.4829452535564	9516.438837324527	1274.879297900051	2214.285983021077	2447.841316423407	886.090109404557	5281.686803742645	1876.4360186937715	1072.6171865546269	25.065208629953965	290.05203675781013	375.26090808934725	289.45727926210066	100.74884221431068
K15899	pseF; pseudaminic acid cytidylyltransferase [EC:2.7.7.81]	187.39420950387503	77.13416697189083	1249.6331754106557	43.79342768146936	58.69860949950296	109.03991158309069	35.632227964095506	351.5831451428964	231.1079183275926	42.03417306552594	2.682260462189303	15.657907552050885	30.62886574638575	2.371581692888471	3.65250659457828
K15907	ptlI, CYP183A; pentalenene oxygenase [EC:1.14.13.133]	0.0	0.5180505359840436	3.487692992715272	0.0	9.219831949196838	0.0	14.75393155593432	0.0	0.0	0.0	0.0	0.0	0.0	0.0	0.0
K15910	pglE; UDP-N-acetylbacillosamine transaminase [EC:2.6.1.34]	12.223649270221989	35.057048340044226	60.050924034316665	79.5660699740001	159.13775743387808	312.051340515088	67.04583163088499	51.4730230988254	21.02063215494976	72.92058418049248	7.718425596178774	43.74898001676877	86.00370879002696	5.791627940073011	10.51031607747488
K15911	K15911; tuberculosinol/isotuberculosinol synthase [EC:3.1.7.8 3.1.7.9]	0.0	5.543532507146902e-20	0.0	0.0	0.0	0.0	0.0	0.0	0.0	0.0	0.0	0.0	0.0	0.0	0.0
K15912	pglF; UDP-N-acetyl-D-glucosamine 4,6-dehydratase [EC:4.2.1.135]	4.900037635611084	17.582695579520415	24.07233562715188	31.895281742093463	63.79281533971802	125.09057475100906	34.66510206443669	20.63375223120605	8.426443397268693	29.23133664883616	3.094049499691925	17.53745087598305	34.47590818070115	2.3216630525344795	4.213221698634347
K15913	pglD; UDP-N-acetylbacillosamine N-acetyltransferase [EC:2.3.1.203]	373.6032912545581	397.2067872843455	532.634710372321	267.37268685041533	238.28674415564	203.01660496424228	227.7423139737789	632.7248059382268	89.06540614850377	117.89858553655073	26.044825107184064	177.6354135580253	319.1998845522125	179.907209891258	24.69378838045768
K15914	pglA; N,N'-diacetylbacillosaminyl-diphospho-undecaprenol alpha-1,3-N-acetylgalactosaminyltransferase [EC:2.4.1.290]	7.794815997113317	18.61491673504085	38.11184184668579	50.62643621901631	101.04581795472818	198.21037967463255	49.012405733670654	32.813579587614534	13.44258536753298	46.34888250652504	4.991008062431779	27.955349356081104	54.74813257925571	4.224394641450489	6.689737002842198
K15915	pglC; undecaprenyl phosphate N,N'-diacetylbacillosamine 1-phosphate transferase [EC:2.7.8.36]	447.75915580275847	436.0773876875228	552.9706483535476	1311.1997070923046	11629.729718867417	4743.654831356905	161.6948986577364	124.13621694167956	17.98515444423839	53.48336809406311	782.2809466434951	98.92437538374811	97.8340364276689	6403.115091624517	18.702918857056154
K15916	pgi-pmi; glucose/mannose-6-phosphate isomerase [EC:5.3.1.9 5.3.1.8]	373.12502808211	1566.460698879114	961.6911897759408	1544.2924649085533	476.7527563843468	582.7313820548085	2589.5677367760245	757.6782608533185	1516.0663086407571	1034.1537790616132	167.91210769767645	301.3531146173825	139.86247337790712	258.2701913219973	48.306800687876745
K15918	GLYK; D-glycerate 3-kinase [EC:2.7.1.31]	2.3974285204567374	6.73384163580294	0.4544804797948964	8.653184990307764	4.175396987352444	12.603613815281124	124.49848957140551	9.477997360794062	6.496932694880395	7.666057110255723	5.821684692917559	22.205035497000303	10.945867953758633	58.21473681747198	1.2811375775334142
K15921	xynD; arabinoxylan arabinofuranohydrolase [EC:3.2.1.55]	10861.997052949178	6277.317497710052	22928.910879866427	6217.204466100142	22203.07856430145	19281.78508681331	1522.7245934773778	20375.588814096125	2350.363256868479	1371.56726091366	138.97700363085647	583.1010117918588	577.001141368719	2056.4254549482307	252.6326997435584
K15922	yihQ; sulfoquinovosidase [EC:3.2.1.199]	592.7043055963725	516.8286255569915	246.26340031729316	536.2461125732833	391.23291384544257	379.4832122323795	433.649231898289	940.3942373596716	510.6396987203372	292.4856928243754	71.13252528582728	415.4648782402659	227.26149120376311	245.52050063754945	66.80834694334543
K15923	AXY8, FUC95A, afcA; alpha-L-fucosidase 2 [EC:3.2.1.51]	27724.371090206907	22625.374008903837	109141.47814403444	29121.579423396568	80186.23029938954	37589.67198279768	5291.632202037552	47091.36537468785	27877.285560635075	9271.111424948587	5074.530353760432	2319.6502608985284	2165.8070877942896	41290.20922278067	878.803547914899
K15924	xynC; glucuronoarabinoxylan endo-1,4-beta-xylanase [EC:3.2.1.136]	1033.941587227639	7034.618312372148	15369.779829445204	2810.2893195676675	531.5633209086399	798.8377002664406	1234.907172333658	3393.6621958718383	2239.8894860039736	2341.1829146380533	130.65638268667067	194.3620114259202	656.1685101235121	2821.46968300558	120.17830566357206
K15926	jadI; cyclase	0.0	0.4669503660736414	0.3842044316998532	0.0	1.0156571412128612	0.0	1.6252938262129435	0.0	0.0	0.0	0.0	0.0	0.0	0.0	0.0
K15927	jadF; oxygenase	0.0	0.1711762993651537	0.3842021104647729	0.0	1.01565100495104	0.0	1.625284006729528	0.0	0.0	0.0	0.0	0.0	0.0	0.0	0.0
K15928	jadH; bifunctional hydroxylase/dehydrase	0.0	1.4724301910756354	0.3919478993833761	0.0	1.036127254521354	0.0	1.6580508929751023	0.0	0.0	0.0	0.0	0.0	0.0	0.0	0.0
K15929	jadS; glycosyltransferase [EC:2.4.1.-]	0.0	0.0086497834116611	3.0643542173640443e-06	0.0	8.100721874293594e-06	0.0	1.2963088345379128e-05	0.0	0.0	0.0	0.0	0.0	0.0	0.0	0.0
K15930	lndM2; bifunctional oxygenase/reductase	0.0	0.2227128335278816	5.227108027197907e-06	0.0	1.3818033207545257e-05	0.0	2.211215099202648e-05	0.0	0.0	0.0	0.0	0.0	0.0	0.0	0.0
K15931	lndGT2; glycosyltransferase	0.0	0.367567968141993	0.7733543505019655	0.0	2.0443878413900545	0.0	3.2715084669499555	0.0	0.0	0.0	0.0	0.0	0.0	0.0	0.0
K15933	lndZ5; oxygenase LndZ5	0.0	0.1910252725276398	0.0033836072942466	0.0	0.0089446779576613	0.0	0.0143136195002672	0.0	0.0	0.0	0.0	0.0	0.0	0.0	0.0
K15934	lndGT1; D-olivosyltransferase	0.0	0.0231244285590525	0.0364755073717652	0.0	0.0964242119165276	0.0	0.1543017520048491	0.0	0.0	0.0	0.0	0.0	0.0	0.0	0.0
K15935	lndGT4; L-rhodinosyltransferase	0.0	0.4968555602753431	0.0064316811319655	0.0	0.0170023621091075	0.0	0.0272078372175575	0.0	0.0	0.0	0.0	0.0	0.0	0.0	0.0
K15936	urdGT2; glycosyltransferase [EC:2.4.1.-]	0.0	0.2124933744849484	3.2669233091573464e-08	0.0	8.636219978150966e-08	0.0	1.382001311539433e-07	0.0	0.0	0.0	0.0	0.0	0.0	0.0	0.0
K15937	urdGT1a; glycosyltransferase	0.0	0.5436393525159366	0.2443997945676762	0.0	0.6460789522009864	0.0	1.0338805189755642	0.0	0.0	0.0	0.0	0.0	0.0	0.0	0.0
K15938	urdGT1c; glycosyltransferase	0.0	0.1701329889512732	0.2945943531993234	0.0	0.7787699305395365	0.0	1.2462177528084943	0.0	0.0	0.0	0.0	0.0	0.0	0.0	0.0
K15939	urdGT1b; glycosyltransferase [EC:2.4.1.-]	0.0	0.1762204212934418	0.9567326622926636	0.0	2.529154482653793	0.0	4.047250789067704	0.0	0.0	0.0	0.0	0.0	0.0	0.0	0.0
K15941	snoaB, dnrG, aknX; deoxynogalonate / 12-deoxyaklanonic acid monooxygenase [EC:1.13.12.22 1.13.12.-]	0.0	0.158289718720577	0.0153672170062239	0.0	0.0406237471647182	0.0	0.0650076908686004	0.0	0.0	0.0	0.0	0.0	0.0	0.0	0.0
K15942	snoaC, dnrC, dauC, aknG; O-methyltransferase / aklanonic acid methyltransferase [EC:2.1.1.- 2.1.1.288]	0.2106441248666609	0.1581321668886077	0.0100582810347693	0.2059805469119781	0.0716411824940613	0.0799526701271808	0.1492539547783764	4.30375428795166	0.159374170798169	0.0727486712186518	0.0053530510968169	0.0055439271626696	0.0086678184904205	0.0395130498821076	0.0
K15943	snoaL, dnrD, dauD, aknH; nogalonic acid methyl ester cyclase / aklanonic acid methyl ester cyclase [EC:5.5.1.26 5.5.1.23]	0.0	0.0014810808687506	0.0205786051122418	0.0	0.0544002242399326	0.0	0.0870533421309661	0.0	0.0	0.0	0.0	0.0	0.0	0.0	0.0
K15944	snoaF, dnrE, dauE, aknU; nogalaviketone/aklaviketone reductase [EC:1.1.1.- 1.1.1.362]	0.0	0.0299457478846955	0.0070046438535738	0.0	0.0185170080419397	0.0	0.0315240133098643	0.0	0.0	0.0	0.0	0.0	0.0	0.0	0.0
K15945	snoaL2; C-1 hydroxylase	0.0	1.2481079062937646e-08	4.3730028428388776e-05	0.0	0.0001156017786214	0.0	0.0001849904357175	0.0	0.0	0.0	0.0	0.0	0.0	0.0	0.0
K15946	aknS; aklavinone 7-alpha-L-rhodosaminyltransferase [EC:2.4.1.326]	0.0	0.012119754791011	0.0069956808298839	0.0	0.018493313991933	0.0	0.0295937160658499	0.0	0.0	0.0	0.0	0.0	0.0	0.0	0.0
K15947	aknT; aklavinone 7-alpha-L-rhodosaminyltransferase auxiliary protein	0.0	0.0015961330869491	0.0205771615487426	0.0	0.0543964081320074	0.0	0.0870472354475202	0.0	0.0	0.0	0.0	0.0	0.0	0.0	0.0
K15948	aknK; aclacinomycin-T 2-deoxy-L-fucose transferase [EC:2.4.1.327]	0.0	0.6820232440515206	0.0075793906000932	0.0	0.0200363701037165	0.0	0.0320629741158518	0.0	0.0	0.0	0.0	0.0	0.0	0.0	0.0
K15949	aknOx; aclacinomycin-N/aclacinomycin-A oxidase [EC:1.1.3.45 1.3.3.14]	0.0	0.3648423388883535	0.0076584866817462	0.0	0.0202454632154679	0.0	0.0323975729975447	0.0	0.0	0.0	0.0	0.0	0.0	0.0	1.5864566147235635e-05
K15950	dnrF, rdmE; aklavinone 12-hydroxylase [EC:1.14.13.180]	0.0	1.0025578939701256	0.0069935325713925	0.0	0.0184876349994541	0.0	0.0295846283225154	0.0	0.0	0.0	0.0	0.0	0.0	0.0	0.0
K15951	dnrS; glycosyltransferase [EC:2.4.1.-]	0.0	0.0014772035365061	0.0069935738482411	0.0	0.0184877441161707	0.0	0.0295848029353042	0.0	0.0	0.0	0.0	0.0	0.0	0.0	0.0
K15952	dnrQ; glycosyltransferase auxiliary protein	0.0	0.0301646477781135	0.0069977924454701	0.0	0.0184988961176783	0.0	0.0296026487992918	0.0	0.0	0.0	0.0	0.0	0.0	0.0	0.0
K15953	dnrP, dauP; 10-carbomethoxy-13-deoxycarminomycin esterase	0.0	0.0155085379281822	0.0069935411855106	0.0	0.0184876577711605	0.0	0.0295846647626805	0.0	0.0	0.0	0.0	0.0	0.0	0.0	0.0
K15954	dnrK, dauK; carminomycin 4-O-methyltransferase [EC:2.1.1.292]	0.0	0.0024916125874194	388.6933305630555	943.4454845923736	698.1377018349181	286.7201332132866	30.315755170024424	0.0	0.0	80.26325007502932	37.35470196431512	70.67024309488545	28.77148519260745	4.039160833744786	0.0
K15955	doxA, CYP129A; 13-deoxydaunorubicin hydroxylase [EC:1.14.13.181]	0.0	0.003908077218803	3.0712885740975124e-07	0.0	8.119053076005412e-07	0.0	1.299242264310651e-06	0.0	0.0	0.0	0.0	0.0	0.0	0.0	0.0
K15956	dnrU; daunorubicin C-13 ketoreductase	0.0	0.0001150355967749	3.0712885740974457e-07	0.0	8.119053076005236e-07	0.0	1.2992422643106229e-06	0.0	0.0	0.0	0.0	0.0	0.0	0.0	0.0
K15957	rdmC; aclacinomycin methylesterase [EC:3.1.1.95]	0.0	0.0194168641623752	0.0078663249666791	0.0	0.0207948906059215	0.0	0.033276787950526	0.0	0.0	0.0	0.0	0.0	0.0	0.0	0.0
K15958	rdmB; SAM-dependent hydroxylase	0.0	0.0027644537279335	388.6933305630555	943.4454845923736	698.1377018349181	286.7201332132866	30.315755170024424	0.0	0.0	80.26325007502932	37.35470196431512	70.67024309488545	28.77148519260745	4.039160833744786	0.0
K15959	mtmMI; O-methyltransferase [EC:2.1.1.-]	0.0	0.0043567976619003	4.713371607943397e-07	0.0	1.2459953966739958e-06	0.0	1.993890008281418e-06	0.0	0.0	0.0	0.0	0.0	0.0	0.0	0.0
K15960	mtmGIV; glycosyltransferase [EC:2.4.1.-]	0.0	0.3515060097536495	0.3876539768998493	0.0	1.0247761282084349	0.0	1.6398863817750724	0.0	0.0	0.0	0.0	0.0	0.0	0.0	0.0
K15961	mtmGIII; glycosyltransferase [EC:2.4.1.-]	0.0	2.0727997910208288e-09	7.262480537990012e-06	0.0	1.9198607857525648e-05	0.0	3.0722354578689606e-05	0.0	0.0	0.0	0.0	0.0	0.0	0.0	0.0
K15962	mtmC; D-mycarose 3-C-methyltransferase	0.0	0.0061290326057869	0.277155299466129	0.0	0.7326692143615652	0.0	1.17244560436618	0.0	0.0	0.0	0.0	0.0	0.0	0.0	0.0002049882938382
K15963	mtmMII; C-methyltransferase [EC:2.1.1.-]	0.0	0.0265383121032273	1.432212353331587e-06	0.0	3.786100795242493e-06	0.0	6.058664876396398e-06	0.0	0.0	0.0	0.0	0.0	0.0	0.0	0.0
K15964	mtmGI; glycosyltransferase [EC:2.4.1.-]	0.0	0.0033799650739359	0.0	0.0	0.0	0.0	0.0	0.0	0.0	0.0	0.0	0.0	0.0	0.0	0.0
K15965	mtmGII; glycosyltransferase [EC:2.4.1.-]	0.0	0.0090051287021219	0.0629107083328634	0.0	0.1663065412711027	0.0	0.266130157332397	0.0	0.0	0.0	0.0	0.0	0.0	0.0	0.0
K15966	mtmOIV; monooxygenase [EC:1.14.13.-]	0.0	0.0250623560130246	0.0139911909308897	0.0	0.0369861766564214	0.0	0.0591867099000729	0.0	0.0	0.0	0.0	0.0	0.0	0.0	0.0
K15968	tcmI; tetracenomycin F2 cyclase [EC:4.2.1.154]	0.0	0.0005357836292639	0.0107262091124379	0.0	0.0283550890732587	0.0	0.0453749098415751	0.0	0.0	0.0	0.0	0.0	0.0	0.0	0.0
K15969	tcmH; tetracenomycin F1 monooxygenase [EC:1.13.12.21]	0.0	0.0005357836292639	0.0107262091124379	0.0	0.0283550890732587	0.0	0.0453749098415751	0.0	0.0	0.0	0.0	0.0	0.0	0.0	0.0
K15970	tcmO; 8-O-methyltransferase	0.0	0.0031804471023119	0.0108775391724178	0.0	0.0287551350993254	0.0	0.0460150789596603	0.0	0.0	0.0	0.0	0.0	0.0	0.0	0.0
K15971	tcmP, elmP; O-methyltransferase [EC:2.1.1.-]	0.0002310196818145	0.0312589118649519	0.0109726026530542	0.0048276179097963	0.0307709263012189	0.0029303032555299	0.0484804340004444	0.0006682432205827	0.0006267566857828	0.0008926566321102	0.0004311543794293	0.0004465282382309	0.000698137909512	0.0031825260385446	0.0
K15972	tcmG, elmG; tetracenomycin A2 monooxygenase-dioxygenase [EC:1.14.13.200]	0.000365884925603	0.6088992989635906	0.0119961421877207	0.007645896686775	0.0345067640015312	0.0046409629700059	0.0540147624109752	0.0010583519080591	0.0009926462609058	0.0014137739384945	0.0006828547542003	0.0007072036024876	0.0011056985927611	0.005040428995904	0.0
K15973	mhqR; MarR family transcriptional regulator, 2-MHQ and catechol-resistance regulon repressor	1251.776987163125	2455.348330804617	1520.276209182246	2275.74022940797	4767.389597751385	3508.5864757202235	2891.9797926731967	1658.391001413307	1664.068425308258	2160.9958705206327	684.3609548813686	430.533564290334	257.612233255473	1721.9349956843566	58.12084766222476
K15974	emrR, mprA; MarR family transcriptional regulator, negative regulator of the multidrug operon emrRAB	10.00018028785408	53.53272178545775	21.86884929902121	74.64953831589095	156.60532903326177	158.6327335956509	118.58167957927904	70.62326376001708	75.51698372081694	78.89223902244697	32.48444008300024	26.670154065959547	74.35500543697854	78.24987342930561	16.422985507930225
K15975	K15975; glyoxalase family protein	69.94228640724252	199.46722882984665	67.4793524964192	209.49990319762088	1042.286239459866	556.6556652938776	542.6996358877852	336.8543329920747	198.4542085617395	361.0007436122496	331.32784772663166	699.1224581653845	113.40756828835048	712.1029446428726	4.484334310125068
K15976	K15976; putative NAD(P)H nitroreductase [EC:1.-.-.-]	456.4225184593687	289.45018128383583	148.9937314674587	50.620114443619386	116.24713018266874	107.0759687287826	65.42133173902725	23.626239824730003	208.92998674460512	104.92652078508416	17.077816677316818	2.4279566058914037	12.269991858933343	78.18049779564788	0.0
K15977	K15977; putative oxidoreductase	9906.542976055862	7030.1384605563	43279.48844465468	14820.18466304155	4349.367982254917	3121.023237358161	2663.9830432949493	15388.28315169852	12510.055024092057	3157.861525882289	337.52454721149	3640.216317580187	689.9669543963853	2779.645176838132	421.1036299307004
K15980	ACAD9; acyl-CoA dehydrogenase family member 9 [EC:1.3.99.-]	5.926101969511657e-07	0.0037221491908897	515.7900006320472	1251.9600123837745	926.41000619709	380.48000751679496	40.19000796627052	1.7141731970641931e-06	1.6077522057206866e-06	106.51000228983705	49.57000110599443	93.78000114543136	38.18000179085886	5.360008163795256	1.3334060914784125
K15981	CYP125A; cholest-4-en-3-one 26-monooxygenase [EC:1.14.13.141]	0.0	1.7491158425511764	1.3586193664273112	0.0	3.591555296738444	0.0	5.747345647883357	0.0	0.0	0.0	0.0	0.0	0.0	0.0	0.0
K15982	kshA; 3-ketosteroid 9alpha-monooxygenase subunit A [EC:1.14.13.142]	0.0	2.3119955927263254	0.2771522790027106	0.0	7.872661229666471	7.14	1.1724328269483753	0.0	4.86	8.42	0.0	76.8600000000043	0.0	1.0253658847719774e-11	0.0
K15983	kshB; 3-ketosteroid 9alpha-monooxygenase subunit B [EC:1.14.13.142]	0.0	1.3129443624867556	0.4331221789407055	0.0	8.284972826347985	7.14	1.8322297853611549	0.0	4.86	8.42	0.0	77.19726609435612	0.0	0.8042948801282944	0.0005527982887074
K15984	rsmJ; 16S rRNA (guanine1516-N2)-methyltransferase [EC:2.1.1.242]	256.5903656378066	136.09081289385756	115.24350635519662	131.41240289978174	201.97375575305784	307.99453159438013	502.3080166180935	326.3569110702225	117.25926100219117	134.73293504191304	61.7846448975343	382.39819409117376	186.44653199014465	282.9946140740179	20.479979342962807
K15986	ppaC; manganese-dependent inorganic pyrophosphatase [EC:3.6.1.1]	13135.710037833838	21745.799388580053	27052.38556542133	18132.109582023488	69667.78977289729	33988.92590681862	9016.416596989777	21765.67462988758	6639.794123826436	5460.738544262043	5129.480061121367	3010.5812330589124	2923.714830721892	35469.02720922489	382.2603177410562
K15987	hppA; K(+)-stimulated pyrophosphate-energized sodium pump [EC:3.6.1.1]	26418.44376378172	23037.18344327925	66266.96658430164	27316.546793083184	64385.05954154956	29374.611108234854	12687.303467295931	36608.46015949046	21681.067225305407	8793.5032108933	4814.644523177163	4457.801380865755	4231.203885071043	35051.91528351639	896.8384311839561
K15988	tylG; tylactone synthase	0.0	0.0409435293726599	0.0684734226937749	0.0	0.1810117609381181	0.0	0.2896620183985875	0.0	0.0	0.0	0.0	0.0	0.0	0.0	0.0
K15989	tylMII; tylactone mycaminosyltransferase [EC:2.4.1.316]	0.0	0.0404213797354705	0.0135837688414419	0.0	0.0359091428679126	0.0	0.057463198789822	0.0	0.0	0.0	0.0	0.0	0.0	0.0	0.0
K15990	tylMIII; tylactone mycaminosyltransferase auxiliary protein	0.0	0.0014790833224408	0.0135793691032588	0.0	0.0358975120142931	0.0	0.0574445866481707	0.0	0.0	0.0	0.0	0.0	0.0	0.0	0.0
K15991	tylHI, CYP105L; 20-oxo-5-O-mycaminosyltylactone 23-monooxygenase [EC:1.14.13.186]	0.0	1.6251426522009058e-07	0.0005689806389162	0.0	0.0015041191653369	0.0	0.0024069496428601	0.0	0.0	0.0	0.0	0.0	0.0	0.0	0.0
K15992	tylI, CYP113B; cytochrome P450 TylI	0.0	0.0010007889552377	0.0135793599984834	0.0	0.0358974879455177	0.0	0.0574445481323857	0.0	0.0	0.0	0.0	0.0	0.0	0.0	0.0
K15993	tylN; O-mycaminosyltylonolide 6-deoxyallosyltransferase [EC:2.4.1.317]	0.0	0.0511100200569443	0.0008727837819407	0.0	0.0023072328368024	0.0	0.0036921231911122	0.0	0.0	0.0	0.0	0.0	0.0	0.0	0.0
K15994	tylCV; demethyllactenocin mycarosyltransferase [EC:2.4.1.318]	0.0	0.0436685439517971	0.0135793599984834	0.0	0.0358974879455177	0.0	0.0574445481323857	0.0	0.0	0.0	0.0	0.0	0.0	0.0	0.0
K15995	tylE; demethylmacrocin O-methyltransferase [EC:2.1.1.102]	0.0	0.0858746247316867	7.293565444080435e-13	0.0	1.9280781836401912e-12	0.0	3.085385255681976e-12	0.0	0.0	0.0	0.0	0.0	0.0	0.0	0.0001406821544282
K15996	tylF; macrocin O-methyltransferase [EC:2.1.1.101]	0.0	0.0575510657774088	7.293565433200394e-13	0.0	1.928078180764016e-12	0.0	3.08538525107941e-12	0.0	0.0	0.0	0.0	0.0	0.0	0.0	0.0
K15997	eryCII; 3-alpha-mycarosylerythronolide B desosaminyl transferase auxiliary protein	0.0	0.0326354898648426	5.483494606708167e-06	0.0	1.4495799622780585e-05	0.0	2.319673901449733e-05	0.0	0.0	0.0	0.0	0.0	0.0	0.0	0.0
K15998	megDI; TDP-megosamine glycosyltransferase	0.0	0.004063080771335	0.0	0.0	0.0	0.0	0.0	0.0	0.0	0.0	0.0	0.0	0.0	0.0	0.0
K15999	megY; mycarose O-acyltransferase	0.0	0.0003816888114506	0.9382339657747604	0.0	2.480252565675865	0.0	3.968996050801115	0.0	0.0	0.0	0.0	0.0	0.0	0.0	0.0
K16000	pikAI; narbonolide/10-deoxymethynolide synthase [EC:2.3.1.240 2.3.1.239]	0.0	0.0797552490302583	0.0167959235758522	0.0	0.0444005803046189	0.0	0.071051525284599	0.0	0.0	0.0	0.0	0.0	0.0	0.0	0.0
K16001	pikAII; narbonolide/10-deoxymethynolide synthase [EC:2.3.1.240 2.3.1.239]	0.0	0.0301124761118145	0.0135793599992128	0.0	0.0358974879474459	0.0	0.0574445481354714	0.0	0.0	0.0	0.0	0.0	0.0	0.0	0.0
K16002	pikAIII; narbonolide/10-deoxymethynolide synthase [EC:2.3.1.240 2.3.1.239]	0.0	0.0002677812274302	0.9382264144407608	0.0	2.480232603474315	0.0	3.9689641065143855	0.0	0.0	0.0	0.0	0.0	0.0	0.0	0.0
K16003	pikAIV; narbonolide synthase [EC:2.3.1.240]	0.0	1.7121092346152075e-08	4.1744676058155763e-19	0.0	1.1035343386982502e-18	0.0	1.7659183152677246e-18	0.0	0.0	0.0	0.0	0.0	0.0	0.0	0.0
K16004	desVII; narbonolide/10-deoxymethynolide desosaminyltransferase [EC:2.4.1.277]	0.0	0.1528273949645382	0.0205911864684014	0.0	0.0544334834716733	0.0	0.0871065648395154	0.0	0.0	0.0	0.0	0.0	0.0	0.0	0.0
K16005	desVIII; narbonolide/10-deoxymethynolide desosaminyltransferase auxiliary protein	0.0	6.035480014492317e-08	0.0002110439341299	0.0	0.0005579016302867	0.0	0.0008927757592059	0.0	0.0	0.0	0.0	0.0	0.0	0.0	0.0
K16006	pikC, CYP107L; pikromycin synthase [EC:1.14.13.185]	0.0	0.0057281112510209	0.0663898379764649	0.0	0.1755037357232733	0.0	0.2808478634903456	0.0	0.0	0.0	0.0	0.0	0.0	0.0	0.0
K16007	oleA; 8,8a-deoxyoleandolide synthase	0.0	0.2696441763685085	0.127145865199765	0.0	0.3361143061116817	0.0	0.5378631079901732	0.0	0.0	0.0	0.0	0.0	0.0	0.0	0.0
K16008	oleP, CYP107D; cytochrome P450 monooxygenase OleP	0.0	0.050975348578574	7.293573321273128e-13	0.0	1.928080266002171e-12	0.0	3.085388587958128e-12	0.0	0.0	0.0	0.0	0.0	0.0	0.0	0.0
K16009	oleGII; glycosyltransferase OleGII	0.0	0.43969669145849	0.0005692367637559	0.0	0.0015047962398343	0.0	0.0024080331236489	0.0	0.0	0.0	0.0	0.0	0.0	0.0	0.0
K16010	oleGI; desosaminyltransferase OleGI	0.0	0.1332271078201287	0.0069987089371554	0.0	0.0185013188938052	0.0	0.0296065258193232	0.0	0.0	0.0	0.0	0.0	0.0	0.0	0.0
K16011	algA, xanB, rfbA, wbpW, pslB; mannose-1-phosphate guanylyltransferase / mannose-6-phosphate isomerase [EC:2.7.7.13 5.3.1.8]	89.91246660572709	89.91652558633918	387.48283667487215	346.3396130797994	325.9406007551777	247.95358494013496	946.3723975909288	264.9726318928853	104.46809763606066	109.047927427523	51.5455120050988	329.55777397030647	55.55191376912116	393.9471615182586	56.17123092790848
K16012	cydC; ATP-binding cassette, subfamily C, bacterial CydC	815.3724534681809	5519.412195552318	15755.297181220974	583.4497177165746	3296.828180628402	2654.168851716618	2376.9925941412	8585.309086364265	609.7911398016711	1731.6923342193863	405.04882286637536	688.5953354202693	159.70965932248546	1395.4510443871295	43.29231212178198
K16013	cydD; ATP-binding cassette, subfamily C, bacterial CydD	1476.4111892123476	5850.231589934452	16092.285786236218	1092.0526297631336	3575.7338963892967	2830.425808735726	2454.2714258892283	9516.57340192388	822.4989595605423	1813.948412715524	422.23829373255467	423.7623481385328	236.04113950903255	1279.3355732331345	73.05168106426811
K16014	cydCD; ATP-binding cassette, subfamily C, bacterial CydCD	617.5162582713973	354.75355984196875	697.7127469770312	1458.3940189123418	1172.6534717036243	621.7127693500192	162.6518412055845	914.9223563825716	287.52822545052663	189.2021771870833	93.13243945786373	159.9660173158291	125.48737390410012	62.6612098673136	29.8724687473449
K16015	rifL, asm44; oxidoreductase [EC:1.1.1.-]	3.2583818470110693	1.3630369669487938	1.5618213844669828	0.608928181246308	2.7374597660943447	1.5059208004927584	0.5459507146994085	0.8198978090666128	9.292431638187807	4.6371633272710175	1.8516652860476302e-05	0.0522353959231699	0.5480135429260449	0.0035238479135559	0.0
K16016	rifK, asm24, asm43; 3-amino-5-hydroxybenzoate synthase [EC:4.2.1.144 2.6.1.-]	108.76931247104294	139.75657596567038	8.34762224118559	2.1242693641945336	138.6107008842627	81.38658159375123	0.3330986753635799	130.95982760232752	0.3443824899115285	0.0036641185454636	0.1738184027849685	1.914787159097404	125.93776997868132	0.0049862690398041	0.190150220344835
K16017	rifM, asm45; AHBA synthesis associated protein	9.763377966204498	48.67442534596869	30.391383370758323	95.80200570873316	73.10222336411519	72.3706456164617	22.3729465576833	105.32832794693374	21.41611838217331	19.081001432796896	6.185721465929158	9.3004783643046	49.63419371779867	13.747239845572986	0.0598099335281206
K16018	rifN, asm22; kanosamine 6-kinase [EC:2.7.1.179]	0.0	0.0665740731925346	0.1403453907989394	0.0	0.3710076892413604	0.0	0.5937008487740624	0.0	0.0	0.0	0.0	0.0	0.0	0.0	0.0
K16019	rifH; 3,4-Dideoxy-4-amino-D-arabino-heptulosonate 7-phosphate synthase	0.0	0.015452164099956	0.0637061123575876	0.0	0.1684092181566511	0.0	0.2694949421814667	0.0	0.0	0.0	0.0	0.0	0.0	0.0	0.0
K16020	rifG, asm47; 5-deoxy-5-amino-3-dehydroquinate synthase	0.0	0.0452929226520422	0.0774357573747215	0.0	0.2047039895268664	0.0	0.3275752386104151	0.0	0.0	0.0	0.0	0.0	0.0	0.0	0.0
K16021	rifJ, asm23; 5-deoxy-5-amino-3-dehydroquinate dehydratase	0.0	0.0957476286591699	0.0774357573747215	0.0	0.2047039895268664	0.0	0.3275752386104151	0.0	0.0	0.0	0.0	0.0	0.0	0.0	0.0
K16022	rif19; flavoprotein hydroxylase	5.321997108911368e-05	0.1506263506594406	0.2654409536039904	0.0011121376480592	0.7021084378493968	0.000675053542264	1.1233658968145	0.00015394309524	0.0001443858481462	0.0002056411810864	9.932497278128704e-05	0.0001028666464366	0.000160829930457	0.0007331580691662	0.0
K16023	rif20; acetyltransferase	0.0	0.0019064559324927	0.0005684056819861	0.0	0.0015025992476478	0.0	0.0024045174118088	0.0	0.0	0.0	0.0	0.0	0.0	0.0	0.0
K16024	asm13; methoxymalonate biosynthesis protein	0.0	0.2250163046696382	1.880577011561313	0.0	4.971367620468077	0.0	7.955374676667889	0.0	0.0	0.0	0.0	0.0	0.0	0.0	0.0
K16025	asm14; methoxymalonate biosynthesis acyl carrier protein	0.0	0.2334867976823454	1.8805210523390927	0.0	4.971219690410599	0.0	7.95513795327042	0.0	0.0	0.0	0.0	0.0	0.0	0.0	0.0
K16026	asm15; methoxymalonate biosynthesis protein	0.0	0.2285932561615433	1.8805210523390927	0.0	4.971219690410599	0.0	7.95513795327042	0.0	0.0	0.0	0.0	0.0	0.0	0.0	0.0
K16027	asm16; methoxymalonate biosynthesis protein	0.0010830620604842	0.2911855650841491	1.8816764879737056	0.0226327460913544	4.982546360517919	0.0137377917623718	7.969698473554695	0.0031328451052487	0.0029383487250712	0.0041849357755337	0.0020213297278555	0.0020934051590939	0.0032729968149867	0.0149202577969853	0.0
K16028	asm17; O-methyltransferase	0.0002706762544854	0.1725893315347453	0.9436241400119774	0.0017618834873766	2.4945103313159995	0.0069099567723647	3.9873695835940457	0.0011398007903722	0.0004654735957189	0.0016147281523324	0.0001709141423083	0.0009687622564028	0.0019044363309613	0.0001282478025618	0.0002327367978594
K16029	asmA; ansamitocin polyketide synthase A	0.0	0.0188157309070237	0.1189840603024308	0.0	0.3145383045218833	0.0	0.5033363560427752	0.0	0.0	0.0	0.0	0.0	0.0	0.0	0.0
K16030	asmB; ansamitocin polyketide synthase B	0.0	0.0132058418650425	0.0	0.0	0.0	0.0	0.0	0.0	0.0	0.0	0.0	0.0	0.0	0.0	0.0
K16031	asmC; ansamitocin polyketide synthase C	0.0	0.0132058418650425	0.0	0.0	0.0	0.0	0.0	0.0	0.0	0.0	0.0	0.0	0.0	0.0	0.0
K16032	asmD; ansamitocin polyketide synthase D	0.0	0.0289288099578012	0.0	0.0	0.0	0.0	0.0	0.0	0.0	0.0	0.0	0.0	0.0	0.0	0.0
K16033	asm12; FADH2-dependent halogenase	0.0111161350148535	0.0499912045879292	0.0785962789912121	0.0401221441390144	0.221561213056543	0.0584390615404204	0.8202868691740322	0.0439465441551286	0.0301242687331303	0.0225624027436219	0.0269933524641852	0.0563660798491861	0.0507526063824257	0.1588139912588275	0.0059402389530893
K16034	asm7; 20-O-methyltransferase	0.0	0.0130908063559259	0.0	0.0	0.0	0.0	0.0	0.0	0.0	0.0	0.0	0.0	0.0	0.0	0.0
K16035	asm21; 7-O-carbamoyltransferase [EC:2.1.3.-]	0.0	0.6022369859728767	4.836305663138553e-08	0.0	1.2784934213596556e-07	0.0	2.045894603870284e-07	0.0	0.0	0.0	0.0	0.0	0.0	0.0	0.0
K16036	asm19; 3-O-acyltransferase	0.0	0.0130926389777928	2.6692551776824162e-20	0.0	7.056264476018501e-20	0.0	1.1291707234296909e-19	0.0	0.0	0.0	0.0	0.0	0.0	0.0	0.0
K16037	asm11; 4,5-epoxidase	0.0	0.4112992321496993	9.043700896428312e-13	0.0	2.3907322874469804e-12	0.0	3.825742240413365e-12	0.0	0.0	0.0	0.0	0.0	0.0	0.0	0.0
K16038	asm10; N-methyltransferase [EC:2.1.1.-]	0.0	0.0130908063634285	2.6286816797793264e-08	0.0	6.94900709039456e-08	0.0	1.1120069818877215e-07	0.0	0.0	0.0	0.0	0.0	0.0	0.0	0.0
K16039	asm25; N-glycosyltransferase [EC:2.4.1.-]	0.0	0.4069672495676641	0.1127096705088739	0.0	0.2979517472758245	0.0	0.476793905843533	0.0	0.0	0.0	0.0	0.0	0.0	0.0	0.0
K16041	nleA; non-LEE-encoded effector NleA	0.0001146575655939	0.0006182196252481	0.0002542255058448	0.0008625508234022	0.0018198541933967	0.0018373147363806	0.0009772083889961	0.000815174550106	1.343387455479025	0.0008625508234022	0.0003738884270941	0.000301601779141	0.0008575454677468	0.0008127300740882	0.0001794943818739
K16042	nleH; non-LEE-encoded effector NleH	0.0002283566993999	0.001231271503059	0.0005063259202939	0.0017178915152829	0.0036244960796132	0.0036592712115015	0.0019462482146829	0.0016235349907593	1.3442205180665154	0.0017178915152829	0.0007446514908352	0.0006006824448175	0.0017079226441416	0.0016186664722949	0.0003574883558119
K16043	iolX; scyllo-inositol 2-dehydrogenase (NAD+) [EC:1.1.1.370]	804.1753398560654	1933.335422609268	657.221162312509	1109.0039965004644	386.8164043967938	576.102322341978	1759.644637570267	1621.698755342983	1182.5938946818203	864.2408506522352	123.00668130004198	577.7100641431592	237.9987296404309	174.47947350554696	53.29765590018127
K16044	iolW; scyllo-inositol 2-dehydrogenase (NADP+) [EC:1.1.1.371]	8.238807992810017	17.88799093697876	14.27303131225094	22.88748199103245	11.128233129484142	28.121117250140564	215.6938866349286	91.33767674774042	26.71252252283686	19.421551876195533	11.820297518437334	28.942867179390262	26.069920488341623	73.85126965630322	2.4895725592178835
K16045	hsd; 3beta-hydroxy-Delta5-steroid dehydrogenase / steroid Delta-isomerase [EC:1.1.1.145 5.3.3.1]	0.0	1.1396211628035581e-13	0.0	0.0	0.0	0.0	0.0	0.0	0.0	0.0	0.0	0.0	0.0	0.0	0.0
K16046	CYP142; cholest-4-en-3-one 26-monooxygenase [EC:1.14.13.221]	0.000365884925603	0.1477486263068754	0.0003902373563931	0.007645896686775	0.0038261701572013	0.0046409629700059	0.0049184899226204	0.0010583519080591	0.0009926462609058	0.001413773938498	0.0006828547542003	0.0007072036024876	0.0011056985927611	0.005040428995909	0.0
K16047	hsaA; 3-hydroxy-9,10-secoandrosta-1,3,5(10)-triene-9,17-dione monooxygenase [EC:1.14.14.12]	0.0833051253077594	1.942168657188532	0.9954659412429072	1.7408270661388574	10.4078170998137	8.196660099149492	4.955091803617036	0.2409668509170196	5.086006909179843	8.741889771514964	0.1554732017775831	77.02101697726016	0.2517468017321832	1.147611010401245	0.0
K16048	hsaB; 3-hydroxy-9,10-secoandrosta-1,3,5(10)-triene-9,17-dione monooxygenase reductase component [EC:1.5.1.-]	0.0006397250273329	0.8626993259985318	0.3413216082182477	0.0133683328409079	8.04718108429626	7.1481144096274125	1.4496006167111588	0.0018504566762217	4.861735574799491	8.42247188803954	0.0011939253183914	77.11671418733219	5.965233750284238	25.21667754580232	0.0
K16049	hsaC; 3,4-dihydroxy-9,10-secoandrosta-1,3,5(10)-triene-9,17-dione 4,5-dioxygenase [EC:1.13.11.25]	0.0	0.781871975012425	388.96411507690993	943.4454845923736	705.9935296664953	293.8601332132866	31.461250542512584	0.0	4.86	88.68325007502932	37.35470196431512	147.53024309488976	28.77148519260745	4.03916083375504	0.0
K16050	hsaD; 4,5:9,10-diseco-3-hydroxy-5,9,17-trioxoandrosta-1(10),2-diene-4-oate hydrolase [EC:3.7.1.17]	0.1563281190335403	1.5750273916874158	389.08377223075	944.6744378181136	706.7497467550735	294.96754242090964	37.48359945491523	0.5773291106886648	5.283759752698152	89.07107723838652	37.7127055037695	148.2536872443078	29.425873207363463	6.375540167449898	0.0637564910429567
K16051	tesI; 3-oxo-5alpha-steroid 4-dehydrogenase [EC:1.3.99.5]	0.2638749519664277	1.8857561556693856	0.3222914746118592	0.8844177977165026	8.587966861748761	7.847505546155868	1.7413636547476825	0.3868647600633181	4.974821590710266	8.583534361550432	0.0789873212535953	76.9418659332585	0.1278986042329787	0.58318573826987	0.0
K16052	ynaI, mscMJ; MscS family membrane protein	946.1800870275248	626.2477354555785	3921.893605396384	1000.9294955708842	476.3301554353766	771.2990594990016	448.3318169675332	1505.4543379758306	645.3136755947355	298.0807008399012	42.504979567141866	256.39670550563915	707.5165903565173	161.87395251826584	89.71694453458355
K16053	ybdG, mscM; miniconductance mechanosensitive channel	27183.33289650836	18332.651937974075	87185.2205924489	18167.523004940776	2635.734870744521	2406.638262524193	1567.7483143413826	39854.61994495368	23115.657739588645	6197.795284847796	68.98569957343665	1773.0850389041875	323.32809074092575	971.9062331022903	1024.6925193514044
K16054	DEP1; methylthioribulose 1-phosphate dehydratase / enolase-phosphatase E1 [EC:4.2.1.109 3.1.3.77]	0.8196993243892327	2.3023524548544976	0.1553903855973978	2.958590769170891	1.4276004729173746	4.309272890138361	36.62769043034034	3.2406004879451915	2.2213514585123906	1.6637425023024857	1.9904789522911548	4.1564120541095	3.7424767787614255	11.710879830486904	0.4380308308644516
K16055	TPS; trehalose 6-phosphate synthase/phosphatase [EC:2.4.1.15 3.1.3.12]	4591.586241940427	2807.767674538439	19550.094294596394	2840.728982841001	396.0301467598225	442.43713635261497	946.4005437713928	6448.709936167974	3390.3553244838017	837.4481691874068	47.114318269785365	463.3601458487788	124.43947545394944	312.64957623819487	149.8265592409558
K16066	ydfG; 3-hydroxy acid dehydrogenase / malonic semialdehyde reductase [EC:1.1.1.381 1.1.1.-]	81.77580170161309	108.3477710422353	961.7770106541316	1369.858093138752	1255.0578756440227	612.7654559870107	284.47533961048384	198.09472718642	169.715554654765	207.6835475619538	97.42011985563737	165.30541141796186	122.68280493776705	153.88202745628547	66.54907346529995
K16072	ERC1, CAST2, ELKS; ELKS/RAB6-interacting/CAST family member 1	6.416472831883885e-21	2.845894524027864e-20	6.84347518314413e-21	1.340850221834749e-19	6.709884550833757e-20	8.138791933486144e-20	8.625460496538492e-20	1.8560169576380594e-20	1.740789882030714e-20	2.4793156077212962e-20	1.1975128440253884e-20	1.2402130791514127e-20	1.9390481772407274e-20	8.839329923186447e-20	0.0
K16074	zntB; zinc transporter	19.26556453177137	24.12472764913043	42.28587095006947	85.25133385301652	331.47431640543283	280.95023545324176	777.8253472822403	119.80870183667764	279.1580739419239	165.08512876231725	46.51309765923055	1196.3741609852557	102.64346974694466	605.560575257588	23.905296864560437
K16076	nmpC, ompD; outer membrane porin protein LC	10.213281284917116	55.06876843065462	22.64548865610049	76.83290794034095	162.10603005928346	163.66135208236727	87.04618922525806	72.61280085104018	77.77172693730643	76.83290794034095	33.3046289209683	26.86559574540127	76.38704896039025	72.39505576780843	15.98871039730172
K16077	scrY; sucrose porin	0.3929543330225863	2.0874519829331044	1.7006252666938275	5.127897867213977	10.715552417698	20.199964968340726	14.647575755776838	3.567849254622299	3.823992002478236	6.032109125879288	1.2357434589061862	18.218997219362976	3.3410261984786214	8.983126548326068	0.5639232922841705
K16078	ail; attachment invasion locus protein	0.4625551463685408	2.494040997323168	1.0256045072780642	3.4797295782648603	7.34171285109215	7.412152721097512	30.820331009392696	3.2886027309836465	6.329096945524629	3.4797295782648603	1.5083524163814752	1.2167313545592786	3.4595368155299906	3.2787411491828955	0.7241218636551168
K16079	omp31; outer membrane immunogenic protein	0.0113348657821856	0.0270453231347002	0.2611200794282243	57.48465174365229	205.75074341215137	56.48472370004377	74.60559089936017	32.26413312410951	0.2791563164875896	2.504960486567132	7.207157217640038	71.22204571083182	24.209582414331475	130.3621748526936	0.0097461093191494
K16080	mnoP; high affinity Mn2+ porin	813.6841911891789	234.07291836574493	5505.454993849143	92.56163705309235	61.9167494681448	1.124070702940927	16.836008557561456	1404.1757703323565	972.7042985306766	141.55857198874926	0.0	29.94985584568182	1.3942298904329118	7.885334270119538	0.0041354041686877
K16081	algE; alginate production protein	5.62124420947152	13.41245401451109	33.67239335176452	48.70374892064921	105.70781808061712	241.3941805137636	102.68314049884984	30.04280982880092	17.32253863123568	55.85941562753101	3.5494437241791674	140.33666736559218	43.37813555233097	44.43215156043197	4.833340034890264
K16087	TC.FEV.OM3, tbpA, hemR, lbpA, hpuB, bhuR, hugA, hmbR; hemoglobin/transferrin/lactoferrin receptor protein	2054.3638920464787	958.317262868912	12392.925399630352	615.5102618663741	580.1168379238388	482.6165023132394	1522.3442247941148	3974.427819858525	2603.58545522036	505.1706083470038	85.9205666661995	1870.518122612419	472.2909505268807	994.8140376226806	61.469454281581626
K16088	TC.FEV.OM1, fhuE, fpvA, fptA; outer-membrane receptor for ferric coprogen and ferric-rhodotorulic acid	15.155878375671136	103.58392357957509	66.36101971673662	206.60126201475407	643.7183053487707	637.6239069450852	2159.620841011152	352.0514459944509	885.3964206291455	502.1806462444424	107.24559690359771	4352.034980547031	309.03078221253054	2329.772581804475	57.639851106559256
K16089	TC.FEV.OM2, cirA, cfrA, hmuR; outer membrane receptor for ferrienterochelin and colicins	26505.979759185797	14180.661454137038	117289.97345957924	12959.750847780597	2247.6711779663683	1638.3014926445394	1788.058170950823	39215.28967021559	22772.84145658993	4818.351707262376	97.0233344845686	3470.6218818479856	361.7003580863537	1550.1428801070133	744.6027293388588
K16090	fiu; catecholate siderophore receptor	22.22970383775919	110.08574186215569	70.36266876358678	232.82516778680264	907.7776448315204	528.6261495495365	1550.4748470113718	278.4958650981293	614.640984293981	371.0501993216574	124.2969534333652	2540.78461099876	230.8573195926544	1397.5019232401628	68.7865090881329
K16091	fecA; Fe(3+) dicitrate transport protein	1836.7939375460196	658.9772232356343	12268.019562918518	293.14601390766506	275.4233587406316	275.6363501596398	637.7919930555757	3402.3365992405475	2383.91312060747	367.0295939547419	43.42159489572009	914.9474141458512	119.36663779142047	638.8027237746938	14.272455200046856
K16092	btuB; vitamin B12 transporter	285.1657796097069	271.7831457220046	1060.194805709143	351.30432523551906	735.1254184097419	909.620714636435	1303.183073192964	516.0903393043585	413.942178825103	377.7126408649184	105.78120517028788	1305.3015724290055	335.10652164241094	907.3142532896642	91.16254409981316
K16093	bacA; bacitracin synthase 1	80.03705513320344	66.68997124402269	45.463543016398575	97.02331286773268	38.14109095110938	56.50655569408856	167.94902615975968	129.56488389435663	114.95398982686235	347.7842607107896	11.511780515351369	21.76836346327998	45.68832457290789	36.14350959001924	9.305475396663184
K16094	bacB; bacitracin synthase 2	0.0006256077830634	0.0016419937512527	0.0027932480631974	0.0051202557711349	0.0079580961619937	0.0150352043200969	0.0034232105978661	0.002538361883074	0.0011481959579987	0.0035790002827781	0.0004849823609651	0.002119164254087	0.0041092969450132	0.0012653913855624	0.0004763216647703
K16095	bacC; bacitracin synthase 3	26.60533423562445	87.61524947203235	17.574642472705566	336.64857005021247	71.22560358118716	120.43371708790936	15.94069488518285	224.4058588749149	168.66932358101403	510.8714546575975	5.712088384708904	11.391523670394786	91.22379003223394	11.49521580334874	0.1229730648475516
K16096	grsA; gramicidin S synthase 1	0.0204265492784076	0.0905977571468003	0.0217858918328827	0.4268535665759223	0.2136061213397067	0.2590947376414758	0.2745876098874925	0.0590854552650291	0.0554172537472037	0.0789278841580878	0.0381222764607714	0.0394816190152465	0.0617287163576834	0.2813960457634467	0.0
K16097	grsB; gramicidin S synthase 2	0.9726625335971212	1.4045344942632974	3.585753276480722	2.2139614145662483	1.1123349358638028	1.3374102627138775	1.4228403255349449	0.5575755651337179	0.3794124349842682	0.434911452758372	0.1949308082411529	0.2018815406585388	0.3156377238823635	1.447210882568073	0.0037273901294488
K16099	vioA; nonribosomal peptide synthetase protein VioA	0.0	5.520251221818536e-15	0.0	0.0	0.0	0.0	0.0	0.0	0.0	0.0	0.0	0.0	0.0	0.0	0.0
K16102	vioO; nonribosomal peptide synthetase protein VioO	0.0	0.1362139764892264	0.0011384566368614	0.0	0.0030095478286746	0.0	0.0048159947950509	0.0	0.0	0.0	0.0	0.0	0.0	0.0	0.0
K16103	vioM; nonribosomal peptide synthetase protein VioM	0.0	0.0130908063559259	0.0	0.0	0.0	0.0	0.0	0.0	0.0	0.0	0.0	0.0	0.0	0.0	0.0
K16105	vioL; carbamoyltransferase	0.0	0.1343560749151769	0.0629205642794049	0.0	0.1663325957922439	0.0	0.2661718507844857	0.0	0.0	0.0	0.0	0.0	0.0	0.0	0.0
K16106	blmVI; nonribosomal peptide synthetase protein BlmVI	0.0	0.3974510672208903	4.2337060965338363e-13	0.0	1.1191942299354432e-12	0.0	1.790977878691443e-12	0.0	0.0	0.0	0.0	0.0	0.0	0.0	0.0
K16107	blmV; nonribosomal peptide synthetase protein BlmV	0.0	0.3165974172708348	0.0	0.0	0.0	0.0	0.0	0.0	0.0	0.0	0.0	0.0	0.0	0.0	0.0
K16108	blmX; nonribosomal peptide synthetase protein BlmX	0.0	0.3165974172783377	2.6286859609748642e-08	0.0	6.949018407876771e-08	0.0	1.112008792954982e-07	0.0	0.0	0.0	0.0	0.0	0.0	0.0	0.0
K16109	blmIX; nonribosomal peptide synthetase protein BlmIX	0.0	0.3165974172708348	0.0	0.0	0.0	0.0	0.0	0.0	0.0	0.0	0.0	0.0	0.0	0.0	0.0
K16110	blmVIII; nonribosomal peptide synthetase protein BlmVIII	0.0	0.0033897963091825	0.0	0.0	0.0	0.0	0.0	0.0	0.0	0.0	0.0	0.0	0.0	0.0	0.0
K16111	blmVII; nonribosomal peptide synthetase protein BlmVII	0.0	0.3165974172708348	0.0	0.0	0.0	0.0	0.0	0.0	0.0	0.0	0.0	0.0	0.0	0.0	0.0
K16112	blmIV; nonribosomal peptide synthetase protein BlmIV	104.63282433028456	21.90874273879204	0.4408332911717143	0.2054208603321605	1.1757037862696336	0.3007510277879066	0.0028973828980583	135.0046385547069	19.27089424045603	7.714534899914913	2.30364855110966	2.009663571189178	1.462794072915674	0.0011887639501276	0.0
K16113	blmIII; nonribosomal peptide synthetase protein BlmIII	0.0	0.3165974172708348	0.0	0.0	0.0	0.0	0.0	0.0	0.0	0.0	0.0	0.0	0.0	0.0	0.0
K16114	blmE; glycosyl transferase protein BlmE	0.0	0.3165974172708348	0.0	0.0	0.0	0.0	0.0	0.0	0.0	0.0	0.0	0.0	0.0	0.0	0.0
K16115	blmF; glycosyl transferase / beta-hydroxylase protein BlmF	0.0021964720643901	0.0095493648757914	0.0004163851681759	0.007927860596065	0.0038254082497989	0.0115471578899683	0.0981478164244183	0.0086835358183617	0.005952348963384	0.004458176089591	0.0053337013748569	0.0111375509205751	0.0100283670506907	0.0313805558108287	0.0011737504896106
K16116	snbA; pristinamycin I synthetase 1	0.0	0.0476230480702157	5.483494606873102e-06	0.0	1.4495799623216597e-05	0.0	2.319673901519505e-05	0.0	0.0	0.0	0.0	0.0	0.0	0.0	0.0
K16117	snbC; pristinamycin I synthase 2	0.0	0.0392096986984184	0.2911504640916249	0.0	0.7696658956112987	0.0	1.2316491241226153	0.0	0.0	0.0	0.0	0.0	0.0	0.0	0.0
K16118	snbDE; pristinamycin I synthase 3 and 4	2.443478423635359e-22	0.3579295872903851	0.8273664390598452	5.10613645880264e-21	2.187170586536752	3.0993605061508626e-21	3.4999949362121527	7.067960090712976e-22	6.629160020266041e-22	9.44156447253388e-22	4.5602886088167945e-22	4.72289679862497e-22	7.384154047896279e-22	3.366134714913001e-21	0.0
K16119	licA; lichenysin synthetase A	59.607140740918005	32.02482191423684	20.129769232298752	33.67243583737566	5.4338153814349095	12.554518510197802	4.049319660752008	38.99803884136077	14.6831947616832	18.1158425092886	5.616845447077575	5.308353475126773	15.012863979532678	28.78129820065016	7.677293122499638
K16120	licB; lichenysin synthetase B	33.41938528568223	30.58629306697489	13.739526549475828	29.165893454251112	5.033714756983766	11.18367056256302	3.9750502265900742	130.3335941838976	14.538916171524448	18.042131338650588	9.045188271742704	24.484232704531188	13.643923047789135	28.71774797369901	7.677252189133085
K16121	licC; lichenysin synthetase C	2.6730208925297e-05	0.0001185563427131	2.8509046358234177e-05	0.0005585811318186	0.0002795252479168	0.0003390517103112	0.0003593257030618	7.7319303527688e-05	7.251909025548275e-05	0.0001032851317577	4.9886860507639865e-05	5.166569794057704e-05	8.077827842784346e-05	0.000368235231095	0.0
K16122	tycA; tyrocidine synthetase I	0.0298424501429468	0.1323600483794958	0.031828400479257	0.6236176314100368	0.3120708221161368	0.3785280462686355	0.4011625726035118	0.0863217143966552	0.0809626045725742	0.1153107857706454	0.055695267913842	0.0576812182501522	0.0901834233078003	0.411109451315641	0.0
K16123	tycB; tyrocidine synthetase II	0.0680309714581687	0.3017373784783803	0.0725582850667669	1.4216430983392052	0.7114188376157947	0.8629194516019	0.9145187273879296	0.1967851185210112	0.1845681106769376	0.2628706670532302	0.1269668932561086	0.1314942068647314	0.2055885447629953	0.9371943394278504	4.983337939956436e-05
K16124	tycC; tyrocidine synthetase III	35.52580490574876	121.8038936950894	21.9020124530032	229.9852769747716	94.93273547530978	128.30834945206982	16.552870686948758	283.69723798553	134.4198808795417	333.93442186887467	7.502787032301153	7.298442065268093	112.93583440500495	3.8287415067692345	0.0013208850420932
K16125	syrE; syringomycin synthetase protein SyrE	0.0209499340380568	0.0588436889313027	0.0039714786038629	0.0756158747671322	0.0364867151288602	0.1101367051481291	0.9361331352246662	0.0828234993565916	0.056773459665657	0.0425220500279409	0.0508728036169998	0.1062298769533129	0.0956504895407024	0.2993075054186718	0.0114657154880711
K16126	syrB1; Syringomycin synthetase protein SyrB1	0.0	0.0285903627335184	0.0629097540087887	0.0	0.1663040184838011	0.0	0.2661261202706174	0.0	0.0	0.0	0.0	0.0	0.0	0.0	0.0
K16127	mcyG; microcystin synthetase protein McyG	0.3709631250930375	1.041952623731685	0.0703234726874679	1.338939834335983	0.6460748680161749	1.950204533101876	36.447302129004605	1.466566152267972	1.0052948129409969	0.7529433045026763	0.9008111518501354	1.8810258333635972	1.6936952857340934	5.299875759618853	0.1982352322001153
K16128	mcyD; microcystin synthetase protein McyD	0.0034232019121108	0.00961501015227	0.0006489363224707	0.0123555714599742	0.0059618991052176	0.017996246621678	0.1529633808235244	0.0135332913626421	0.0092767364007712	0.0069480678410779	0.0083125740777893	0.0173578741226229	0.0156292109605336	0.0489065990850899	0.001829290244805
K16129	mcyE; microcystin synthetase protein McyE	0.0034232991016576	0.0096152831360152	0.0006489547466913	0.0123559222521327	0.00596206837197	0.0179967575605872	0.1529677236703788	0.0135336755919361	0.009276999780446	0.0069482651065566	0.0083128100835312	0.0173583669372339	0.015629654695951	0.0489079876126498	0.0021535237517253
K16130	mcyA; microcystin synthetase protein McyA	0.0015283693343672	0.0042929085804699	0.000500776876501	0.0055164366615918	0.0032197322692206	0.0080348492950327	0.0691868894222604	0.0060422575246129	0.0041418180411115	0.0031021289699088	0.0037113450028179	0.0077498328173305	0.0069780303253299	0.0218355061164806	0.0008167298294401
K16131	mcyB; microcystin synthetase protein McyB	0.0177007901997769	0.0497175690606866	0.003355538467194	0.0638885417297336	0.0308279581406669	0.0930555059304864	0.7909474175704032	0.0699783294333645	0.0479684134867334	0.0359272676010207	0.0429828954145237	0.0897545911831009	0.0808159703410204	0.25288763912146	0.0094589462348812
K16132	mcyC; microcystin synthetase protein McyC	5.418534901061178	39.76793542053788	2.5635403996603823	82.03868336077059	36.9395202144384	51.19138324124831	4.76121026830056	94.53518548395463	5.546055577928466	1.716184570607895	2.9051085256504434	2.3479455051623392	45.71786082148503	0.0553598119224532	0.0018591675179882
K16133	mcyI; microcystin synthetase protein McyI	0.0006951880591568	0.0019526281002829	0.0001317867873754	0.002509184664989	0.0012107498109241	0.0036546999219559	0.0310639917150599	0.0027483574729015	0.0018839310503265	0.0014110221720315	0.0016881277786424	0.0035250584488472	0.0031739994054593	0.0099320123588509	0.0003714945152436
K16134	mcyJ; microcystin synthetase protein McyJ	2.515278648939776	0.0098340915726386	1.7325598005639125	0.0123576560578246	3.14917214714927	6.237490090509459	0.5148509133923093	3.205395843911857	0.898368544968107	0.3185224257395765	0.0083359513570488	0.0173782680609686	0.0156440553019264	0.048906611148591	0.001829290244805
K16135	dmlR; LysR family transcriptional regulator, transcriptional activator for dmlA	18.541431668403035	87.65802264641977	56.18981747365802	162.17046670488082	575.5559884930831	351.462468006579	673.4079404997486	143.66456894750868	274.70591497316013	184.8253329436128	77.780608702216	882.063267072607	135.09112758120557	494.2224258612066	66.42
K16136	malI; LacI family transcriptional regulator, maltose regulon regulatory protein	10.000264584185032	53.532901777938406	21.868940293431844	74.65128720691318	156.60621566481498	158.63380598752738	98.77723111858391	70.62351158250638	75.51721678069369	74.40594391057526	32.4845987251142	26.670317658584988	74.355264394808	71.96652947371567	15.500023484170407
K16137	nemR; TetR/AcrR family transcriptional regulator, transcriptional repressor for nem operon	775.003646888239	1163.864933991948	713.7397567105531	1039.1789064850052	1450.9203086501304	1138.4677913412438	2839.560789771581	2712.3002964685456	1079.253333634781	722.0975829806335	259.5548153274201	2782.3022454517354	1184.6734977233614	2131.0908095997406	117.89671960081849
K16138	uidR; TetR/AcrR family transcriptional regulator, repressor for uid operon	0.0898757752500024	0.4845992275721365	0.1992778571609856	0.6761213596561082	1.4265155859670289	1.4402022592818928	12.2659971062457	0.6389848121768752	0.6585111213935073	0.6761213019136288	0.2930771425849459	0.2364143465414682	0.6721977882064486	0.6370687158648424	0.1406989240691092
K16139	uidB, gusB; glucuronide carrier protein	3887.5682273895873	2614.061656207704	1934.0289557942635	2063.903506458487	1619.8515892658834	1735.445762417142	1729.8162764258232	4238.42929173002	1628.5954335715817	611.2135110551503	157.7696279800981	826.6083609559024	957.6998917457644	239.20603635245695	106.62462887718044
K16140	uidC, gusC; putative glucuronide porin	9.850516229794897	53.11228963199893	21.84055058490276	74.11078763998565	156.34539836424452	157.84654797287195	83.9569395082113	70.03149324082936	72.17140053662862	74.10199470789632	32.12096344628639	25.910997799572428	73.67156004285988	69.82711157260668	15.42000000154354
K16146	pep2; maltokinase [EC:2.7.1.175]	0.0	1.2929018701449846	6.097097198709083	0.0	16.117878399111078	0.0	25.79245218759899	0.0	0.0	0.0	0.0	0.0	0.0	0.0	0.0
K16147	glgE; starch synthase (maltosyl-transferring) [EC:2.4.99.16]	15.10228565709397	23.38640509816701	77.88942603443263	68.49283763013484	244.84395279364995	178.7884018804192	298.5255781603609	27.20784537476638	28.938960578076102	38.37026895750955	29.28384988091812	198.1938885483185	22.72939174633493	169.8995645997842	1.096028641817401
K16148	glgM; alpha-maltose-1-phosphate synthase [EC:2.4.1.342]	0.0253075322362347	1.4310315837423426	2.292146656765053	0.0913440679240216	6.09075912232342	0.1330452231773245	10.806985395925498	3.4755940390931688	0.0685823715825898	0.0513666657371683	11.46145437414398	0.1283257430466128	0.1155458414771115	0.361563635395745	0.0135238402289429
K16149	K16149; 1,4-alpha-glucan branching enzyme [EC:2.4.1.18]	400.1352635051747	1006.9530011930548	1663.005633333611	2410.361936703581	1494.8742319998814	1026.1929898439976	2236.5165928158267	602.4033389776343	874.3584861690919	781.4907660521214	208.0293735172204	355.370529112583	222.4344419474601	512.1390295271405	36.27313692003654
K16150	K16150; glycogen synthase [EC:2.4.1.11]	226.50096377590293	828.5918403305159	1150.2475596612344	2028.0449665365068	1170.9991192069897	675.7894400160458	1350.5536624083736	401.6687834418444	763.0898802530502	625.7436829403659	134.22892204254714	245.75975712003677	109.39197678455548	139.66120916271515	21.02319424794535
K16152	hasR; heme acquisition protein HasR	0.1498411485082255	5.418822903862015	1.4740398551182212	13.417474479786833	25.148607131575115	48.26978491654984	71.34324150241915	2.112781469813489	7.092648317273496	8.266542298899488	0.3636913878050756	153.24464912289835	1.5976957160682828	47.06138833607022	0.0801026035111602
K16153	K16153; glycogen phosphorylase/synthase [EC:2.4.1.1 2.4.1.11]	938.8850203542512	377.4858246488423	2519.727773292007	296.20435794651473	14.541364545117467	4.652674592157835	39.546514917786034	1608.178840741347	213.39836876307493	1.7963244996784928	8.999098254776031	46.55763242702714	4.040711058269728	22.64410828188946	0.5064286920870252
K16157	mmoX; methane monooxygenase component A alpha chain [EC:1.14.13.25]	0.0	1.0147247155185904e-14	0.0	0.0	0.0	0.0	0.0	0.0	0.0	0.0	0.0	0.0	0.0	0.0	0.0
K16158	mmoY; methane monooxygenase component A beta chain [EC:1.14.13.25]	0.0	0.0202204026132301	0.0	0.0	0.0	0.0	0.0	0.0	0.0	0.0	0.0	0.0	0.0	0.0	0.0
K16159	mmoZ; methane monooxygenase component A gamma chain [EC:1.14.13.25]	0.0	1.9456461869540186e-15	0.0	0.0	0.0	0.0	0.0	0.0	0.0	0.0	0.0	0.0	0.0	0.0	0.0
K16160	mmoB; methane monooxygenase regulatory protein B	0.0	1.945660561062645e-15	0.0	0.0	0.0	0.0	0.0	0.0	0.0	0.0	0.0	0.0	0.0	0.0	0.0
K16161	mmoC; methane monooxygenase component C [EC:1.14.13.25]	0.0	1.9456461869540186e-15	0.0	0.0	0.0	0.0	0.0	0.0	0.0	0.0	0.0	0.0	0.0	0.0	0.0
K16163	K16163; maleylpyruvate isomerase [EC:5.2.1.4]	0.0	2.0286098229707323	784.0992956859974	1886.8909691847423	1414.0204754716824	573.4402664265716	89.02786032367742	0.0	0.0	160.52650015005824	74.70940392863004	141.34048618977053	57.54297038521474	8.07832166748955	0.0
K16164	K16164; acylpyruvate hydrolase [EC:3.7.1.5]	0.009932899163944	0.3831784381806328	388.7227421191647	943.6530523698176	698.2913179964037	286.84612423936863	30.530360690606354	0.0287317187648347	0.0269479678584541	80.3016306504207	48.7732398349473	70.68944197841505	28.801502260431462	4.175996405412072	8.457959485782473e-07
K16165	nagK; fumarylpyruvate hydrolase [EC:3.7.1.20]	203.53363746643103	209.1481360528602	1036.3757282152756	208.5997551762474	559.5033392780109	221.5020914976707	1242.9261180044168	858.2140910348318	646.7497858759044	252.46810067387568	77.8260646597245	2248.056248412799	155.00052640306816	1118.2229658763074	51.18034209572736
K16167	bpsA, srsA, pks11, pks10; alkylresorcinol/alkylpyrone synthase	12.571132090002534	16.854591101175384	47.74276078147795	16.830088214576495	18.495933895868728	11.173031798560938	46.82913492418865	18.94634825743946	3.641451838527797	3.617118013559758	1.7548646693738923	2.88448138166172	2.927824889016546	14.277114913629632	0.2546770437417363
K16168	bpsB, srsB; methyltransferase	12.46132626066751	16.659545813989297	45.52987963961432	16.40838399255707	12.50050710960844	10.58486564484782	26.829708244411208	6.471592815666931	3.3438780911573254	3.391552860300981	1.4890476731234368	2.136315969078449	2.4287535571264582	12.241718838036611	0.0167122989377345
K16169	pbuX; xanthine permease	930.775050912934	5678.5132903064605	16311.66883596584	470.4380738418679	3842.6423469229576	3190.2841208586515	2384.4619894166617	9012.61678019943	468.18025575104656	1622.5538646551474	502.303458512018	245.63879230959716	69.85582635333303	1205.170377040023	5.767809740408436
K16170	pucJ; uric acid permease	8.089542704050609e-06	3.587950247205817e-05	8.62788422683948e-06	0.0001690471605423	8.459460366371172e-05	0.0001026094968845	0.0001087451515139	2.339966026762861e-05	2.1946939476609832e-05	3.1257873306683976e-05	1.5097595741784291e-05	1.5635937264573165e-05	2.4446473079501723e-05	0.000111441501838	0.0
K16171	faaH; fumarylacetoacetate (FAA) hydrolase [EC:3.7.1.2]	8.310375659637701	33.0454817971672	15.74704146339568	53.97591964746356	437.8537177450921	194.1567751807929	993.2495980219268	163.8977868411804	488.5706079001857	227.9489160554176	76.23925724713132	2106.110852684996	146.27795044855458	970.6653241180576	103.11082124353597
K16173	acd; glutaryl-CoA dehydrogenase (non-decarboxylating) [EC:1.3.99.32]	521.5865194442815	678.0585107098046	366.5333537283426	599.2344244384099	175.4786465108938	217.28268559757	449.1715311976988	1728.984825024925	222.154135718262	149.95068369382838	48.44339080860663	68.01332784201773	740.0773617334893	110.0622007471346	14.22974801771251
K16176	mtmB; methylamine---corrinoid protein Co-methyltransferase [EC:2.1.1.248]	34.98830821684888	27.35601035406177	30.75535092263014	172.32271673200833	27.358676610161577	44.16936877619705	23.990085374163563	19.11159774124677	18.088445468039453	25.69023846168697	2.545067511229692	7.655191625051291	5.466921332082659	18.868680569501507	0.0
K16178	mtbB; dimethylamine---corrinoid protein Co-methyltransferase [EC:2.1.1.249]	38.72762751646096	55.71102834426134	56.67847535759682	190.7498958995775	89.26701358621958	105.95756666509315	97.76971347834068	51.219175428896406	110.2480836489456	35.207823632992024	13.255084848765367	14.25344187256968	30.4241900608257	99.47531746981169	0.0
K16179	mtbC; dimethylamine corrinoid protein	2.924103747253148	3.721379467583704	0.4807850661404051	12.11665814649523	5.014589866818596	6.899233603671405	7.122139440872099	1.8449204537453896	3.2405078713689788	2.27323766115629	0.841306904037333	0.8713057493898262	1.3622689952033986	6.210028834799607	0.0
K16180	pylB; methylornithine synthase [EC:5.4.99.58]	100.70434578452938	112.6169347601366	360.3757427160279	331.46664480877354	32.8190980378737	45.712899470233104	37.7196280941878	50.896027057328006	84.40042619982943	51.187365098816855	3.8991501156289097	12.960517228399542	13.36754924006902	30.38062037412383	0.0
K16181	pylC; pyrrolysine biosynthesis protein PylC	100.39252728574095	112.13330912897688	360.3224021549109	330.4215368586096	31.973828241092452	44.87684699790283	37.04732799743115	50.43887268854325	84.2647426375904	50.99411812682849	3.805811562721656	12.863850462208106	13.21641269753916	29.69165050810833	0.0
K16182	pylD; pyrrolysine biosynthesis protein PylD	100.60244374659165	112.45888628768998	360.3583110629871	331.12510436008154	32.54286453911108	45.43967818578598	37.49992095612049	50.74662937241734	84.3560849193713	51.12421214173629	3.8686471506144335	12.92892660592514	13.318157937915688	30.15546556869224	0.0
K16188	ytpB; tetraprenyl-beta-curcumene synthase [EC:4.2.3.130]	193.17394306067783	931.0048522609698	392.4247172987389	1545.662569715289	411.48240175961416	545.0837897338479	1376.5815316758308	805.340944943991	1044.454265508731	1386.5906664169866	100.66769618978944	178.8539909959388	261.9579202351448	172.6840627669257	21.01419609136383
K16190	GLCAK; glucuronokinase [EC:2.7.1.43]	0.0	0.0	0.0	0.0	0.0	0.0	0.0	4.244060915363254	0.0	0.0	0.0	0.0	0.0	0.0	0.1330334271513439
K16191	K16191, arfA; peptidoglycan-binding protein ArfA	0.0	0.0105964571420014	0.0	0.0	0.0	0.0	1.0904913231979544e-12	0.0	0.0	6.2886883042452e-13	0.0	0.0	0.0	8.808683797231144e-13	0.0
K16192	K16192, arfB; uncharacterized membrane protein ArfB	0.0	2.621266864950769e-14	0.0	0.0	0.0	0.0	0.0	0.0	0.0	0.0	0.0	0.0	0.0	0.0	0.0
K16193	arfC; uncharacterized membrane protein ArfC	0.0	8.031033353068875e-16	0.0	0.0	0.0	0.0	0.0	0.0	0.0	0.0	0.0	0.0	0.0	0.0	0.0
K16199	dppE; dipeptide transport system substrate-binding protein	38.661186280333744	21.210020430728875	15.04707026387417	55.61706296802716	81.86989054461135	102.38184728815943	145.68048615371296	10.37142092559635	28.54156011387042	28.181858419021697	8.91219665559424	20.35603669986176	12.881242006164197	39.73547480308075	17.546082776694035
K16200	dppB1; dipeptide transport system permease protein	18.703112967412824	20.08412531041961	9.662996035451682	23.670978465477425	8.821408307770701	9.911572313881448	13.337149104649752	25.96044338122821	27.697490316399985	12.1669934477964	0.9046031392321574	1.407068845051956	3.253763501377005	8.21573853199492	0.0
K16201	dppC; dipeptide transport system permease protein	109.91649629534372	86.8766120742364	16.508862755759647	31.948333909575997	78.79334098829251	53.63565706079447	13.562933196924888	85.6392754950062	21.177383834431232	11.331894737515473	4.437641195831062	2.3709075841388607	69.19507827223552	8.835769218720651	0.0949899962098676
K16202	dppD; dipeptide transport system ATP-binding protein	1140.985293911414	577.9841737335523	967.7807531786508	250.03346175790887	170.49543125912913	168.14135502555754	85.78722963966491	1318.1667841451467	409.0306105780603	131.87625082732615	18.402282174438717	24.90374487470772	82.48513931804808	28.459013678206844	31.0280659619765
K16203	dppA1; D-amino peptidase [EC:3.4.11.-]	4250.5608222472665	3516.5879608054624	2274.0400409940694	3060.5611983874	1155.620433301929	1337.3494921455335	3727.863695520483	5784.703045658662	2869.7008728073406	1531.5578826416704	289.984003681728	664.6454902892848	1082.7552200730624	546.9530763094253	209.90850351442373
K16209	lacS, galP, rafP; lactose/raffinose/galactose permease	1676.7289195398207	10503.110095463238	32127.36507580179	278.4859893175651	933.17047805566	1393.7747328294265	5387.519467512509	17503.37703561435	1001.3906927299024	2580.6398304992654	138.0654876845115	330.6436228941353	316.16748076211763	128.63573232454695	1.8144899976012283
K16210	togT, rhiT; oligogalacturonide transporter	267.0664577339217	185.09509093301887	171.15314573107727	149.22112276399608	150.34233958889908	148.85377840113236	123.8901909089112	294.25224298524654	169.85124327102048	140.70683210083186	31.526513422774144	24.836230346883173	88.44652298468739	222.65295063056496	20.26016915398536
K16211	malY, malT; maltose/moltooligosaccharide transporter	12042.75055487746	7224.205985208363	59096.882672165775	5904.7737318360505	1546.2026881099966	1836.661127253332	1787.1886468398682	22470.64800574667	12047.510871846023	3343.0377408548693	133.7870311337563	769.9694048127726	119.10078533189164	429.0318814310794	357.70093857582015
K16212	mgp; 4-O-beta-D-mannosyl-D-glucose phosphorylase [EC:2.4.1.281]	11237.10166556268	6328.253714735085	30326.78728035898	9739.788115564224	54146.10245738548	25079.693989338597	1688.8346325349964	17442.138463840256	6400.534133549415	2285.450107766401	3150.1017249608944	765.4632931671056	611.3418214974834	26246.14307127209	289.890909416333
K16213	cbe, mbe; cellobiose epimerase [EC:5.1.3.11]	10723.21831366302	6980.970233591757	38756.795786694594	9098.507758833828	54432.9275008645	25409.728802166224	3095.711651668237	16656.59780072174	5666.815122534095	2323.5594570353096	3284.459951270275	1351.8837228230625	932.3820870085342	26467.252201898154	252.58790971982268
K16214	pezT; UDP-N-acetylglucosamine kinase [EC:2.7.1.176]	2828.5706723992416	4682.213423840817	948.2636283778072	235.4215832560763	586.7207698732379	356.06507872894787	80.24125430322887	1278.335069168966	585.6261764435226	215.1160465798779	64.92435134305596	14.318833390564029	29.5253362308844	268.54318134565153	32.11758132737406
K16215	mrsA; 2-ketoarginine methyltransferase [EC:2.1.1.243]	7.061334857174457e-05	0.0081808320174937	3.613882551105104e-05	0.0007033862373517	0.0003491038241096	0.0005639151021077	0.0023447633949077	0.000251640585543	0.000191438203216	0.0001909132543294	0.0001568900798818	0.000276647682845	0.0002823472818907	0.0009955862456514	2.3870194018159317e-05
K16216	yueD; benzil reductase ((S)-benzoin forming) [EC:1.1.1.320]	245.40378085854096	194.1075620309332	1041.133247284895	394.2750730006762	27.53663735349032	64.181901621058	147.1370239477086	796.3693380141441	175.25928229689967	47.31999005304381	36.9232184303144	54.48967533055799	24.7368605332149	23.224934151887307	0.6377609292421094
K16217	gppmt; geranyl diphosphate 2-C-methyltransferase [EC:2.1.1.255]	0.0011555695954263	0.4208758917826654	1.0896163515491062	0.0041708678248702	2.8818703780004657	0.0060749894285313	4.660095648677249	0.0045684305005173	0.0031315460801746	0.0023454578930046	0.0028060739946535	0.0058594941497252	0.0052759496664806	0.0165093910232092	0.0006175131477428
K16218	mibs; 2-methylisoborneol synthase [EC:4.2.3.118]	0.0011555695954263	0.3919228417898061	1.475338859247337	0.0041708678248702	3.901540603398313	0.0060749894285313	6.2918113673628255	0.0045684305005173	0.0031315460801746	0.0023454578930046	0.0028060739946535	0.0058594941497252	0.0052759496664806	0.0165093910232092	0.0006175131477428
K16227	gplH; glycopeptidolipid biosynthesis protein	0.0	0.0968481533935593	0.0631206809395387	0.0	0.1668616108117775	0.0	0.2670184010723075	0.0	0.0	0.0	0.0	0.0	0.0	0.0	0.0
K16228	mps1; glycopeptidolipid biosynthesis protein	0.0	3.8280838797951925e-15	0.0	0.0	0.0	0.0	0.0	0.0	0.0	0.0	0.0	0.0	0.0	0.0	0.0
K16229	mps2; glycopeptidolipid biosynthesis protein	0.0	4.283295989516064e-14	0.0	0.0	0.0	0.0	0.0	0.0	0.0	0.0	0.0	0.0	0.0	0.0	0.0
K16232	gcs; germicidin synthase	0.0	0.0002531964391814	0.7931077080442853	0.0	2.0966064963441995	0.0	3.355070777562734	0.0	0.0	0.0	0.0	0.0	0.0	0.0	0.0
K16233	pks18; alpha-pyrone synthase	0.0172218401206151	0.0483723051856001	0.0032647439096435	0.0621598379954096	0.0299938115955048	0.0905375990218823	0.7695458686009519	0.0680848475015705	0.0466704784692871	0.0349551433360944	0.0418198591359708	0.0873260008169569	0.0786292422370472	0.2460449754093171	0.0092030049465625
K16234	hutT; histidine transporter	4.1497474095768565	13.814628454462646	16.753865877897805	41.1141435503701	181.16482620314932	97.6251863739958	190.68289288725356	12.20878763186025	21.84830943304827	22.968580377579755	15.693632197873228	74.26189915567814	8.324947341281652	63.73728909908452	0.0800220035384622
K16235	mmuP; S-methylmethionine transporter	267.4816188343899	1840.623409056507	5218.865721467631	181.41834663532867	113.65356837752596	109.57491764108018	940.0759315893948	4243.805756286498	238.71450832303253	517.9853937475532	25.29138276173548	70.18398162595825	72.40992371299085	209.5711980063961	0.9607335747350731
K16236	hutM; histidine permease	0.0072913749529583	0.0323393936122469	0.0077766001429353	0.1523678503643589	0.0762479409373999	0.0924853657234872	0.0980156361134745	0.0210908951253446	0.0197815093693399	0.0281737649270315	0.0212991599499217	5.514093192348172	0.022034422466278	0.1004459466930116	8.254503229068068e-21
K16237	aroP; aromatic amino acid permease	0.0	0.2517502391942521	2.676409073506754	0.0	7.075176036588833	0.0	11.321970244708384	0.0	0.0	0.0	11.4	0.0	0.0	0.0	0.0
K16238	eat, eutP; ethanolamine permease	901.4451085451656	275.7014614103899	5596.241299270388	180.898772961704	269.1212598015436	273.27559095477085	405.381536706501	1500.5473381154486	1013.1519876677844	203.72273889025848	20.567181749585387	299.8633539982544	30.711417439660607	326.9782931225905	1.1622392854319543
K16242	dmpN, poxD; phenol hydroxylase P3 protein [EC:1.14.13.-]	0.0399998814854832	0.288747831851243	14.362036371971294	38.0763584625409	137.96449443187382	0.7390447878184413	383.62498609564966	61.13948266131587	171.59060257451338	76.20049263289387	15.052378195744042	664.613847493612	44.19327874189501	362.82828021010425	0.4257004214918279
K16243	dmpL, poxC; Phenol hydroxylase P1 protein	0.0735252010120447	0.4105610147821726	14.448244956481522	38.588202678908	138.34867983894057	1.3327737408001197	383.95731851844073	61.25375120377953	171.6685267726245	76.3576014052194	15.098748226331589	664.7002412582517	44.34724421533762	363.11563143450337	0.4369794584528346
K16244	dmpM, poxB; phenol hydroxylase P2 protein	0.0399998814854832	0.288747831851243	14.362036371971294	38.0763584625409	137.96449443187382	0.7390447878184413	383.62498609564966	61.13948266131587	171.59060257451338	76.20049263289387	15.052378195744042	664.613847493612	44.19327874189501	362.82828021010425	0.4257004214918279
K16245	dmpO, poxE; phenol hydroxylase P4 protein	0.0392360174331888	0.2853598699904462	14.361221674422946	38.06039599670015	137.95650649249075	0.7293557721396076	383.6147177139696	61.137273122412594	171.58853021038388	76.19754107349878	15.05095258850206	664.612371052874	44.19097035652961	362.8177572225508	0.4256778493588548
K16246	dmpP, poxF; phenol hydroxylase P5 protein	0.0611984737752215	0.3953889518880801	14.384645684603546	38.51934541065107	138.1861740222518	1.0079322848115957	383.90995203436415	61.20080131378846	171.6481143819162	76.28240367982374	15.091941343921148	664.6548213621317	44.25734056030595	363.12031191672185	0.6766838406291474
K16247	gutR; LuxR family transcriptional regulator, glucitol operon activator	0.063939409480025	0.1812569274853329	0.0130189332746869	0.2484812815468035	0.1202818198621584	0.3437429410111611	2.825099348915283	0.2516919760752302	0.1732762852475274	0.1316558569394569	0.1546888813488861	0.3210018527924361	0.290345671495393	0.9129665040010184	0.0343515229537206
K16248	gutA, gutP; probable glucitol transport protein GutA	6104.732767291697	5891.941119275445	3624.562049668356	10799.668160777235	50130.18434872764	22846.52427587055	5530.955454987786	8398.140659198296	4072.931998583298	1815.5839746378103	3474.9144363626024	2490.8457290190327	3137.402130310077	26193.57028831485	185.6985176022924
K16249	dmpK, poxA; phenol hydroxylase P0 protein	0.0180374251434512	0.0430378269047801	14.338612166720353	37.617409048590005	137.73482638643787	0.460468275146461	383.3297509500522	61.07595446994	171.53101840298106	76.11563002656891	15.011389440324956	658.0645567403571	44.12690853811867	347.0085462248758	0.0155207354004034
K16254	mxaJ; mxaJ protein	0.0	0.0	0.0	12.0	20.45	0.0	0.0	0.0	0.0	0.0	0.0	0.0	0.0	0.0	0.0
K16255	mxaG; cytochrome c-L	3.318873126972365	7.918928894871562	16.304574323223612	27.603179673913864	63.65788456525742	84.72582821843514	14.67411689090125	19.85537315392501	5.707363621843102	19.79884745460858	2.095648748373175	11.878393342307342	23.351078848321187	1.5724991699947188	2.853681810921551
K16256	mxaA; mxaA protein	0.0	0.0	0.0	6.0	20.45	0.0	0.0	0.0	0.0	0.0	0.0	0.0	0.0	0.0	0.0
K16257	mxaC; mxaC protein	0.0	0.0	0.0	6.0	20.45	0.0	0.0	0.0	0.0	0.0	0.0	0.0	0.0	0.0	0.0
K16258	mxaK; mxaK protein	0.0	0.0	0.0	6.0	20.45	0.0	0.0	0.0	0.0	0.0	0.0	0.0	0.0	0.0	0.0
K16259	mxaL; mxaL protein	0.0	0.0	0.0	6.0	20.45	0.0	0.0	0.0	0.0	0.0	0.0	0.0	0.0	0.0	0.0
K16260	mxaD; mxaD protein	0.0	2.146631839778234e-11	0.0	6.0	20.45	0.0	0.0	0.0	0.0	0.0	0.0	0.0	0.0	0.0	0.0
K16263	yjeH; amino acid efflux transporter	57.67665919713925	114.12746670361142	123.0081020039791	299.65276692585945	411.6845910463621	341.1990396546561	243.0520223346616	109.2235989064832	118.59105542420858	128.63134905580415	59.11950846551007	83.71805716846973	101.5559555527757	158.22003360135434	16.93778382245806
K16264	czcD, zitB; cobalt-zinc-cadmium efflux system protein	12290.7359925081	9657.52985307557	33039.30034320424	11764.519326006768	7060.277862786236	5380.177820190813	2949.955434495693	19817.74869102907	10025.63893183339	4681.59769156632	686.6063672798837	1736.2847063665165	436.9686693620383	2446.146827297044	719.455708404884
K16267	zipB; zinc and cadmium transporter	242.2528781344048	214.54718644342995	987.624525123158	137.08235293616343	146.12107612801844	74.85723414470237	417.1248181781157	769.6103152379891	549.0125737532469	211.20613768328053	17.47061922636378	826.4501344826895	63.23669390467175	346.6540449763422	53.64820193684611
K16268	todC2, bedC2, tcbAb; benzene/toluene/chlorobenzene dioxygenase subunit beta [EC:1.14.12.3 1.14.12.11 1.14.12.-]	0.0	0.0023661114303698	0.0	0.0	0.0	0.0	0.0	0.0	0.0	0.0	0.0	0.0	0.0	0.0	0.0
K16269	todD, tcbB; cis-1,2-dihydrobenzene-1,2-diol dehydrogenase [EC:1.3.1.19 1.3.1.-]	0.0	4.309221759593476e-08	0.0001509824503963	0.0	0.0003991271086186	0.0	0.0006386986308563	0.0	0.0	0.0	0.0	0.0	0.0	0.0	0.0
K16270	todE; 3-methylcatechol 2,3-dioxygenase [EC:1.13.11.-]	0.0	1.9706307818275645e-07	0.0	0.0	0.0	0.0	0.0	0.0	0.0	0.0	0.0	0.0	0.0	0.0	0.0
K16289	ANKK1; ankyrin repeat and protein kinase domain-containing protein 1 [EC:2.7.11.1]	0.0006440416299577	0.0034791535041202	0.0006869012036685	0.0134585368788378	0.0067349229026171	0.0081691623420942	0.0086576469391768	0.009285808415455	0.0017472857478115	0.0024885673282088	0.0012019814377286	0.0012448410114394	0.0019462838561885	0.0088723144329002	3.5204972697803204e-06
K16291	erfK; L,D-transpeptidase ErfK/SrfK	21.7509779781495	66.1552940753455	74.52933071663601	85.7982615262436	184.9301098272796	242.43225732155463	178.34939549192768	79.10231394762532	83.09743620068686	93.82253648058818	32.19951781723247	129.00235321854734	77.07875759899534	106.31096235568084	15.521822604655537
K16293	psrB; polysulfide reductase chain B	2.112492193347536	7.295060939298368	7.449596830946363	8.259916358911573	4.932021344197162	6.747842605356654	18.329803389500977	1.8926472867457709	1.319479351491459	1.961701965801306	0.7363840788369241	0.9994033833114973	1.6791095577861035	5.112644789134622	0.0695963466104258
K16294	psrC; polysulfide reductase chain C	155.90940629585216	175.17838584285633	618.5498064350239	21.27674572726975	13.628031162309712	14.98203772210768	26.472604202800586	48.95209431407591	19.20597688013196	9.03616412008863	1.409122236941392	1.806777356881868	2.995896561749108	11.386858586460724	0.1021213469939138
K16299	eexD; ATP-binding cassette, subfamily C, bacterial EexD	15.387747793788227	15.357944041919644	38.34460384527061	41.89713393870373	83.79722587895638	164.316986041725	30.61040555279545	27.128331851374764	12.078717242748514	38.39781810634802	4.065763076212692	23.607743345527243	45.28700371374995	4.398910239696727	5.534420898003014
K16300	eexE; membrane fusion protein, epimerase transport system	4.394607166862258	7.439015147048079	22.040029522046996	20.293954264789864	40.58934131369897	79.59115782328982	15.936288661894189	13.152764543264569	5.361478174162926	18.598970651739428	1.9701143278395163	11.544771604027924	21.935924865428756	2.386237972148863	2.680739087081463
K16301	efeB; deferrochelatase/peroxidase EfeB [EC:1.11.1.-]	15.05274845173748	281.2845901947102	141.46566491013684	446.1819493540608	2602.573836859506	1595.3624101568544	305.49111855125466	122.95568649616094	191.9061862948537	858.0901772411568	276.50023370627804	219.9337611907319	118.13802449990176	1042.071554051672	20.145819243605267
K16302	CNNM; metal transporter CNNM	0.0	0.0	0.0	0.0	0.0	0.0	0.0	0.0	0.0	0.0	0.0	0.0	0.0	0.0	6.668742464450009e-05
K16303	cmtAc; p-cumate 2,3-dioxygenase subunit beta [EC:1.14.12.25]	0.0009344397845045	0.0082076147599829	0.0018465284882345	0.0195269866353702	0.0120184461243488	0.0118526348972651	0.0161567112485792	0.0027029430831749	0.002535136304403	0.0036106615003271	0.0017439544641287	0.0018061394052247	0.0028238625929828	0.012872838029553	0.0
K16304	cmtAd; p-cumate 2,3-dioxygenase ferredoxin component	0.0	2.417016712326373e-07	0.0008468515343012	0.0	0.0022386800812127	0.0	0.0035824224211292	0.0	0.0	0.0	0.0	0.0	0.0	0.0	0.0
K16305	K16305; fructose-bisphosphate aldolase / 6-deoxy-5-ketofructose 1-phosphate synthase [EC:4.1.2.13 2.2.1.11]	8.116945269167934	19.367270145919075	39.875985720314894	52.83474852596259	105.67322726574376	207.2133776205325	35.8883871482834	34.17994921938684	13.958460109019487	48.42190557861624	5.125313786689679	29.05090521887861	57.10957356202255	3.845850446926535	6.9792300545097445
K16306	K16306; fructose-bisphosphate aldolase / 2-amino-3,7-dideoxy-D-threo-hept-6-ulosonate synthase [EC:4.1.2.13 2.2.1.10]	443.4639167729114	259.6406435595632	105.889280746431	246.4281911247266	218.0859249015537	205.24476204378885	40.499882993895405	303.3231231771682	155.34422458796254	393.6849816381542	10.74363406182158	103.22066168864632	166.54309233082603	15.135756561263117	5.110950737022221
K16318	trm14; tRNA (guanine6-N2)-methyltransferase [EC:2.1.1.256]	0.005046875377772	0.0141755465322802	0.0009567360709957	0.0182159951357268	0.0087897128394381	0.0265321229361085	0.2255160928859839	0.0199523243769815	0.0136768247182556	0.0102436354648453	0.0122553464610659	0.0255909612605697	0.0230423685181004	0.0721036962090585	0.2113170319449807
K16319	andAc; anthranilate 1,2-dioxygenase large subunit [EC:1.14.12.1]	4.004225564185607	18.37006605298217	15.08864677203323	47.578301607816265	240.84655409980627	96.18359796356862	432.1211912985416	61.01222278811048	177.20545298418685	86.29860673379808	30.33788621337313	785.9981125318297	50.68276958968984	386.1918651825145	0.0
K16320	andAd; anthranilate 1,2-dioxygenase small subunit [EC:1.14.12.1]	4.003899726385757	18.368620866452744	15.088299250434458	47.5714925758503	240.84314672307983	96.1794649669418	432.1168111645608	61.01128027577106	177.20456898582825	86.2973477013628	30.337278098976626	785.9974827336343	50.68178491289243	366.1936677284802	0.0
K16321	gntP; high-affinity gluconate transporter	10.17742296614626	53.460780827741424	23.15008755190257	74.1230490229745	156.32980525706864	157.82941218445998	83.95719245328664	70.1163661837349	72.19548070015976	74.10206141563988	32.11599704516688	25.907297566698954	73.65926811466082	69.82642900556625	15.416974295207163
K16322	pit; low-affinity inorganic phosphate transporter	19.874303473798697	111.69469438997066	49.02254436344478	169.2723489827578	376.61505508285336	417.9767209280996	443.3643170656807	171.7102216930701	230.27890507141527	197.27728205547243	72.11505357402896	510.1383680541453	173.4746915786045	350.5434038981531	30.93973265944572
K16323	yxjA, nupG; purine nucleoside transport protein	821.2914459465387	5127.976186301556	14619.896061454994	33.624804319461205	87.66224072008063	10.490303078716146	1393.0985071810223	8480.4461977637	204.80460068008549	281.298450927483	19.098226650172275	126.01887656574672	20.029513130460423	52.82870670853824	0.0
K16324	psuT; putative pseudouridine transporter	18.44002955931897	99.42639288278482	40.88631934776917	138.7214406442168	292.6816468328861	295.4897731617164	157.1614702035358	131.1020578719906	138.04831810112185	138.7214406442168	60.13134512135282	48.50570211999538	137.91644442995215	130.70892018595436	28.867538660375484
K16325	nupX; nucleoside permease	1.2641415460453205	6.816097209184464	2.802929072652771	9.5099379250719	20.064557290225927	20.257066155105925	10.774079471117222	8.987597205030841	9.262243185592972	9.5099379250719	4.122256493297024	3.3252697926938324	9.454752050472967	8.96064596394764	1.97899113096638
K16326	yeiL; CRP/FNR family transcriptional regulator, putaive post-exponential-phase nitrogen-starvation regulator	2990.5077730247253	1171.183712079635	651.2675423915455	5981.907607015478	53155.64886429736	24224.88388961211	744.5808680802116	5941.547301874511	347.4032432987477	284.0947847873741	3177.659030008165	272.8790402471659	456.9026879245468	25620.813683442284	103.6995871251791
K16327	K16327; putative LysE/RhtB family amino acid efflux pump	132.32858650659222	63.00459930377002	144.74950863302627	19.72066686238862	316.76371707015835	212.29225042953908	210.60499926904305	142.42082549418615	89.4131495059685	13.633057440021904	14.260566440177763	17.817795352121642	0.1643072477524841	16.445509809011284	0.3564417882269719
K16328	psuK; pseudouridine kinase [EC:2.7.1.83]	10279.24814766433	13162.053710676426	29140.95764503865	4145.715412253583	10941.000948519884	9963.908606969397	3977.3234024980343	27694.245146781825	2467.3862817900163	1767.3383961287443	391.7507515623654	684.5807218674927	1804.0203397667087	1057.423511347945	325.2944357410629
K16329	psuG; pseudouridylate synthase [EC:4.2.1.70]	4274.117887526896	3085.0818710251147	2188.238722959869	3705.853481069229	4353.0439339279565	3847.343759382744	1125.7294420657904	6444.554970910665	1429.5794658204147	1046.1109683728685	453.1008353573757	465.1711603815072	1611.6231313535443	763.7835494674002	220.1104048691932
K16330	K16330; pseudouridylate synthase / pseudouridine kinase [EC:4.2.1.70 2.7.1.83]	0.0014981896917845	0.006644912168283	0.0015978909665794	0.0313076675178542	0.0156669873472706	0.0190033597862953	0.0201396878649505	0.0043336355448935	0.0040645905081381	0.0057889828001925	0.0027960866440256	0.0028957879188205	0.004527506103634	0.0206390540725039	0.0
K16331	ylnA, cysP; sulfate permease	0.6054580729303393	2.6853847268219795	0.6457499945989061	12.652256351281563	6.331443888526668	7.679760218953085	18.058980444864865	1.7513367233686852	1.642608509325677	2.3394810347795367	1.1299725532229328	1.1702644748914994	1.8296849429136697	8.340787534693948	0.0042604105849445
K16338	SDC4; syndecan 4	0.0	2.9831199898662594e-10	1.0451974649333154e-06	0.0	2.763014118656525e-06	0.0	4.421482020427684e-06	0.0	0.0	0.0	0.0	0.0	0.0	0.0	2.6454918097589967e-06
K16339	THEM4, CTMP; acyl-coenzyme A thioesterase THEM4 [EC:3.1.2.2]	0.0	0.0	0.0	0.0	0.0	0.0	0.0	0.0	0.0	0.0	0.0	0.0	0.0	0.0	0.0001304977921834
K16345	xanP; xanthine permease XanP	3579.039767983332	1257.210141349339	22317.388476406555	582.7584897462272	693.2897112668379	582.8721101778591	776.3383449068258	6446.739694878688	4177.753984727423	562.7578802800513	87.86327216359595	779.7948095068907	194.8219271918062	582.5730271310873	52.04020185540912
K16346	xanQ; xanthine permease XanQ	9.848098185875562	53.09974564993413	21.835783185738304	74.0856929516121	156.3098142517549	157.80952463539074	83.93379113748767	70.0166588835221	72.15606559133394	74.0856929516121	32.11379834825615	25.90499736000364	73.65577597496981	69.80651932363774	15.41702274377677
K16347	ecnA; entericidin A	9.850258111447449	53.11114479739748	21.840275284801837	74.105393794039	156.34269912736357	157.84327393115188	99.24046659282853	70.0307465958864	72.17070024303648	76.28489759443217	32.120481711893035	25.91049889071113	73.67077999562675	72.88258587449602	15.419999995370857
K16348	ecnB; entericidin B	10.000005523604814	53.53175186293266	21.868662904156945	74.6458862726977	156.603501472739	158.6305168471251	132.85821665525413	70.62275823862322	74.17396221289867	74.40493944240443	32.484113918181095	26.66981627122105	80.3177778115735	96.56158159253542	15.500022002949065
K16362	FLRT; leucine-rich repeat transmembrane protein FLRT	4.4667515214715695e-09	1.254610809682914e-08	8.467620024042408e-10	1.6122118716460666e-08	7.779360546879297e-09	2.3482331466850905e-08	1.995936645179227e-07	1.7658861889139837e-08	1.210471292559192e-08	9.066158934599413e-09	1.0846629518974432e-08	2.2649353627795e-08	2.039371431477077e-08	6.381558303659037e-08	2.423765633112554e-09
K16363	lpxC-fabZ; UDP-3-O-[3-hydroxymyristoyl] N-acetylglucosamine deacetylase / 3-hydroxyacyl-[acyl-carrier-protein] dehydratase [EC:3.5.1.108 4.2.1.59]	17576.834418890496	10777.45179440372	73096.69656787197	12461.399264218308	1442.4940671884012	1389.906356926153	552.4426865161988	26805.19017888731	17516.168475583483	3672.6365336778	12.67818842496798	958.1953821803068	189.9521647210768	746.1727099351284	522.0367730806101
K16365	SGTA; small glutamine-rich tetratricopeptide repeat-containing protein alpha	9.686948506417032e-23	4.296446728795408e-22	1.0331593920985486e-22	2.024281469593249e-21	1.0129912154376909e-21	1.2287133512412153e-21	1.3021857002014453e-21	2.802028648253153e-22	2.6280703416883838e-22	3.743022569005537e-22	1.8078850421067085e-22	1.8723495835635537e-22	2.9273808736563886e-22	1.334473565783e-21	0.0
K16370	pfkB; 6-phosphofructokinase 2 [EC:2.7.1.11]	700.55085107994	2373.728434875701	1128.876660018297	1883.8301335879644	2078.6246253741147	2217.0973535157227	2000.013573773966	1605.2276106945096	1292.3097864778304	1060.3899723464588	280.776300941121	260.9369326015768	285.8902322844657	500.6909228648343	99.90554570598836
K16371	gatZ-kbaZ; D-tagatose-1,6-bisphosphate aldolase subunit GatZ/KbaZ	4352.222005605497	3699.0585206509822	2524.316761239609	5723.559656884302	14784.525987740768	7832.167143223158	4213.684898215346	5333.680678832805	2924.0119762184568	1923.4046042080283	1154.5167395314677	1405.8161719060497	1204.6241198094208	7495.571034459933	184.97929987823204
K16378	rapP, fkbP; pipecolate-incorporating enzyme	0.0	0.0056994788102863	1.168831469164714e-07	0.0	3.08984470397486e-07	0.0	4.944488959463349e-07	0.0	0.0	0.0	0.0	0.0	0.0	0.0	0.0
K16379	fkbD, rapJ; cytochrome P450 C-9 hydroxylase	0.0	9.032317135496592e-26	3.164658144682272e-22	0.0	8.365878628529162e-22	0.0	1.3387402435390937e-21	0.0	0.0	0.0	0.0	0.0	0.0	0.0	0.0
K16380	rapN; cytochrome P450 RapN	0.0	0.3144638444504695	0.0	0.0	0.0	0.0	0.0	0.0	0.0	0.0	0.0	0.0	0.0	0.0	0.0
K16382	amphA, nysA; polyene macrolide polyketide synthase, loading module	0.0	0.0038484674769356	1.0298928953825092e-07	0.0	2.722555982115277e-07	0.0	4.356739346081845e-07	0.0	0.0	0.0	0.0	0.0	0.0	0.0	0.0
K16383	amphB, nysB; polyene macrolide polyketide synthase, A-type KR domains	0.0	0.024059645724739	2.7683545764309417e-07	0.0	7.318237019082426e-07	0.0	1.1710925826479155e-06	0.0	0.0	0.0	0.0	0.0	0.0	0.0	0.0
K16384	amphC, nysC; polyene macrolide polyketide synthase	0.0	0.2392296700726806	1.3605922347582842	0.0	3.596770639518745	0.0	5.755691441043719	0.0	0.0	0.0	0.0	0.0	0.0	0.0	0.0
K16385	amphI, nysI; polyene macrolide polyketide synthase, KS-AT-KR-ACP domains	0.0	0.0997150368084979	0.0080431017992922	0.0	0.0212622060183182	0.0	0.0340246041414853	0.0	0.0	0.0	0.0	0.0	0.0	0.0	0.0
K16386	amphJ, nysJ; polyene macrolide polyketide synthase	0.0	0.0663294766976957	0.121131570518625	0.0	0.3202153189104347	0.0	0.5124209339604928	0.0	0.0	0.0	0.0	0.0	0.0	0.0	0.0
K16387	amphK, nysK, fscF; polyene macrolide polyketide synthase	0.0	0.0364380358715553	0.0050821755171841	0.0	0.0134348993167203	0.0	0.0214990453266372	0.0	0.0	0.0	0.0	0.0	0.0	0.0	0.0
K16388	amphDI, nysDI, fscMI, pimK; polyene glycosyltransferase	0.0	0.1108622311539804	0.0042582854255841	0.0	0.0112569185698408	0.0	0.0180137563271557	0.0	0.0	0.0	0.0	0.0	0.0	0.0	0.0
K16389	amphN, nysN, fscP, pimG; cytochrome P450 monooxygenase	0.0	0.0567899508378199	0.0042583793108278	0.0	0.0112571667585921	0.0	0.0180141534883914	0.0	0.0	0.0	0.0	0.0	0.0	0.0	0.0
K16390	amphL, nysL, pimD; cytochrome P450 monooxygenase	0.0	0.079379156630033	0.0002061876790523	0.0	0.0005450639591351	0.0	0.0008722324214799	0.0	0.0	0.0	0.0	0.0	0.0	0.0	0.0
K16391	pimS0; pimaricinolide synthase, loading module	0.0	0.0696391934330219	0.0078369823100965	0.0	0.0207173223213279	0.0	0.033152660182459	0.0	0.0	0.0	0.0	0.0	0.0	0.0	0.0
K16392	fscA; candicidin polyketide synthase FscA	0.0211985922897382	0.1008184252986606	0.0304462949423486	0.4429869481101587	0.2423969126992962	0.268887496993154	0.3181185988969198	0.0613186524725884	0.0575118074028154	0.0819110469298708	0.039563148177105	0.0409738685196188	0.064061818410938	0.2920317066176955	0.0
K16393	fscB; candicidin polyketide synthase FscB	0.0	0.0827289603526464	0.1370505721648926	0.0	0.3622977270478866	0.0	0.5797628305145774	0.0	0.0	0.0	0.0	0.0	0.0	0.0	0.0
K16395	epoB; epothilone synthetase B	0.0	3.395955741124921e-05	0.1189842964314896	0.0	0.3145389287368717	0.0	0.5033373549357338	0.0	0.0	0.0	0.0	0.0	0.0	0.0	0.0
K16396	epoC; epothilone polyketide synthase C	0.0007262956996924	0.0490787216400025	0.1191217441646409	0.0026214633693881	0.3158032318598818	0.0038182370971707	0.5357903708963858	0.0028713384637343	0.0019682314768592	0.0014741613038637	0.0017636665791503	0.0036827945457914	0.0033160266328615	0.0103764409795449	0.0003881178126218
K16397	epoD; epothilone polyketide synthase D	0.1917618184193094	0.9242646530393044	0.4324888507749462	0.6921376277545745	1.3811753552030694	1.008118441592824	10.244512745478414	0.7978104351916915	0.5196666416068075	0.3892186782766214	0.4656559448809126	0.9723579242789544	0.8755212199571725	2.7396626357566904	0.1024736585123769
K16398	epoE; epothilone polyketide synthase E	0.0	0.000113122334746	0.3963473742441415	0.0	1.0477574120397182	0.0	1.6766619206984037	0.0	0.0	0.0	0.0	0.0	0.0	0.0	0.0
K16418	mlsA1; mycolactone core lactone polyketide synthase MlsA1	0.0	0.0001483936659914	0.0163346115901474	0.0	0.0431810867903582	0.0	0.0691000446132104	0.0	0.0	0.0	0.0	0.0	0.0	0.0	0.0
K16419	mlsB; mycolactone side chain polyketide synthase	0.0	5.119029393740756e-21	0.0	0.0	0.0	0.0	0.0	0.0	0.0	0.0	0.0	0.0	0.0	0.0	0.0
K16421	hmaS, nocF; 4-hydroxymandelate synthase [EC:1.13.11.46]	0.0	0.4961377847103198	0.5362102852095452	0.0	1.4174896498599336	0.0	2.2683217427949534	0.0	0.0	0.0	0.0	0.0	0.0	0.0	0.0
K16422	hmo, nocN; 4-hydroxymandelate oxidase [EC:1.1.3.46]	4.807784545695992	14.277778056512275	1.6514113249989015	17.355091323683748	68.52784080203699	32.42959897707292	517.4375074574659	92.54084972503378	170.05420543651377	80.4520252867424	26.67348400961232	717.2878290810282	65.95251452715333	474.4164489558522	3.902860312329969
K16423	hpgT, nocG; (S)-3,5-dihydroxyphenylglycine transaminase [EC:2.6.1.103]	11.296481438333393	12.459678455215062	8.056742067865475	25.49821188330447	5.02838867127225	0.0959900910005659	7.631835276170603	16.752453546643057	17.613628407124924	7.261877585385883	0.006535259588191	1.0407183064961911	0.2302382972051999	0.5189033018847237	0.0003243238667366
K16424	dpgA; 3,5-dihydroxyphenylacetyl-CoA synthase [EC:2.3.1.246]	0.1081647848270962	0.3839894700808627	2.194960063832856	0.3904057553996887	5.936625914264008	0.5686372564358948	19.902905417223003	0.4276188158997844	0.2931221185455778	0.2195419032501116	0.2626569538017607	0.5484662511104186	0.4938447348322011	1.5453285848984126	0.2377827840565119
K16425	dpgB; isomerase DpgB	0.0	0.0859558186321742	2.174455332124688	0.0	5.748244695017315	0.0	9.1985634081363	0.0	0.0	0.0	0.0	0.0	0.0	0.0	0.0
K16426	dpgD; dehydration protein DpgD	0.0	0.0521340649801632	0.2771852564482334	0.0	0.732748406636024	0.0	1.1725723309056184	0.0	0.0	0.0	0.0	0.0	0.0	0.0	0.0
K16427	dpgC; (3,5-dihydroxyphenyl)acetyl-CoA 1,2-dioxygenase [EC:1.13.11.80]	0.0	0.0819310645199573	1.2352396267060628	0.0	3.2653968680747023	0.0	5.22541431991429	0.0	0.0	0.0	0.0	0.0	0.0	0.0	0.0
K16428	cepA; nonribosomal peptide synthetase CepA	0.0	0.0396585215672239	2.4798727446143404e-05	0.0	6.555625741283337e-05	0.0	0.0001049056577453	0.0	0.0	0.0	0.0	0.0	0.0	0.0	0.0
K16429	cepB; nonribosomal peptide synthetase CepB	1.3765693022399034e-29	0.0662563410176064	0.1190335812092394	2.876616643816381e-28	0.3146692146793143	1.746070064737636e-28	0.503545843538139	3.9818386756437436e-29	3.73463423915059e-29	5.319043414622182e-29	2.5691052753033493e-29	2.6607129769378526e-29	4.1599711652953946e-29	1.896361216424965e-28	0.0
K16430	cepC; nonribosomal peptide synthetase CepC	0.0	0.0396585214123079	2.467747281415807e-05	0.0	6.52357167768595e-05	0.0	0.0001043927162264	0.0	0.0	0.0	0.0	0.0	0.0	0.0	7.987026870679206e-06
K16431	cepH, sgcC3, mdpC3, kedY3; FAD-dependent halogenase [EC:1.14.19.-]	0.0087394838033924	0.2850100588457468	0.8005777581598518	0.1824476701744139	2.1830373693568914	0.1107755960315804	3.4650890718335927	0.0252907933809411	0.0237101985845515	0.0337499985539107	0.0163164814685264	0.0169250895431651	0.0264267748328795	0.1204004445204623	5.604443569598873e-06
K16432	cepK; nonribosomal peptide synthetase CepK	0.0	0.0396585314901512	4.2337051655633553e-13	0.0	1.1191939838303129e-12	0.0	1.7909774848644982e-12	0.0	0.0	0.0	0.0	0.0	0.0	0.0	0.0
K16433	cepL; hydroxylation protein CepL	0.0	0.0709874507707627	7.62820297191176e-08	0.0	2.016540722543235e-07	0.0	3.226946430704628e-07	0.0	0.0	0.0	0.0	0.0	0.0	0.0	0.0
K16434	cepJ; thioesterase CepJ	0.0	0.0398810638512777	2.3612905886119426e-07	0.0	6.242149884090876e-07	0.0	9.988929587787428e-07	0.0	0.0	0.0	0.0	0.0	0.0	0.0	0.0
K16435	evaA, eryBVI, tylCVI, tylX3, staJ; dTDP-4-dehydro-6-deoxy-alpha-D-glucopyranose 2,3-dehydratase [EC:4.2.1.159]	595.0550854555191	2277.697297051981	4422.658036062673	1251.6253904068076	540.3951780346943	624.8285573697747	860.6136788929803	1423.5563212388274	773.6601583094827	249.0662885851953	41.21096071718229	330.9761325775149	230.20137610716685	134.47744106476975	35.260569608540315
K16436	evaB, megDII, angB, staI; dTDP-3-amino-2,3,6-trideoxy-4-keto-D-glucose/dTDP-3-amino-3,4,6-trideoxy-alpha-D-glucose/dTDP-2,6-dideoxy-D-kanosamine transaminase [EC:2.6.1.- 2.6.1.106]	0.0	0.3013197539345268	0.0155339516843969	0.0	0.041064515809226	0.0	0.0657130258951935	0.0	0.0	0.0	0.0	0.0	0.0	0.0	0.0004296515817746
K16437	evaC; methylation protein EvaC	0.0073417683321231	0.120161642562156	0.0441788439830665	0.0477889736471471	0.1170231703316203	0.1874242788830148	0.0667730837562548	0.0309157275860497	0.0126254122696713	0.0437975619114386	0.0046358408494196	0.0262765127622127	0.0516555483294141	0.0034785676242734	0.0738385906279674
K16438	evaD, eryBVII, aveBV, megDIV, staE; 5-epimerase [EC:5.1.3.-]	0.0	0.3547590960988221	0.8624238889213746	0.0	2.279846116454612	0.0	3.6482979023456257	0.0	0.0	0.0	0.0	0.0	0.0	0.0	0.0
K16439	evaE; reductase EvaE	0.0	0.0238452708050031	0.0004264873534108	0.0	0.0011274334452943	0.0	0.0018041625896656	0.0	0.0	0.0	0.0	0.0	0.0	0.0	0.0
K16440	gtfA; chloroorienticin B synthase [EC:2.4.1.311]	0.0	0.0168795604038688	0.0	0.0	0.0	0.0	0.0	0.0	0.0	0.0	0.0	0.0	0.0	0.0	0.0
K16442	gtfC; glycosyltransferase GtfC	0.0	0.0405254931437983	0.1189840603024308	0.0	0.3145383045218833	0.0	0.5033363560427752	0.0	0.0	0.0	0.0	0.0	0.0	0.0	0.0
K16443	gtfD; desvancosaminyl-vancomycin vancosaminetransferase [EC:2.4.1.322]	0.0	0.0169842630909283	0.0	0.0	0.0	0.0	0.0	0.0	0.0	0.0	0.0	0.0	0.0	0.0	0.0
K16444	gtfB, gtfE; vancomycin aglycone glucosyltransferase [EC:2.4.1.310]	36.71647667690961	17.11024602250683	18.0975710505609	132.86130013350575	32.41140463174164	29.270488624611485	9.910352779580244	11.247431867075594	115.86613580415232	69.39223410288686	0.0217782860875264	5.291993573031185	7.411769528809337	1.5174442692680588	0.0
K16445	cepE; oxidation protein CepE	0.0	0.0626786182341853	4.926990077773472e-05	0.0	0.0001302466146742	0.0	0.0002084256685897	0.0	0.0	0.0	0.0	0.0	0.0	0.0	0.0
K16446	cepF; oxidation protein CepF	0.0	0.0821858433447027	4.944826190832685e-05	0.0	0.0001307181182308	0.0	0.0002091801868109	0.0	0.0	0.0	0.0	0.0	0.0	0.0	0.0
K16447	cepG; oxidation protein CepG	0.0	0.0821858431913406	4.933245273115136e-05	0.0	0.000130411972835	0.0	0.0002086902811119	0.0	0.0	0.0	0.0	0.0	0.0	0.0	0.0
K16448	mtfA; methylation protein MtfA	0.0	0.0231781138123848	1.9852847445690132e-08	0.0	5.2481659809111454e-08	0.0	8.398318115038e-08	0.0	0.0	0.0	0.0	0.0	0.0	0.0	0.0
K16450	mlsA2; mycolactone core lactone polyketide synthase MlsA2	0.0	5.119029393740756e-21	0.0	0.0	0.0	0.0	0.0	0.0	0.0	0.0	0.0	0.0	0.0	0.0	0.0
K16464	CEP250, CNAP1; centrosomal protein CEP250	0.1317217625450522	0.5842247797879349	0.1404875601713421	2.7525894546200687	1.3774511989169338	1.6707871233228486	1.770693789461887	0.3810159122918192	0.3573613065768359	0.5089709413740672	0.24583366378729	0.2545994614135799	0.3980611314938418	1.8145983746922385	0.0
K16469	CROCC; rootletin	0.0	3.6820100422798237e-11	0.0	0.0	0.0	0.0	0.0	0.0	0.0	0.0	0.0	0.0	0.0	0.0	0.0
K16473	IFT20; intraflagellar transport protein 20	24.62174393311172	15.08553391885088	38.39222832619512	23.08345041042503	1.1978826155296731	1.3119421258484756	0.2024521238274533	15.63586361404238	31.890548144725116	13.796076907932395	0.0030562824658274	0.0461574723735478	0.7377803148378101	0.1481969468145614	0.0
K16482	POC1; centriolar protein POC1	0.0014155493599823	0.0039759622180382	0.0002683456657033	0.0051092286465773	0.0024653417120411	0.0074417390622712	0.0632528321100334	0.0055962348756201	0.0038360805503115	0.0028731384353214	0.0034373838347049	0.0071777617084186	0.0064629315302558	0.0202236697721178	0.0007564411044802
K16484	RTTN; rotatin	0.0021382224202029	0.0022228185213692	0.0001716358775221	0.0080969403150952	0.0016828539479346	0.0044858334135604	0.003360190502001	0.0004654931751704	0.0027777639809248	0.0006218178609513	0.0003003388809454	0.0003110481947518	0.0004863175894583	0.0022169235767973	0.0
K16505	CDHR5, MUCDHL; cadherin-related family member 5	0.0	0.0016752253979405	0.0	0.0	0.0	0.0	0.0	0.0	0.0	0.0	0.0	0.0	0.0	0.0	3.953840929785311e-05
K16509	spxA; regulatory protein spx	972.8685673759478	6065.035977651813	16776.692569081268	1731.95160352845	5432.450155929182	3936.998187912836	3578.5568045980835	9359.374023338776	592.9815878610841	2261.532682756761	707.5036942402647	612.9922339580634	300.00040466242444	1909.411526088664	9.992091315779962
K16511	mecA1_2; adapter protein MecA 1/2	15812.22365649382	16764.672153044263	22370.91854308197	2624.755750910603	5231.446423604268	5591.641218299354	4800.666022905079	18185.05355675854	3712.7460747172336	3343.127372947288	405.8279860767899	1207.5941127616422	1193.8822827872807	534.6432740417958	201.93355791326843
K16514	galD; 4-oxalomesaconate tautomerase [EC:5.3.2.8]	0.0140070977989929	0.2534632549410374	1.716015351203805	0.057845441281867	4.550681413580076	3.0995414516548245	19.222474989633422	0.056023001531108	1.378016920639774	0.0383229678019714	0.0294970273783442	0.5198542053132406	0.0701606137576123	1.2509740692733022	0.008678791464659
K16515	galB; 4-oxalomesaconate hydratase [EC:4.2.1.83]	137.26279324970264	31.962317413312213	33.12780208996043	33.40812588898363	54.96026000440543	26.261344545424112	288.78346565587816	37.57291738750247	56.91587183125497	22.73124580106516	17.338475880604832	177.41939928176282	13.868007466206915	145.57035628999498	24.75064777718228
K16516	galR; LysR family transcriptional regulator, regulator for genes of the gallate degradation pathway	4.0	13.33	14.25	37.5	170.17000000000002	74.97495183044316	125.2500000000012	10.0	20.84254737055426	22.26871354676464	15.33	43.0	6.67	51.00000000000097	0.0
K16522	AKAP5; A-kinase anchor protein 5	0.0384544213389984	0.1085882016611821	0.0072898039341974	0.1387958884706153	0.0669727892361283	0.2021602195482787	1.718308895194226	0.1520257646273667	0.1042099003696052	0.0780508819265043	0.0933790159639881	0.194989083962357	0.1755702055862282	0.5493906043993296	0.020549269260511
K16525	AKAP8; A-kinase anchor protein 8	38.27961148355612	41.96031534633676	152.7820594996591	4.240201028098364	2.316240267343199	2.290982606260568	2.667758671219805	11.619042966520084	4.59136243090104	1.9058993562036943	0.2557698329723772	0.2648899288949835	0.4141500701997805	2.254652238608114	0.0
K16530	AKAP14; A-kinase anchor protein 14	0.0002488738173182	0.0011038286180537	0.0002654358301165	0.0052007157499645	0.002602542901191	0.0031567689444274	0.0033455316279593	0.0007198877597664	0.0006751949777409	0.0009616447475069	0.0004644757339254	0.0004810377467237	0.0007520928311826	0.0034284845243747	0.0
K16552	exoF; polysaccharide biosynthesis/export protein ExoF	0.0	0.0	0.0	6.0	20.45	4.2	0.0	8.0	0.0	0.0	1.8	16.4	8.0	39.0	0.0
K16553	exoT; succinoglycan exporter	0.0	0.0	0.0	0.0	0.0	4.2	0.0	8.0	0.0	0.0	1.8	16.4	5.963300511134496	30.598614608429795	0.0
K16554	exoP, vpsO; polysaccharide biosynthesis transport protein	0.0	0.0	0.0	6.0	20.45	8.4	0.0	16.0	0.0	0.0	3.6	32.8	16.0	78.0	0.0
K16555	exoO; succinoglycan biosynthesis protein ExoO [EC:2.4.-.-]	0.0859887865100232	0.2415233096348307	0.0163008926644087	6.310364572313613	20.599759343145987	4.65205496165774	15.34234872307684	8.852373855797383	0.2330260751064016	0.1745313124028709	2.0088068936761294	16.836019664980352	8.392596440124994	40.228505115487685	0.1429842081369776
K16556	exoM; succinoglycan biosynthesis protein ExoM [EC:2.4.-.-]	0.0057813408243507	0.0197712962097619	0.0010959686719703	0.020866946070866	0.010068868729506	4.230393309524304	0.258335167171161	8.022855961129807	0.0156671958731911	0.0117343788985765	1.8140388516673065	17.579105858934934	8.026395695520867	41.82455867957349	0.4083732940887629
K16557	exoA; succinoglycan biosynthesis protein ExoA [EC:2.4.-.-]	0.0	0.0	0.0	6.0	0.0401649854763895	4.2	0.0	8.0	0.0	0.0	1.8	16.40000036072662	8.0	39.00000086024234	0.0
K16558	exoL; succinoglycan biosynthesis protein ExoL [EC:2.-.-.-]	0.0	7.502536548517202e-16	0.0	6.0	20.45	4.2	0.0	8.0	0.0	0.0	1.8	16.712784906122135	8.0	39.7459133983086	2.276072446823848e-05
K16559	exoK; endo-1,3-1,4-beta-glycanase ExoK [EC:3.2.1.-]	0.0	0.0	0.0	0.0	20.45	4.2	0.0	8.0	0.0	0.0	1.8	16.4	8.0	39.0	0.0
K16560	exoH; succinoglycan biosynthesis protein ExoH	0.0	0.0	0.0	0.0	0.0	4.2	4.084299065120447e-12	8.0	0.0	2.355349668123864e-12	1.8	16.4	8.0	39.0000000000033	51.0
K16562	exoW; succinoglycan biosynthesis protein ExoW [EC:2.4.-.-]	0.0	0.0	0.0	0.0	0.0	4.2	11.500000000046985	8.0	0.0	2.709417624931893e-11	1.8	16.400000115434114	8.0	39.0000002753193	20.91163994617893
K16563	exoV; succinoglycan biosynthesis protein ExoV	0.1721730512197901	0.4835956738539905	0.032638842100373	0.6214346954822647	0.2998591337477726	5.105137579058839	19.19343225361898	8.680669188314384	0.4665818880948633	0.3494593865610412	2.218088467817263	17.273030060265942	6.749385880423636	33.05841647116901	0.0944892521553857
K16564	exoU; succinoglycan biosynthesis protein ExoU [EC:2.4.-.-]	0.0	0.0	0.0	6.0	20.45	4.2	0.0	8.0	0.0	0.0	1.8	16.400000233037016	8.0	39.00000055573472	0.0
K16565	exoX; exopolysaccharide production repressor protein	0.0	0.0	0.0	0.0	0.0	4.2	0.0	8.0	0.0	0.0	1.8	16.4	5.962284962682328	30.594425471064604	0.0
K16566	exoY; exopolysaccharide production protein ExoY	0.0	0.0	0.0	18.0	40.9	4.2	0.0	8.000089768702175	0.0	0.0	1.8	16.400000115434114	10.03669948886552	47.40138566685162	0.0
K16567	exoQ; exopolysaccharide production protein ExoQ	0.0	0.0	0.0	0.0	0.0	4.2	0.0	8.0	0.0	0.0	1.8	16.400000123717277	10.03669948886552	47.40138568660488	0.0
K16568	exoZ; exopolysaccharide production protein ExoZ	1.134837895121618e-23	6.118907676132907e-23	2.516229404005699e-23	8.537206906447907e-23	1.801223924094556e-22	1.8185057194517376e-22	3.3189259494453657e-11	3.526999631364191	8.3148478061855e-23	1.913971285874821e-11	3.700608445817905e-23	0.1540576442471782	5.963300511134496	24.966003375326824	3.96463414619824e-05
K16569	TUBGCP2, GCP2; gamma-tubulin complex component 2	7.820610354908694e-05	0.0003468670836256	8.341055013108204e-05	0.001634272816859	0.0008178230310231	0.0009919830121493	0.001051299794178	0.0002262175157301	0.0002121732567693	0.0003021872268901	0.0001459568456611	0.0001511612922431	0.0002363376367502	0.001077366910746	0.0
K16593	bioI, CYP107H; pimeloyl-[acyl-carrier protein] synthase [EC:1.14.14.46]	0.0152480724863664	0.0969201289250456	0.016468953851134	0.318206882132751	0.1598384373069708	0.1932242037934848	0.2067206166457471	0.0441328026118217	0.0413679636948188	0.0588724828181621	0.0284716783043553	0.0295507805385124	0.0461180202511117	0.210070140429571	9.680386246200617e-05
K16606	LRRC49; leucine-rich repeat-containing protein 49	0.0	0.0	0.0	0.0	0.0	0.0	0.0	0.0	0.0	0.0	0.0	0.0	0.0	0.0	1.3719627773161147e-06
K16617	COL13A; collagen, type XIII, alpha	0.0	5.717824120206841e-23	0.0	0.0	0.0	0.0	0.0	0.0	0.0	0.0	0.0	0.0	0.0	0.0	0.0
K16619	plc, cpa; phospholipase C / alpha-toxin [EC:3.1.4.3]	1.6054600653391051	95.86952716738094	14.304309181593908	65.01482044204157	884.5203225185319	891.1575746505979	17.486641154816343	13.18931200295607	3.1963876690172697	34.28895786095861	71.8871464402764	10.13503490897182	9.741824734035818	185.717544631412	1.4212371354394244
K16623	ntnH; botulinum neurotoxin type non-toxic component	0.8688242119346977	0.6179443334639676	0.0126177079188501	0.8495887861005283	0.2191762257908544	0.3297733352842967	0.4934908944281834	0.2462116967642721	0.6573558053618481	0.3000596716421653	0.0220792315170519	0.0228665202562782	0.0357513439973659	26.11575326842392	0.0
K16624	ha-33; main hemagglutinin component	0.0367326486315163	0.0261258051550188	0.0005334586964217	0.0359194022593063	0.0092664582544612	0.0139423463189031	0.020864091238339	0.0104094794113441	0.0277920659813036	0.0126860949954145	0.0009334784208694	0.0009667638659943	0.0015115158384405	0.0068903843337207	0.0
K16625	ha-17; hemagglutinin component HA-17	0.0367326486312106	0.0261258051548013	0.0005334586964172	0.0359194022590071	0.0092664582543842	0.0139423463187867	0.0208640912381656	0.0104094794112577	0.0277920659810727	0.0126860949953093	0.0009334784208616	0.0009667638659862	0.0015115158384279	0.0068903843336633	0.0
K16626	ha-70; hemagglutinin components HA-22/23/53	0.0530135583547679	0.0377054731349415	0.0007699021112337	0.0518398590541144	0.0133736047825695	0.0201219737131992	0.0301116243883887	0.0150232440288166	0.0401102661144685	0.0183089176084215	0.0013472214659526	0.001395259926375	0.0021814608009663	0.0099443902236461	0.0
K16628	COL7A; collagen, type VII, alpha	0.0	3.682653782074748e-05	4.998459289292489e-22	0.0	1.3213592695353649e-21	0.0	2.1144901914641097e-21	0.0	0.0	0.0	0.0	0.0	0.0	0.0	0.0002852582002497
K16630	COL22A; collagen, type XXII, alpha	0.0	0.0629655751370088	0.0	0.0	0.0	0.0	0.0	0.0	0.0	0.0	0.0	0.0	0.0	0.0	0.0
K16638	K16638, exoU; exoenzyme U	0.0	0.0	1.5368255455621047	3.073651091124209	8.252664345821938	24.837943499373665	19.74490571399306	1.6167760074699598	1.942500111538999	5.6646382825824775	0.0	30.502581781956145	0.9712500557694996	10.59787789511902	0.0
K16644	actA; actin-assembly inducing protein	7.626274306083582e-09	3.38247707970821e-08	8.133786321699366e-09	1.5936624159417725e-07	7.97500768530281e-08	9.67333010380444e-08	1.025175816782463e-07	2.2059618744672183e-08	2.0690091733347733e-08	2.946781107196792e-08	1.4232993223653321e-08	1.47405052392691e-08	2.3046483137695253e-08	1.050595185897492e-07	0.0
K16645	hbhA; heparin binding hemagglutinin HbhA	0.0	1.4091896213124355	515.7902551704598	1251.96	926.4106745515622	380.48	40.19107944349047	0.0	0.0	106.51	49.57	93.78	38.18	5.36	0.0
K16647	aftC; arabinofuranan 3-O-arabinosyltransferase [EC:2.4.2.47]	0.0	0.5124151755511035	1.2074705580849976	0.0	3.1919884153792686	0.0	5.107943275684486	0.0	0.0	0.0	11.4	0.0	0.0	0.0	0.0
K16648	aftD; arabinofuranan 3-O-arabinosyltransferase [EC:2.4.2.-]	0.0	0.7255579038289595	0.9481372926454718	0.0	2.506432338286768	0.0	4.010889935134315	0.0	0.0	0.0	11.4	0.0	0.0	0.0	0.0
K16649	glft1; rhamnopyranosyl-N-acetylglucosaminyl-diphospho-decaprenol beta-1,3/1,4-galactofuranosyltransferase [EC:2.4.1.287]	624.1748384108138	157.56319774657834	4215.383612185618	74.16573931715945	19.03537133844929	0.0017769023021467	12.143427752609934	1029.2673002585984	728.1584267996566	145.36944178209865	11.40026144707308	39.5083725911681	2.1052807205187096	9.516385815992956	0.2451773620536305
K16650	glft2; galactofuranosylgalactofuranosylrhamnosyl-N-acetylglucosaminyl-diphospho-decaprenol beta-1,5/1,6-galactofuranosyltransferase [EC:2.4.1.288]	4.99027446944005	12.428236551512224	0.0055650538362161	0.1059571146983749	0.0511271881966798	0.1543295972680098	1.3117611386152752	4.578651980993142	0.0795540882935173	0.0595842307702567	11.471285765118411	1.264503921897345	2.238888094423769	0.4194061072412355	0.0156873615205448
K16651	pduX; L-threonine kinase [EC:2.7.1.177]	293.6022826196124	1149.5324306193447	849.5988561111591	1032.8907975309576	2940.025237847105	2886.021561315135	1392.1945197302111	734.3566465622855	925.459179480589	649.139308750309	275.5040139818236	237.4466531204397	104.59717446891564	492.74783512477234	24.59293304307097
K16652	dprE2; decaprenylphospho-beta-D-erythro-pentofuranosid-2-ulose 2-reductase [EC:1.1.1.333]	0.0	1.0444753668693698	518.116065283263	1251.96	932.559030622632	380.48	50.02991654528581	0.0	0.0	106.51	60.97	93.78	38.18	5.36	0.0
K16653	dprE1; decaprenylphospho-beta-D-ribofuranose 2-oxidase [EC:1.1.98.3]	6.347173452083176e-08	1.1672576909341197	517.412047489582	1251.9600002290924	930.6979363445704	380.4800003336797	47.05172418443659	2.509292465407293e-07	1.7200579024170405e-07	106.51000012882848	60.970000154128655	93.78000032184325	38.18000028979101	5.360000906807941	3.3918018206595265e-08
K16654	K16654; spore-specific protein	4.277487403178673e-06	1.897191540625641e-05	4.562144913075293e-06	8.938664720822214e-05	4.4730878466990726e-05	5.425656881080858e-05	5.750090366972872e-05	1.237298024069072e-05	1.1604828676226254e-05	1.652814803147607e-05	7.983118201654317e-06	8.267775711550936e-06	1.29265008511983e-05	5.892664613351014e-05	0.0
K16681	CRB; protein crumbs	0.003722221278162	0.0104603916362541	0.0007085884033614	0.013493327709016	0.0065121624308062	0.0195933600798881	0.1662191554288702	0.0147118459953868	0.0100870768783823	0.0075611927503618	0.009036782596204	0.0188634822407629	0.0169892121831254	0.0531769006408528	0.0019872722690594
K16691	KRN; keren	0.0	1.665393591013356e-05	0.0	0.0	0.0	0.0	0.0	0.0	0.0	0.0	0.0	0.0	0.0	0.0	0.0
K16692	etk-wzc; tyrosine-protein kinase Etk/Wzc [EC:2.7.10.-]	492.6319419437982	559.0056067974572	158.88787461088214	266.9796598211318	504.4910798740247	310.59347543145657	1223.582580160296	950.1573320789294	478.0193870900896	412.940852095618	107.99056870050904	557.3142515741358	152.02428706996085	622.5873081565353	108.6493417045903
K16693	wzxE; enterobacterial common antigen flippase	10.000005523335398	53.53175399470521	21.86866290355957	74.64588627067091	156.60350146846278	158.63051684280785	98.77375330227662	70.62275823670775	75.51650958147894	74.40493944037765	32.48411391730255	26.669816270512364	74.35447729842399	71.96296698219591	15.500022002527295
K16694	tuaB; teichuronic acid exporter	0.0107689100917024	0.0257852370036959	0.0527347705423821	0.0707308928220895	0.1400858628488277	0.2743480593891677	0.048011347200488	0.0452891140162953	0.0185627332647993	0.0641496848344649	0.0068542688615984	0.0384698673458295	0.0755915178977989	0.0056885307922339	0.0600728864265595
K16695	wzxC; lipopolysaccharide exporter	9.859449392640046	53.11528202027266	21.88278679697794	74.15723572367288	156.4121741132962	158.04830598070873	83.97075294439057	70.04347535506527	75.09673183705544	74.13143493706794	32.11254123389445	25.93737968182214	73.71142164110287	69.80493708716698	15.42320283472292
K16696	amsL; exopolysaccharide (amylovoran) exporter	0.0002581144044554	0.0011448133413149	0.0002752913582873	0.0053938162841289	0.0026991742974386	0.0032739785360892	0.0034697499039586	0.000746616909682	0.0007002647022048	0.0009973502394714	0.000481721535588	0.0004988984894198	0.0007800177427572	0.0035557828088533	0.0
K16697	tuaC; teichuronic acid biosynthesis glycosyltransferase TuaC [EC:2.4.-.-]	3.837000235831357e-05	0.000170182251931	4.092344280045922e-05	0.0008018178759877	0.0004012458133698	0.0004866933498571	0.0005157957467678	0.000110988352803	0.0001040978644013	0.0001482611213477	7.161032525695955e-05	7.41637656991052e-05	0.0001159535543638	0.0005285849700995	0.0
K16698	tuaG; teichuronic acid biosynthesis glycosyltransferase TuaG [EC:2.4.-.-]	12094.637917773727	6180.431478435139	13415.35852213933	1229.3303252059663	4127.588462526373	4211.667555120323	1711.3239762661842	8420.52826472461	3790.916434715763	1038.5475886890813	222.4981639760482	389.0693109679696	445.8347721811016	372.02594221105153	58.72654722994062
K16699	tuaH; teichuronic acid biosynthesis glycosyltransferase TuaH [EC:2.4.-.-]	0.00195114299818	0.1911880745658933	0.0020809873331748	0.0407730320144273	0.0204036463692343	0.0247487167961771	0.0262285952030729	0.0056438398264606	0.0052934533950634	0.0075391876737107	0.003641438001951	0.0037712823369457	0.0058963239980652	0.0268789366683332	0.0
K16700	amsB; amylovoran biosynthesis glycosyltransferase AmsB [EC:2.4.-.-]	0.0002581144044554	0.0011448133413149	0.0002752913582873	0.0053938162841289	0.0026991742974386	0.0032739785360892	0.0034697499039586	0.000746616909682	0.0007002647022048	0.0009973502394714	0.000481721535588	0.0004988984894198	0.0007800177427572	0.0035557828088533	8.526429026041109e-05
K16701	amsD; amylovoran biosynthesis glycosyltransferase AmsD [EC:2.4.-.-]	0.0004442298513164	0.001970290117943	0.0004737923844996	0.0092830704701723	0.0046454354198396	0.0056347068322992	0.005971640704022	0.0012849709781912	0.0012051961423805	0.0017164975721733	0.0008290706850771	0.0008586332182604	0.0013424557479473	0.0061197083201255	5.8285160680690895e-06
K16702	amsE; amylovoran biosynthesis glycosyltransferase AmsE [EC:2.4.-.-]	1.8616824550654558e-12	8.257109541589046e-12	1.9855733849331506e-12	3.8903575192532645e-11	1.9468132525598784e-11	2.361398005569176e-11	2.5026005554754718e-11	5.385067928861254e-12	5.050746829673005e-12	7.193513458872564e-12	3.474476881378845e-12	3.59836781124654e-12	5.6259756188133725e-12	2.5646528651629582e-11	3.165133459891852e-07
K16703	wcaL, amsK; colanic acid/amylovoran biosynthesis glycosyltransferase [EC:2.4.-.-]	16.193477350009573	70.91603534683622	23.033224482455523	96.99267324319509	167.325487320373	191.14172874654173	367.55510341492857	98.61092779045138	92.27748364677652	86.94961771089338	47.51919621214724	58.08481585553676	102.61620071359866	160.48349382559417	19.62048841167488
K16704	rffC, wecD; dTDP-4-amino-4,6-dideoxy-D-galactose acyltransferase [EC:2.3.1.210]	14.961034134085308	64.3168483190963	21.8687805853189	74.64819202336048	182.1046553135454	158.63191640564378	227.77523655360588	100.585672548126	151.5168089311667	103.90536578841696	39.984319843991145	335.28567832678164	98.45966811869582	209.9644870109368	15.510305025949767
K16705	tuaE; teichuronic acid biosynthesis protein TuaE	163.99237475708125	787.6668814997033	376.0118327136997	784.3835268734249	487.5679062745372	442.8345877857339	1278.434379935926	507.4775585732172	825.3665110938998	521.0608927799386	81.96625529864326	161.24915481362265	69.15758578659883	105.39337815831162	21.786821140960637
K16706	tuaF; teichuronic acid biosynthesis protein TuaF	0.0005153381567304	0.0022856763781092	0.0005496327934231	0.0107690206111105	0.0053890347966848	0.0065366598486534	0.0069275270537256	0.001490657535487	0.0013981130639296	0.0019912590120963	0.0009617808379621	0.0009960754746548	0.0015573439483843	0.0070992959975012	0.0
K16707	amsG; UDP-galactose-lipid carrier transferase	0.0002581144044554	0.0011448133413149	0.0002752913582873	0.0053938162841289	0.0026991742974386	0.0032739785360892	0.0034697499039586	0.000746616909682	0.0007002647022048	0.0009973502394714	0.000481721535588	0.0004988984894198	0.0007800177427572	0.0035557828088533	1.6182327478824132
K16708	amsC; amylovoran biosynthesis protein AmsC	0.0002581144044554	0.0011448133413149	0.0002752913582873	0.0053938162841289	0.0026991742974386	0.0032739785360892	0.0034697499039586	0.000746616909682	0.0007002647022048	0.0009973502394714	0.000481721535588	0.0004988984894198	0.0007800177427572	0.0035557828088533	0.0
K16709	amsF; amylovoran biosynthesis protein AmsF	0.0002581144044554	0.0011448133413149	0.0002752913582873	0.0053938162841289	0.0026991742974386	0.0032739785360892	0.0034697499039586	0.000746616909682	0.0007002647022048	0.0009973502394714	0.000481721535588	0.0004988984894198	0.0007800177427572	0.0035557828088533	0.0
K16710	wcaK, amsJ; colanic acid/amylovoran biosynthesis protein	1994.4717349462744	2194.200847057001	1242.6075239876425	4986.756098777043	46870.675217261625	18691.683783271743	1111.7071072222343	1310.0746099656644	523.2817675273668	310.6860305773969	3187.0687969070286	248.9160942675017	294.1611638004571	25691.282198300727	73.83781845625384
K16711	wcaM; colanic acid biosynthesis protein WcaM	9.845000596770582	53.08304382685134	21.82891502877863	74.06239027621321	156.2606490658998	157.75988773545876	83.9073908729838	69.99445601947654	75.073369854714	74.06239027621321	32.10369737748945	25.89684928551531	73.63260852427298	69.78456260573827	15.412173523066231
K16726	ANKRD17, MASK; ankyrin repeat domain-containing protein 17	0.0200470601352392	0.0565781041555658	0.0039461065085224	0.0752309125596286	0.0363631177172572	0.1066248228415071	0.8905953510458744	0.0790777293923753	0.05432721427412	0.040994413533224	0.0485869276962269	0.1011300991683213	0.0912716482296459	0.2863234127921819	0.0106239122730694
K16770	CNTRL; centriolin	35.76657231259638	10.636680253133065	26.83843481843365	4.935633948526865	12.984443990634713	18.97299865948356	50.91928886102831	20.081622953541288	3.0174025222218384	3.8129896468324	1.8577964455488487	0.3474850775293575	5.875864302864511	0.6572101622126264	0.0
K16783	bioN; biotin transport system permease protein	203.0386819656185	436.1391782823492	332.13533959939315	2463.9400209000805	555.1149333675324	616.8880006111654	770.5460038122211	1232.1447052121457	76.70340517120071	174.38069242523306	111.52859105465012	168.35430295608472	384.37957770656055	102.97505304714193	43.19494205703677
K16784	bioM; biotin transport system ATP-binding protein [EC:3.6.3.-]	7.239310013830431	8.087426909805615	32.89682603325854	19.977558742962444	22.87813539696444	34.861705449134604	44.39475433695029	10.110308834087288	6.1573969540422135	10.266954967751614	14.09191583484546	141.14371926480493	9.44421647119516	80.5535939608061	0.0002379948039948
K16785	ecfT; energy-coupling factor transport system permease protein	103561.80036047012	105734.86151726048	104240.71702195096	63305.72470334623	222855.34473905177	143247.32617361564	44860.13422479263	161547.71558962588	37333.809421970254	27304.797659290936	12408.609763850076	10790.456830651116	17822.063765058047	76315.98964190735	2583.108744775577
K16786	ecfA1; energy-coupling factor transport system ATP-binding protein [EC:3.6.3.-]	39419.1751891196	40684.46469846716	40905.2532972502	27439.95688734808	94176.1272305058	56395.1749801726	19241.370248695654	57022.78223536207	14760.72926817261	11584.48553181053	5860.756793636859	4842.4319144968	6097.724768084767	37927.51318916978	1142.0060919271857
K16787	ecfA2; energy-coupling factor transport system ATP-binding protein [EC:3.6.3.-]	113119.10712644704	111316.7720890202	102909.63412724374	70066.32218206747	242268.88207905463	158884.55381664395	46900.065742535706	178261.68682223812	39441.06587862079	29887.99380214528	13090.992286586208	11712.099544851131	19675.236344258483	78255.05058649063	2881.865485392963
K16788	niaX; niacin transporter	1907.039391216707	5103.507328239844	3500.036928462784	6550.668106460092	4865.621789583576	5142.499971697809	7611.123867910345	3419.109129138616	4452.708202069599	2979.712010907668	618.918045644775	1770.0957492100056	1766.6729516361197	1589.4456027747378	161.47031916545131
K16789	thiT; thiamine transporter	28214.304727999155	23144.281750295653	11897.840812989269	23705.23243795696	130932.48941964722	60217.93136732268	11950.071410358743	28844.095410753096	10474.86267384811	6499.749821065905	8836.507972618092	2605.501639274353	4307.5871794711065	65886.56985242387	710.2332427253209
K16792	aksD; methanogen homoaconitase large subunit [EC:4.2.1.114]	1724.7801922643432	1332.7452170668107	696.7839282228713	791.1371766008917	184.07189405918416	226.16689295079215	181.9167047531981	2607.370345765022	389.96443910913433	172.9408714936311	35.693731416920166	44.19882457951442	755.8656734669014	19.90011770075804	24.524095716277373
K16793	aksE; methanogen homoaconitase small subunit [EC:4.2.1.114]	79.68875364091959	48.08835778863621	50.16709784178588	44.93704741066624	21.21596002797143	15.457235749344363	87.89357599269366	38.82682999370796	22.75952488326069	15.123386905443894	2.540221346481485	52.940207652580966	5.68920735045109	43.42463889821501	10.905156935490812
K16794	PAFAH1B1, LIS1; platelet-activating factor acetylhydrolase IB subunit alpha	0.0	3.395949001715964e-05	0.1189840603024308	0.0	0.3145383045218833	0.0	0.5033363560427752	0.0	0.0	0.0	0.0	0.0	0.0	0.0	0.0
K16795	PAFAH1B2_3; platelet-activating factor acetylhydrolase IB subunit beta/gamma [EC:3.1.1.47]	0.0	0.0	0.0	0.0	0.0	0.0	2.793530109328457e-12	0.0	0.0	1.6109839438769806e-12	0.0	0.7952590019617838	0.0	1.8964928712317448	3.5204972697803204e-06
K16803	CKAP5, XMAP215; cytoskeleton-associated protein 5	0.0333169417893518	0.0935798535324076	0.0063158920320329	0.1202528701709207	0.0580252788302262	0.1751517779304543	1.4887442183209678	0.1317152455869899	0.0902875420717169	0.0676233473084589	0.0809036550515985	0.1689387002514746	0.152114168300557	0.4759924645602799	0.0178039035285612
K16817	PLA2G16; HRAS-like suppressor 3 [EC:3.1.1.32 3.1.1.4]	0.0383267233159178	0.0398430722852165	0.0030764997722976	0.1451341956898484	0.0301644380089642	0.0804066473433159	0.0602299790901744	0.0083437662806437	0.0497902325445296	0.0111458194827619	0.0053834461196584	0.0055754059940302	0.0087170350094183	0.0397374079224073	0.0
K16819	AMOT; angiomotin	0.0	0.1199789962503873	1.1688314691649137e-07	0.0	3.089844703975388e-07	0.0	3.832072240376164	0.0	0.0	0.0	0.0	0.0	0.0	0.0	0.0
K16838	pucL; urate oxidase / 2-oxo-4-hydroxy-4-carboxy-5-ureidoimidazoline decarboxylase [EC:1.7.3.3 4.1.1.97]	0.0073194503909282	0.0324639164416454	0.0078065439404137	0.1529545427453053	0.0765415336205272	0.0928414806078886	0.098393045303037	0.0211721056133039	0.0198576780676767	0.0282822480039125	0.0136603646333367	0.0141474581828221	0.022119266006097	0.1008327137930317	0.0
K16839	hpxO; FAD-dependent urate hydroxylase [EC:1.14.13.113]	0.7371113866890948	2.2219269515324496	0.1401886306664825	2.6649632763896234	1.2866166693816792	3.877013697221224	38.80128177847138	2.913823403314044	1.9975423291002896	1.496587343526436	1.7897852939184078	3.736827247077397	3.3650090451783896	10.530830684317616	0.3937595670516451
K16840	hpxQ; 2-oxo-4-hydroxy-4-carboxy-5-ureidoimidazoline decarboxylase [EC:4.1.1.97]	0.0002581145921463	2.310751557321056	4.025546021198151	0.005393820206305	10.643635679219337	0.0032739809168007	23.15487606318084	1.256154272754957	0.0007002652114104	0.0009973509647062	0.0004817218858774	0.0004988988521996	0.0007800183099562	0.003555785394482	0.0168211905486107
K16841	hpxA; allantoin racemase [EC:5.1.99.3]	6187.947020445212	2793.4892430647697	1951.613826706336	3561.739906445749	8705.956051004565	7299.375657507269	1112.30944541481	10365.922940129418	1161.6195999301	774.8022821662494	157.58660806011008	1062.5443607211969	1052.3008942067283	548.9899595333733	173.16975841426603
K16842	hpxB; allantoinase [EC:3.5.2.5]	0.000258114404456	0.0011448133413176	0.0002752913582879	0.0053938162841418	0.002699174297445	0.0032739785360971	0.0034697499039669	0.0007466169096838	0.0007002647022065	0.0009973502394738	0.0004817215355891	0.000498898489421	0.0007800177427591	0.0035557828088618	9.593713881119652e-20
K16843	slcC; (S)-sulfolactate dehydrogenase [EC:1.1.1.310]	506.8139958606864	1028.8827693893718	470.6085535309604	1017.9559895846464	462.3775857625657	543.6192978351361	1803.804533517556	582.9882399295832	1053.4012953316592	739.7237969912289	123.9499678472768	300.9107702413345	96.72352148740768	241.49642895265225	58.65556281725385
K16844	comC; (2R)-3-sulfolactate dehydrogenase (NADP+) [EC:1.1.1.338]	0.0131849521355595	5.04266722071434	0.838311998711081	16.07353552054647	12.5732176857048	21.274758275508862	52.249472953178746	8.049919640334664	0.8697260273423639	6.714629952722876	1.830848512827265	67.59027701744792	8.056988349969012	80.680629810598	0.0061726293135144
K16845	suyA; (2R)-sulfolactate sulfo-lyase subunit alpha [EC:4.4.1.24]	207.01739102927277	765.1878710977045	352.0535340850475	802.693433180074	248.83736762834923	305.56573843754865	1418.0347131725557	525.2202574376985	756.5898463260215	524.2339376844227	89.83395057556686	235.11079371179085	129.90172784313404	161.12650779177054	22.221293381850643
K16846	suyB; (2R)-sulfolactate sulfo-lyase subunit beta [EC:4.4.1.24]	148.27816879550738	744.1563412027873	328.2432134666035	771.0761574966325	242.92628113802232	298.75215987560586	1335.5945516850738	476.1344002102384	752.6114110627732	519.4845700388815	88.12890910062048	219.55820845316867	67.6631619394166	160.82592802820824	21.914226495724467
K16849	uxaA1; altronate dehydratase small subunit [EC:4.2.1.7]	3044.86151144026	2863.6955940255816	2704.713946775212	3384.591453473159	1677.831257713284	1986.8135024078008	4120.147441650013	4353.439843930542	2219.804228799826	1094.8087199717752	187.6722086755138	1506.5253072678083	771.2316376230071	988.7165749883048	198.8296742200873
K16850	uxaA2; altronate dehydratase large subunit [EC:4.2.1.7]	5329.296943838406	4307.079912220695	3642.724213680504	4408.427781688102	1991.0998948357988	2449.692999083837	4349.924618260429	6560.243007775631	2700.4063395565327	1240.6311119351926	216.74604937695895	1594.1386598861695	913.2772831809084	930.1961367683364	201.48573667571495
K16855	NUDT16; U8 snoRNA-decapping enzyme [EC:3.6.1.62 3.6.1.64]	0.0445632208703339	0.1063291556795835	0.2189250142940578	0.2900705240842877	0.5801615275899313	1.1376318563175785	0.197032512864652	0.1876529378836718	0.0766339947135981	0.2658433686203147	0.0281387249429406	0.1594937335193753	0.3135399409580941	0.0211142834178834	0.038316997356799
K16856	ugl; ureidoglycolate lyase [EC:4.3.2.3]	4.0	13.330000000021466	14.25	37.5	170.17000000000002	72.0	125.25	10.00045939797778	19.5	17.0	15.33	43.005245747907786	6.67	51.01250979050453	0.0
K16868	tehB; tellurite methyltransferase [EC:2.1.1.265]	547.4912760122662	1484.4171044939858	659.6342239367214	1652.4317524709272	5195.53897714522	3337.5252844014094	2183.380414822034	1121.9992754021116	1159.097440037359	2206.7749043782496	605.2738646814942	357.17529634831567	225.75756776473247	2183.569503480528	48.6063730966158
K16869	lipL; octanoyl-[GcvH]:protein N-octanoyltransferase [EC:2.3.1.204]	66.54242755381492	301.006742308531	173.4514217401244	386.3445842562704	2435.232748081153	1389.1465046860692	284.7561456310375	226.4007043079648	114.84766777839572	789.368142825496	300.4849639094306	75.78594131743525	50.09460470283842	943.268128407079	5.476408490992885
K16870	wbbL; N-acetylglucosaminyl-diphospho-decaprenol L-rhamnosyltransferase [EC:2.4.1.289]	0.0585059051886178	1.619191653450322	515.8010909633526	1252.1711689321717	926.511894750222	380.78757364760565	42.80429541276283	0.2312973297168222	0.1585485969738502	106.62874934894025	61.11207010960935	94.07666323043972	38.44711866787491	6.195862132188876	0.0312643788981317
K16871	POP2; 4-aminobutyrate---pyruvate transaminase [EC:2.6.1.96]	7.340583366185524	0.0911729089378816	40.6519824028977	9.682889078661702	51.27962805287282	35.97003809729431	32.33226226922057	15.078542127493272	2.487418505945564	7.763297035983117	2.701088742239293	61.85879806025244	9.16167535161009	74.68905866446087	0.0
K16872	E2.3.1.207; beta-ketodecanoyl-[acyl-carrier-protein] synthase [EC:2.3.1.207]	6.16318057026144e-16	2.7335519521481803e-15	5.190000000000001	10.380000000000011	27.870000000000008	83.88	143.56304345891726	13.46	6.560000000000001	21.432724025790105	1.1502406518830173e-15	113.92851907601823	3.2800000000000016	199.04339295800588	51.22619966729686
K16873	hmfH; 5-(hydroxymethyl)furfural/furfural oxidase [EC:1.1.3.47 1.1.3.-]	0.0005223340907422	0.0024761430794313	9.917875110857828e-05	0.0018852922935427	20.45091012744907	0.0027459826668853	0.0233408095260346	0.0020649963455695	0.0014155039046366	0.0010601807312059	0.0012683858370399	0.0026485756989624	2.0390842940583287	8.408847873957038	51.00027912483144
K16874	hmfF; 2,5-furandicarboxylate decarboxylase 1	1801.3771293135806	970.6809559310608	914.0533491829256	1866.0767078116935	1996.4911201737807	1502.6940909419775	397.2303215468855	2233.22905430049	459.4815158682953	331.9744196803965	155.3386179757723	189.10628296101427	172.67699465382498	220.6150914523451	95.06345098997654
K16875	hmfG; 2,5-furandicarboxylate decarboxylase 2	1236.0421277693654	641.3699935282887	293.3575967731326	378.8625072858687	138.8632407506188	164.41912569005365	139.11542764805483	1833.017735374833	673.2606540415314	216.73124073848624	23.991844351936905	41.34942765892946	150.96194697224414	35.42110553663118	110.74493749468988
K16876	hmfD; 2-furoate---CoA ligase [EC:6.2.1.31]	0.1107255540916852	0.5385637834444748	1.0450873501784608	2.3138317212047155	24.35571481807695	1.4044667063720837	12.725216758559244	0.3202826715276557	1.1343875900401417	5.431776042185183	0.2066482266203109	4.383961888433729	0.3346109139098699	5.695299823170606	51.0
K16877	hmfA; 2-furoyl-CoA dehydrogenase large subunit [EC:1.3.99.8]	0.0544071823901418	0.2893746303869881	127.99567763707483	309.65136227004285	251.81166112329004	94.44991968661265	21.478890705319163	0.1573636710641785	0.9815852406657444	31.460894075236467	12.316845049319465	27.384904233367205	9.572927590174537	6.24023058953074	51.00383299186532
K16878	hmfB; 2-furoyl-CoA dehydrogenase FAD binding subunit [EC:1.3.99.8]	0.0415702936779081	0.1843764857108722	0.878325729831603	0.8686943584142608	23.386679221830768	0.5272865322162903	11.402150285464325	0.1202454557538277	0.9467692820200372	5.164561139243611	0.0775830614630479	4.250294590676143	0.1256247852916465	4.7426172844341705	51.0
K16879	hmfC; 2-furoyl-CoA dehydrogenase 2Fe-2S iron sulfur subunit [EC:1.3.99.8]	0.0190111284427595	0.1869375278440376	0.9472695284079192	0.397275519708213	23.396631496329853	0.2411412358009975	11.492328883671656	0.0549912353688509	0.8855662385141587	5.077392858585205	0.0354806621739203	4.206690927865722	0.0574513364586305	24.42555104544289	51.0
K16880	hmfE; 2-oxoglutaroyl-CoA hydrolase	0.0260367566548648	0.1629171687651782	0.8617584696079769	0.5440900608673336	23.224240693964173	0.3302558127944873	11.19333788420548	0.0753134364306764	0.9046267766430988	5.104539782037862	0.0485926634895606	4.220270469502073	0.0786826763794668	4.528627352242098	51.0
K16881	K16881; mannose-1-phosphate guanylyltransferase / phosphomannomutase [EC:2.7.7.13 5.4.2.8]	4716.66973269217	6140.441198439774	4468.393800886369	6543.538423249476	1983.1430585098456	2544.948986287607	3908.835466990482	9243.693610999837	3389.325868207301	3120.874228836983	354.8413415891183	614.7332406557904	2517.669844706503	691.0028036097466	238.50178091817293
K16882	PCLO; protein piccolo	0.0	1.0688147973988549e-13	0.0	0.0	0.0	0.0	0.0	0.0	0.0	0.0	0.0	0.0	0.0	0.0	0.0
K16883	sta; heat-stable enterotoxin STa/STI	1.0803373276967645e-07	5.825047256241132e-07	2.3953875367408456e-07	8.127207713942155e-07	1.7147201808336257e-06	1.7311720183112414e-06	9.20754504163892e-07	7.680814523716183e-07	7.9155274050635e-07	8.127207713942155e-07	3.522886798540108e-07	2.841780726966819e-07	8.080045779839658e-07	7.65778195124752e-07	1.691248892698894e-07
K16885	qmoA; quinone-modifying oxidoreductase, subunit QmoA	1.584066511600478	4.683447037565873	0.9622574691070712	18.85362489648977	10.274073186699043	11.969182805363108	12.128214927593092	124.80358562476218	2.4477155557689616	3.486152719132772	8.53381655179126	25.343857129250864	2.7264855085674458	12.858935610722812	0.6922412917851937
K16886	qmoB; quinone-modifying oxidoreductase, subunit QmoB	1.949421944327288	6.303905898007717	1.3519265135186127	26.48845677150361	14.094696818790451	16.6034295740185	17.039571890754406	125.86040593160834	3.4389253018391512	4.897880704988513	9.215683108056805	26.050037297201143	3.8305839820365817	17.8920703152808	0.6922412917851937
K16887	qmoC; quinone-modifying oxidoreductase, subunit QmoC	3.6570707990000737	15.081190116390449	3.539776348440883	69.35327217182054	35.1016538870153	42.403132346790464	45.415871046793946	131.43037990532844	9.046387576892958	12.84964619510654	13.083812529768858	30.104485395305147	10.105971761177784	46.37543585013206	2.842126935207528
K16889	CATSPER1; cation channel sperm-associated protein 1	0.0	0.0	0.0	0.0	0.0	0.0	0.0	0.0	0.0	0.0	0.0	0.0	0.0	0.0	4.971525002468353e-07
K16898	addA; ATP-dependent helicase/nuclease subunit A [EC:3.1.-.- 3.6.4.12]	40418.75131863976	44765.36437962801	41973.04493843368	24888.51148048575	85712.12900312754	49639.17463381971	18852.40601118744	57300.37895387015	14970.02633171633	9619.002245065403	5498.779593239127	6013.390252195812	6023.194985256912	36974.13536369608	1181.877311455463
K16899	addB; ATP-dependent helicase/nuclease subunit B [EC:3.1.-.- 3.6.4.12]	37902.3857548554	37493.23320188456	38519.0532632317	21865.40028709593	94352.69798029958	51453.27329671097	12726.588447780085	52240.004019825086	11241.726628573935	6820.9212568677885	5778.486226843575	4669.375309319667	5448.701105125871	42328.29738968956	952.4321410312052
K16901	K16901; anthranilate 3-monooxygenase (FAD) / 4-hydroxyphenylacetate 3-monooxygenase [EC:1.14.14.8 1.14.14.9]	0.0447046004806609	0.2322234513307462	0.1346439773375395	0.8140143418820824	0.6529095955152082	0.5154123112522149	1.21180427481507	0.1366861441707096	0.1212624874920301	0.1599865939721763	0.087339433441307	0.3138459384970001	0.1458277758359675	1.1097662687326848	0.0037148224358188
K16902	E1.5.1.45; FAD reductase [NAD(P)H] [EC:1.5.1.45]	0.2078052791788519	0.9216775658123424	0.2216342698312771	4.342506576211713	2.1730777467259874	2.6358467872139557	2.793460322348292	0.6010936727202224	0.5637759823895414	0.8029565238317105	0.3878291039220286	0.4016580945744537	0.6279843433770893	2.8627245381828184	0.0
K16905	K16905; fluoroquinolone transport system permease protein	3804.162308366818	1542.917169269405	781.2270996553244	2029.748531687672	7820.044593982375	6881.347872895605	544.3907661145868	6634.011589831115	575.736197744831	551.0065336943527	88.7537479344854	402.7900533190894	354.5377462523514	157.95018291069692	77.23850018474005
K16906	K16906; fluoroquinolone transport system permease protein	3869.0619602920415	1561.2341494657765	758.4557336852967	2022.3053982966844	7818.268875047753	6876.759839196343	507.60172025194606	6736.316045071355	587.732019858658	552.5554385626688	83.39148697120925	224.45736926034525	303.59043199869126	157.89188881467504	77.23290299062498
K16907	K16907; fluoroquinolone transport system ATP-binding protein [EC:3.6.3.-]	23827.73128122549	6249.459398042508	6085.62498212046	3650.481668866268	12340.808093981272	11578.939006545474	1609.1445924052864	16413.9526685695	3755.6937664614975	1676.050451475902	140.76091207918762	853.0057992377275	990.9634710192928	412.1107767282269	225.2174836402503
K16910	PTPRQ; receptor-type tyrosine-protein phosphatase Q [EC:3.1.3.48]	0.0111056472631154	0.0311932845107971	0.0021052973440104	0.040084290056963	0.0193417596100699	0.0583839259768065	0.4962480727735849	0.0439050818623238	0.0300958473572347	0.0225411157694825	0.0269678850171953	0.0563129000838166	0.0507047227668445	0.158664154853401	0.0059346345095196
K16912	LAS1; ribosomal biogenesis protein LAS1	0.000365884925603	0.0016228073171663	0.0003902337738903	0.007645896686775	0.0038261606867366	0.0046409629700059	0.0049184747676105	0.0010583519080591	0.0009926462609058	0.0014137739384945	0.0006828547542003	0.0007072036024876	0.0011056985927611	0.005040428995904	0.0
K16914	RIOX1, NO66; bifunctional lysine-specific demethylase and histidyl-hydroxylase NO66 [EC:1.14.11.- 1.14.11.27]	0.0	0.0250583608276364	0.0	0.0	0.0	0.0	0.0	0.0	0.0	0.0	0.0	0.0	0.0	0.0	0.000272152324889
K16915	cbiL; nickel transport protein	209.59266693484176	182.04493783989383	1019.4656949420756	116.2355140270476	7.013378200497886	15.096548568255017	148.26629164602514	797.38807606857	143.6705612746829	5.173134922024553	11.689447956456766	71.8382746406269	10.306410651772335	28.828203745309107	2.25457800595785
K16916	yydJ; putative peptide transport system permease protein	93.23542292426204	93.92541368506495	62.69808439681295	18.049887087416543	19.73748797085861	20.681642480857075	16.01853286220637	291.9481189385108	14.317419742369632	14.654964308460483	0.0001487638054882	0.0656154144107677	9.72641266018348	0.0043684955167293	2.7610295911761003
K16917	yydI; putative peptide transport system ATP-binding protein	93.41533349188131	95.9921321172954	63.363397902666605	23.84726122329521	35.146970774452534	30.655171464540874	18.78897509493344	292.6964644218201	15.364117876853433	19.70002525896557	1.659789972915413	0.7627974761008226	10.352748706509171	7.619244871388152	2.787340251928044
K16918	ytrF; acetoin utilization transport system permease protein	0.0107806760321323	0.0478154707251461	0.0114981066415196	0.2252837692600213	0.1127365352442554	0.1367444099378892	0.1449212015346997	0.0311839823134816	0.0292479875624712	0.0416563726654247	0.020120085215049	0.0208375158244363	0.0325790364227123	0.1485145417736112	0.0
K16919	ytrC_D; acetoin utilization transport system permease protein	4.2432766763489205e-05	0.0001882018076528	4.525657536569408e-05	0.0008867174570609	0.0004437312735755	0.0005382263260495	0.0005704101974197	0.0001227402293066	0.0001151201493153	0.0001639595828922	7.919270374576328e-05	8.201651234796814e-05	0.0001282311656322	0.0005845535932332	0.0
K16920	ytrE; acetoin utilization transport system ATP-binding protein	0.0183635962614386	0.0189788018480517	0.0019384481739799	0.0496102586262726	0.0208491823238677	0.0265232890376359	0.0308894768124977	0.0093502043340753	0.0170028527278092	0.0119334990636543	0.0033920143256105	0.0035129648523435	0.0054924498121792	0.0250378389491499	0.0
K16921	ytrB; acetoin utilization transport system ATP-binding protein	0.0003254179956417	0.0014433245742351	0.0003470738575026	0.0068002593181273	0.0034029867167362	0.0041276717401184	0.0043744906895315	0.0009412980216022	0.0008828594292942	0.0012574103199173	0.0006073309116522	0.0006289867735131	0.0009834081555757	0.0044829567611137	0.0
K16922	yydH; putative peptide zinc metalloprotease protein	2896.222093755746	4789.116012274847	1135.3221258386116	285.3386656576306	79.02632492794733	117.40452562684688	283.01842017387185	1338.9231263936497	672.3537946896467	106.8330632037438	16.29950762620359	113.73615770063364	56.00644199881568	201.39154414462223	37.21861887313407
K16923	qrtT; energy-coupling factor transport system substrate-specific component	12755.80945724947	14253.769760296504	18499.61583459784	6086.374096215908	26387.701897560888	18145.239303798087	5124.677225174206	22643.689530037347	3623.237179849141	2568.8875505431	1441.3216903677403	1610.0357019927155	2237.365159314466	8334.534053256208	385.300528491166
K16924	mtsT; energy-coupling factor transport system substrate-specific component	8066.247493635286	3336.300359608328	4079.983402971331	9163.149719490586	61865.43498510969	27218.413678322187	2395.281027098766	5391.271966074271	1612.3953463236414	1438.4909456456708	4244.038642533336	586.2859040020353	1119.4764956158156	32399.209638493143	155.54471952665352
K16925	ykoE; energy-coupling factor transport system substrate-specific component	2489.5045127644457	7237.058331667602	17132.08879953951	1746.9214221466698	2117.8128763698382	2278.4088647864337	4215.916446131849	11542.668153035163	2270.871704396681	1973.1566312857096	370.2562000818575	449.67779362935255	531.5423093450736	459.5712418112462	106.56433383856768
K16926	htsT; energy-coupling factor transport system substrate-specific component	36418.89283378255	30495.061221603875	20860.492198049014	18593.088889146107	52568.25106369512	45045.00080970181	12120.01102190244	61465.34583096194	12154.362732985854	9682.167126173368	1512.892185064832	3014.016397116094	6655.714573092726	4088.160290797515	898.6848743359197
K16927	cbrT; energy-coupling factor transport system substrate-specific component	17630.266192358195	11933.843943097943	14209.021910464242	8145.163725535476	20631.53955434156	18641.738331239947	4881.284488512998	25618.547907746084	5508.862585381719	3524.5239403621244	620.724326225119	1285.7255725331404	2435.1739345425767	2033.7139859285955	441.01037529703376
K16928	mtaT; energy-coupling factor transport system substrate-specific component	133.95029331721494	63.54765730876547	47.1750553704483	50.64007049010917	23.047593254779084	102.74609947134977	327.3509023358943	204.6869047612021	7.293626281270955	9.28099595662479	7.882445321518356	19.267364922141567	27.686061919168	27.43044455423125	0.0
K16929	K16929; energy-coupling factor transport system substrate-specific component	188.56977313006615	176.87723795670462	960.3534718945136	113.32115337812536	3.785548715864764	7.410344892678351	66.6682222261027	679.5560857011927	141.65322349928826	2.5231510986344383	2.558446472297483	43.01446359322991	4.72905002222315	15.51924039170013	0.4944494526093446
K16936	doxA; thiosulfate dehydrogenase [quinone] small subunit [EC:1.8.5.2]	0.0583165297892992	0.2586509709243915	0.0621973683730196	1.218640426809957	0.6098322124065947	0.7396993873013911	0.7839305755232628	0.1686853058298804	0.1582128182759719	0.2253342081903644	0.10883673206666	0.1127175706503805	0.1762316521143053	0.8033682371746304	0.0
K16937	doxD; thiosulfate dehydrogenase [quinone] large subunit [EC:1.8.5.2]	723.6507082287877	327.4659131701097	7165.168265922295	761.7815610010412	535.5698287418134	316.12369207347365	200.72666706456815	1884.6681495415448	791.1257387839156	169.50263492181963	34.73325805452336	101.49102920909456	65.94129773753248	215.38643156923007	4.271661037496768
K16950	asrA; anaerobic sulfite reductase subunit A	7704.390662153895	7199.318481744049	3778.1112068783978	19507.030159171183	171267.41858176258	72308.16670293805	3062.120524447091	11993.967593903206	2222.2785434032485	1068.0030608918462	11210.14324382629	1478.010200624858	1742.3324781256	90465.37103502345	350.75520815135303
K16951	asrB; anaerobic sulfite reductase subunit B	8005.398473329039	7245.283730621539	3814.949473890236	19507.88560648464	171327.86464078494	72379.60520277539	3142.640710650817	12103.452109313028	2270.453677910732	1107.9708549430025	11220.560203736117	1705.9075823296089	1794.5870024134942	90454.762598928	357.39748102437466
K16952	sor; sulfur oxygenase/reductase [EC:1.13.11.55]	0.0954344672888618	0.4232799467509739	0.1017854241137891	1.9942939055097848	0.9979848344352372	1.2105112776096487	1.2828952123320845	0.2760519591871735	0.2589138291491292	0.3687573694508619	0.1781103159562181	0.1844612727811453	0.2884014858176777	1.314704767731588	0.0
K16953	dddL; dimethylpropiothetin dethiomethylase [EC:4.4.1.3]	0.0082635617791894	0.0232105007068719	0.0015665232519655	0.0298261775665124	0.0143919414753002	0.0434426889122767	0.3692514726978348	0.0326691770226355	0.0223939125781117	0.0167725390803317	0.0200664381475368	0.041901666583041	0.0377286977655136	0.1180598496161988	0.0044158811948944
K16956	tcyJ; L-cystine transport system substrate-binding protein	2.8508679034543826e-06	1.2644438101338554e-05	3.0405869796200934e-06	5.957458187578827e-05	2.981232057401245e-05	3.616102071027824e-05	3.832331114986678e-05	8.246367297785133e-06	7.734408188684619e-06	1.1015711394371964e-05	5.3206037342544366e-06	5.510322810420147e-06	8.61527876231075e-06	3.9273542686625e-05	1.3649498714281607e-46
K16957	tcyK; L-cystine transport system substrate-binding protein	1548.9482062512652	1244.5875260737007	791.6398181338227	766.7372948821805	576.2979285486199	527.2655089095362	434.4710137657789	2507.5933437872463	905.3877569463976	527.4870996626468	120.7157437588875	129.771516098847	861.3521047560675	212.2960837245085	25.04189073293533
K16958	tcyL; L-cystine transport system permease protein	1358.856831574514	1171.3556685574213	721.932421190151	695.0713979148087	404.25964410284894	371.9045124815708	299.940034568376	2299.1284623420106	862.0060729333261	465.6212301908982	80.42666467508369	93.81087869208424	833.9792467768375	109.51316382202702	16.25094238692524
K16959	tcyM; L-cystine transport system permease protein	1568.9926058344122	1332.0514529692175	841.176688421441	779.200388913783	513.3771458640621	443.22155850575257	373.13985240048015	2439.1619067066595	897.6814289633581	530.4598669985153	94.67495280649776	106.79506796040266	863.698469323066	172.0622047625742	27.966885094551976
K16960	tcyN; L-cystine transport system ATP-binding protein [EC:3.6.3.-]	2462.854229290841	1957.509143720868	2106.422664753968	1266.0603748521223	964.4314223528048	785.4533853350069	604.9952701401292	3919.80415459284	1209.5807038070818	736.9631185120495	136.52151360804356	236.31365053815043	973.7392545109406	349.2210297012056	62.471878866050446
K16961	yxeM; putative amino-acid transport system substrate-binding protein	881.7612389790713	888.3281709702304	675.71621173553	734.4160225078275	3325.7238827865003	3428.049173699432	232.3974742341545	660.3723154230821	277.8871319624451	354.8631302917746	277.1719638537496	97.52763263812594	104.96696028011291	429.52703582768766	122.46996658670456
K16962	yxeN; putative amino-acid transport system permease protein	1023.4275270628513	1360.8697833695123	1016.216692965432	1132.472427573413	4801.722595670256	4947.049067304031	340.47319190444864	886.3532307964958	350.1407011191522	494.0238667317669	401.7006855104476	124.31530737859144	155.19403897655224	704.2130122339536	169.3052280800943
K16963	yxeO; putative amino-acid transport system ATP-binding protein [EC:3.6.3.-]	555.755839397417	849.0154394303314	648.115813420538	731.1446330279241	3258.9875174924805	3302.318332452332	322.689955391482	564.3788718777945	235.31965130354973	332.1203696327425	286.47618962646976	88.84975334136465	109.93627102792055	567.5160993378983	107.20442710933976
K16964	ddhA; dimethylsulfide dehydrogenase subunit alpha [EC:1.8.2.4]	3.7431180411855673	0.0	19.71001529861337	0.0	0.0	0.0	0.0	0.0	0.0	0.0	0.0	0.0	0.0	0.0	0.0
K16965	ddhB; dimethylsulfide dehydrogenase subunit beta	3.7470877475448616	0.0094718361293481	19.72951721082884	0.0258395776071045	0.0516809795277933	0.1013406196042542	0.0175517209939249	0.0167161853723453	0.0068265814322073	0.0236814146369545	0.0025066068647388	0.0142077541940221	0.0279302409746378	0.0018808673053462	0.0034132907161036
K16966	ddhC; dimethylsulfide dehydrogenase subunit gamma	3.7431180411855673	0.0	19.71001529861337	0.0	0.0	0.0	0.0	0.0	0.0	0.0	0.0	0.0	0.0	0.0	0.0
K16967	dmoA; dimethyl-sulfide monooxygenase [EC:1.14.13.131]	0.0	0.0	0.16601097673515	0.0	0.49803293020545	0.0	2.15814269755695	0.0	0.16601097673515	0.9960658604109	0.0	0.83005488367575	0.0	0.83005488367575	0.0
K17045	HMGN5; high-mobility group nucleosome-binding domain-containing protein 5	11.08833296707816	2.603140833567376	75.48535630635624	1.3280572818198986	0.3408500013331692	9.284690291219675e-06	0.2174298726546695	18.35129034651411	13.03921170963383	2.6031404153761097	1.3661162451871294e-06	0.6874994781543016	2.212055785743948e-06	0.1703865389969743	9.310771931104772e-13
K17046	DEK; protein DEK	0.001499920936372	0.0017091242558403	0.0001639257147232	0.006434955390788	0.0016072574112861	0.0036139192816054	0.0028810085789146	0.0004445824645769	0.0020109452407825	0.0005938847911969	0.0002868471698862	0.0002970754038968	0.0004644714123023	0.0021173357637099	0.0
K17050	clrA, serA; complex iron-sulfur molybdoenzyme family reductase subunit alpha	5.586694220651763	4.42766555015805	28.71279689249222	12.202664205912956	23.965178882195573	46.88296806553213	8.278169210063934	7.744631318901382	3.1843198256203245	10.968340376160343	1.1814743239244605	6.575074298731551	12.914631714568635	1.0606927918540856	1.5730703702390496
K17051	clrb, serB; complex iron-sulfur molybdoenzyme family reductase subunit beta	8.69331165390995	11.84014611701306	43.97462610275417	32.42423099114685	64.40974012611615	126.19022836768848	22.01381549929969	20.826403166762024	8.5266738859384	29.500969466750654	3.143097648049805	17.693795149014065	34.77231227669309	2.5326241216744854	4.244247400398088
K17052	clrC, serC; complex iron-sulfur molybdoenzyme family reductase subunit gamma	8.66143475787734	11.735248342400588	43.872150271699326	32.01426377537787	64.03078780659982	125.5572121379724	21.74592147577736	20.710724299194258	8.45787736850212	29.340381111845534	3.1055915297493084	17.602872513600882	34.604516972679704	2.330323775234015	4.22893868425106
K17060	aauS; two-component system, sensor histidine kinase AauS [EC:2.7.13.3]	0.0	0.0	5.19	10.38	27.87	83.88	93.57	5.46	6.56	19.13	0.0	103.01	3.28	35.79	0.0
K17061	aauR; two-component system, response regulator AauR	0.0	0.0	5.19	10.38	27.87	83.88	93.57	5.46	6.56	19.13	0.0	103.01	3.28	35.79	0.0
K17062	bgtB; arginine/lysine/histidine/glutamine transport system substrate-binding and permease protein	34.061951163025974	70.98486861380451	53.05122090532073	68.9241188295116	29.646961490041733	18.092815494725933	55.23100979910186	123.60015137572653	25.087219380271865	21.212650075141703	7.224720232355684	39.36351314811483	13.211884419417109	16.72052834396461	0.238148856789902
K17063	bgtA; arginine/lysine/histidine/glutamine transport system ATP-binding protein [EC:3.6.3.-]	0.3013970746490975	0.8465571143679581	0.0571358378055848	1.0878508452795772	0.5249176051542613	1.5844861698771235	19.338791868829983	1.1915436283918812	0.8167736771797391	0.6117451951506394	0.7318836499202502	1.528280427799882	1.37607964225338	4.305999550635028	0.1610605341501654
K17067	mdo; formaldehyde dismutase / methanol dehydrogenase [EC:1.2.98.1 1.1.99.37]	0.2725104199313519	1.3817587936318323	0.3069831271056885	5.694649795781231	2.8929067750179347	3.456580687924504	3.7323841998378384	0.7882585554050561	0.7393211102012242	1.0529762302509695	0.5085889655403306	0.5267239429808008	0.8235222791270683	3.754102249618773	0.0
K17069	MET17; O-acetylhomoserine/O-acetylserine sulfhydrylase [EC:2.5.1.49 2.5.1.47]	1.663355062655435e-07	7.377469192736061e-07	1.774047734680039e-07	3.47591280004948e-06	1.7394167683533945e-06	2.109835281962646e-06	2.23599534519332e-06	4.8113898145427e-07	4.512684365944726e-07	6.427179349270384e-07	3.1043364538328706e-07	3.215029125857475e-07	5.026633302831575e-07	2.291437143652184e-06	0.0016172195798194
K17073	lysX1; putative lysine transport system substrate-binding protein	10522.495498992706	7687.945962247984	4382.412887570548	7634.761342240595	9950.083284360542	8817.018250294459	3498.0888801340006	17727.86729727594	2861.565911725083	1729.125441556639	373.7661383793967	906.2573170438292	2582.887602908316	699.7689681999734	277.5482432212245
K17074	lysX2; putative lysine transport system permease protein	10989.965778974709	8361.02146802584	6548.220339065222	6515.291345350419	12156.477121275504	10838.644031402546	4770.722494724851	17646.71559557782	3643.004539981641	2904.576500742592	596.4615671112161	1323.8645139145522	2669.84799306466	1408.6774277197185	251.7749098871642
K17076	K17076, lysY; putative lysine transport system ATP-binding protein [EC:3.6.3.-]	12350.029634284076	9387.71042845744	6656.831215292994	6212.727064690424	11461.333004902854	10315.982078559411	4858.542657235851	20478.55560692656	3962.002447141216	2856.719124604984	579.9262294274806	1281.0274500599471	3294.9973562436107	1301.883058643881	306.8685379381907
K17080	PHB1; prohibitin 1	1.7018885799203272	4.780225179260707	0.3226269862728965	6.142730258392513	2.964034334610773	8.94706400417167	76.04769968390633	6.728248759540646	4.612048060486676	3.454320725110339	4.1327024393977805	8.629688957719805	7.770261973970647	24.314540772832157	0.9094550239585568
K17081	PHB2; prohibitin 2	2.586908934171385	7.266049828102988	0.4904002782798006	9.337088204907266	4.505398879728242	13.599738596329503	115.59421460169236	10.22708950088734	7.0104168235615845	5.250645224788831	6.281800694173812	13.117321384746944	11.810973032240376	36.9586490547216	1.3823920992616223
K17095	ANXA7_11; annexin A7/11	0.0	0.0129227055900381	7.074569782850711e-07	0.0	1.8701859552141628e-06	0.0	2.99274387343937e-06	0.0	0.0	0.0	0.0	0.0	0.0	0.0	0.0
K17103	CHO1, pssA; CDP-diacylglycerol---serine O-phosphatidyltransferase [EC:2.7.8.8]	21009.462830788776	20641.66170396013	84470.19118778192	22870.321256427527	64991.6867735431	28317.074260895755	4504.692968041953	33807.524562105755	19626.06860054477	6917.204304829362	4562.088901400102	4390.289786681783	1721.041402886491	36343.64349001889	878.8011638063379
K17104	E2.5.1.41; phosphoglycerol geranylgeranyltransferase [EC:2.5.1.41]	1.5885242100185244e-20	7.04557234017011e-20	1.694237051089276e-20	3.31953877963798e-19	1.6611640592420705e-19	2.014918221488104e-19	2.1354026083029405e-19	4.5949354866158694e-20	4.309668169122744e-20	6.138034041960929e-20	2.9646788732431285e-20	3.0703917143138804e-20	4.800495622195018e-20	2.188350196629797e-19	0.5014627667429592
K17105	E2.5.1.42; geranylgeranylglycerol-phosphate geranylgeranyltransferase [EC:2.5.1.42]	1.868162212104567	3.8696704406683686	8.258986390901942	143.96853682995405	4.47238205633116	13.981537778481515	14.046887630461327	4.848864913004928	13.827460296409232	20.20037428554563	0.7523047480069245	5.597921832681127	2.635891256200796	5.140491523545322	3.652386208204642
K17108	GBA2; non-lysosomal glucosylceramidase [EC:3.2.1.45]	7.334356086581249	24.540514641329068	9.361745583257145	175.0868381485187	12.714962326709667	60.12926145064835	331.70696991041655	37.16251786435807	32.17095028435718	33.63642661460082	17.42358637669961	40.90144483283412	36.59665190999253	112.89525162355496	3.829065856948056
K17195	alsE; D-allulose-6-phosphate 3-epimerase [EC:5.1.3.-]	2066.1199463938965	3661.101831209253	961.2249597681188	1180.500755797635	798.0052591429467	858.8508423003195	1898.0264123281447	2082.3231166536	1445.0995697131784	906.0219500496892	153.1770097634278	693.3363292023771	302.8136238244884	565.9543149379774	98.79799578414298
K17202	K17202, eryG; erythritol transport system substrate-binding protein	395.21954658931975	1831.102237744453	308.8195661668409	128.81172742107177	244.59548245174383	238.17131882690944	35.24683060892475	430.09094568144087	247.73301130504612	590.4085665406562	8.517918651747129	16.72671461844499	42.59108106852288	72.08896733370713	38.668716387044284
K17203	K17203, eryF; erythritol transport system permease protein	719.5528173778694	2526.188590492377	897.4137145003293	1787.7463619856596	1063.541133299609	1266.537213170891	1765.0129044127077	1109.2521997942422	958.6184281634088	865.3876131538248	65.91797632458719	1078.3048337917717	441.6606244391352	569.5835825099055	77.43549384223101
K17204	eryE; erythritol transport system ATP-binding protein	395.1766254740575	1831.0717104414584	308.81894283420195	128.76975656292555	244.5846548426293	238.15502756895103	35.22245141290944	430.078782483926	249.0430843916672	590.3937431789531	8.51682790483404	16.725584972899995	42.58931490127796	72.08091610446186	38.668716387044284
K17205	xltC; putative xylitol transport system substrate-binding protein	253.7028266724841	220.436070517996	61.72224775450554	378.7226241367849	220.28133595145343	262.6521065294386	85.90730984256808	580.3766013959961	430.1793868612571	627.3850254535296	17.854527902443323	40.07591732579776	206.42638742122853	34.4954834931284	0.690464793958937
K17206	xltB; putative xylitol transport system permease protein	5384.495807574045	5665.775339064354	3084.8760844443323	5197.518984756387	2330.250813480526	2725.040503869438	6664.987448502945	6547.478320319193	5206.068172135566	3961.0892206096514	512.2586857004136	996.5125757531096	1460.70676203007	650.0244125827203	210.0423954743725
K17207	xltA; putative xylitol transport system ATP-binding protein	2.703485256407451	0.420607051621362	14.578506630022682	2.746461342159088	6.183764998714317	18.613511650995804	29.011018142467265	1.7523767593330688	1.7999476521364957	4.369470489036719	0.3636321978732279	22.65111454413512	7.343051413508092	34.339966378253926	0.0800220035384622
K17208	K17208, ibpA; inositol transport system substrate-binding protein	9.078534416559988e-08	4.895035155974628e-07	2.0129461081996965e-07	6.829638581391827e-07	1.4409523560253689e-06	1.4547775353399272e-06	7.737492023047826e-07	6.454515382656811e-07	1.5974532946211986	6.829638581391827e-07	2.960431730557429e-07	0.8248867707073916	6.790006400690093e-07	1.9671477282561072	1.421228433536599e-07
K17209	iatP; inositol transport system permease protein	335.53769999127366	1672.7787622710848	764.7914168672916	1663.2461530238934	496.4717939675611	608.7518769727342	3026.304270312554	827.2398561318389	1709.1681486024818	1158.702022320804	188.47711807917025	351.97711647505764	151.3053882636757	242.5090711757841	48.0057423633082
K17210	iatA; inositol transport system ATP-binding protein	31.24447205191839	0.0669204711157017	0.0565784576126649	0.0263651938166723	10.00020418357627	4.1615672969969895	57.42964230262402	3.674353424581512	15.620009017770672	4.5848383041266425	0.2956594960207626	50.34950634770339	0.1877413502597539	43.65507053926234	6.64255693867397
K17213	K17213; inositol transport system substrate-binding protein	15328.5872885956	12384.070642030092	8184.17192620046	12091.30088605535	6540.265972462088	7561.08466061812	15500.903479265464	12932.53311090903	10503.516028464846	7653.771167569532	844.2817991625637	3738.356030464644	2350.205204621491	2096.90789063603	386.8548202143375
K17214	K17214; inositol transport system permease protein	19757.885661051507	14207.27929111848	9458.231070758637	13499.060013917417	8617.29634488442	9661.360519578106	18886.189312041774	15081.796532699413	13763.133004742072	9961.964071535687	1139.4154206528278	3945.288662537888	2870.0670381750438	2300.638036236993	465.7702813823411
K17215	K17215; inositol transport system ATP-binding protein	22027.45361860624	21786.608336649628	13201.83821929184	21316.6426598722	11200.83123422856	12639.97909599822	32445.031985034897	18402.422326701257	21545.547567787187	14903.981863465468	2028.405847517835	6303.0614038350695	3266.2691213958296	3866.511847004031	798.2198177949917
K17216	mccA; cystathionine beta-synthase (O-acetyl-L-serine) [EC:2.5.1.134]	1.3752581268144346	3.5147096447647783	0.4669441468020963	14.526101428418372	49.73210375018181	34.27130229498374	70.25315243903077	19.62819756831666	15.154403615179277	6.272430755801859	17.797087222899936	2.981445866601108	21.87256684996577	67.20525352106102	0.0
K17217	mccB; cystathionine gamma-lyase / homocysteine desulfhydrase [EC:4.4.1.1 4.4.1.2]	20.672926597996693	20.95078204278693	13.080530008198462	18.4012843768887	14.521499544229416	10.485907623104112	99.71812337180296	31.81924112802415	18.121007223468983	6.359818254875448	18.990533545247224	8.025435031182518	23.22290849602247	42.95098140658085	0.4206294277624012
K17218	sqr; sulfide:quinone oxidoreductase [EC:1.8.5.4]	85.33574286126225	176.93685623030615	2235.839211322723	392.73536711816575	668.9127280241185	959.3420873575916	870.5303402033293	566.6416205525015	281.8071173729765	273.62859554208706	59.70036411078837	424.5585602847121	240.29006771519832	453.29028087053126	66.24896148739829
K17222	soxA; sulfur-oxidizing protein SoxA	4.868780920499355	11.6170544757503	25.58675931497552	31.691825807882744	75.52982324658645	131.43263792910807	49.911030758133	20.50213215741525	14.90067023610166	51.33676252038767	3.0743129525579564	102.62547194627396	34.25599075957956	16.05914985079459	4.298349032420809
K17223	soxX; sulfur-oxidizing protein SoxX	4.857459884812251	11.59004215162923	25.531142646089886	31.61813502227974	75.3824364726986	131.14362895281275	49.8609757561359	20.454459983701582	14.881201800650768	51.26922650740315	3.067164467707736	102.58495346009236	34.176337700586195	16.053785885815987	4.288614814695363
K17224	soxB; sulfur-oxidizing protein SoxB	8.600577925997818	11.59004215162923	44.407168921438405	31.61813502227974	72.88046940290404	131.14362895281275	39.019118453692215	20.454459983701582	14.047212777385916	46.26529236781368	3.067164467707736	98.4150083437681	34.176337700586195	11.883840769491222	4.289146615706228
K17225	soxC; sulfane dehydrogenase subunit SoxC	3.8254385111883686	0.1964190626169802	21.114429739941475	0.5358396769851517	31.66171718506865	9.241517513168962	22.97941007545647	3.866043582497233	6.00156397001401	20.455226342347142	0.0519799291286076	82.15462859392547	0.5791941156906716	12.804786065888166	0.7317571478244742
K17226	soxY; sulfur-oxidizing protein SoxY	13.454039220457725	23.170543549072168	69.11522985213553	69.27134469154564	166.3229395279101	262.67894249904526	91.82220530851532	40.924222635875225	28.12616497375155	93.71857528521409	6.1318040902205615	197.4220775536588	68.34384977254406	45.51618498354824	8.623432155583071
K17227	soxZ; sulfur-oxidizing protein SoxZ	13.427548145554551	23.107335065203944	68.95453645897784	63.03780698450474	145.36399867390392	261.5089027103388	71.20301641898305	40.78052989261628	28.04199341902453	88.48467706809524	6.115076729505049	196.7208928304544	68.13815482439762	38.34082922054165	8.600654213880944
K17228	sfnG; dimethylsulfone monooxygenase [EC:1.14.14.35]	5.639246519352602	18.697325606867626	21.279984997608917	65.50697148113375	234.67148853289947	184.5783252703564	361.0997847595197	48.957576308191065	35.51591334061412	43.38415988201526	20.90207109218665	247.9505402298452	16.96160637501086	284.0186186834149	1.8826644628274185
K17229	fccB; sulfide dehydrogenase [flavocytochrome c] flavoprotein chain [EC:1.8.2.3]	42.80816647014011	0.0120456999687306	19.90971072229815	0.382649366057087	1.004895843822419	2.955490753918753	2.2689857249189926	0.2052512436184165	5.369742363410426	0.6747647224924136	0.0031877487975801	3.48932867494726	0.1460503346096371	1.208453517818164	0.5291916406493233
K17230	fccA; cytochrome subunit of sulfide dehydrogenase	29.566632763957735	0.0119624357054764	19.734645198014668	0.0326340407034607	0.0652703854199618	0.1279879243912203	0.0221669094611802	0.0211116714886903	3.4061407186566104	0.029908393276738	0.0031657139174354	0.0179436535582146	0.0352744396476972	0.0023774183280898	0.2689421866144415
K17231	IYD, DEHAL1; iodotyrosine deiodinase [EC:1.21.1.1]	6.473899530855408e-06	2.8713649549668e-05	6.90472350438827e-06	0.0001352850678171	6.769937251177113e-05	8.211633191697932e-05	8.702657382803505e-05	1.872628097419202e-05	1.7563697526461258e-05	2.501505199229036e-05	1.2082304472024264e-05	1.2513128445557123e-05	1.9564024369536904e-05	8.918440916392314e-05	0.00040488370482
K17234	araN; arabinosaccharide transport system substrate-binding protein	1035.4591209418547	984.0601767052278	686.625934525708	5042.003700919735	45945.75706856696	18062.366736609063	1318.4500562317162	1009.7981062065056	377.8644976296249	659.0180416811498	3175.493970658972	1861.8941212690304	701.2095565209215	25718.74122215317	95.69443937123616
K17235	araP; arabinosaccharide transport system permease protein	1025.6688089501044	1040.950413054602	666.6204082454601	5054.253831396036	45947.068838612	18054.56572648434	1214.6783463427764	1081.561948073274	378.61777970007154	659.8055483468202	3155.733445411096	1323.230999481512	549.8088474790654	25718.00493083131	96.57271171174976
K17236	araQ; arabinosaccharide transport system permease protein	1090.1479401944914	1011.7976857625904	606.0376539832803	5049.208192624325	45937.2192714383	18043.10601515206	1179.7557604870954	1207.733007874411	610.2598627450875	1456.8202536825636	3150.794094570249	1187.2036146865676	506.68714336312	25716.821482175204	95.69443937123616
K17237	inoE; inositol-phosphate transport system substrate-binding protein	104.8894481845928	22.689796247703768	0.7051972822237729	5.38442761708483	3.767473200009393	7.64435767706534	3.334453128866261	143.73286006288967	19.94488741619441	8.672810390890803	4.566377433333191	18.88886058125693	2.211867881317718	9.41535072293469	0.0
K17238	inoF; inositol-phosphate transport system permease protein	109.06837737909042	25.72283489804344	3.2467522698329736	6.741796949890544	10.61038565763138	9.479714825555174	36.213842300360405	144.1823529832342	22.21854006783448	8.874067072033018	17.816254295132335	22.971482364276497	10.640990685199004	9.53903796812044	0.0
K17239	inoG; inositol-phosphate transport system permease protein	109.06837737909042	25.72283489804344	3.2467522698329736	6.741796949890544	10.61038565763138	9.479714825555174	36.213842300360405	144.1823529832342	22.21854006783448	8.874067072033018	17.816254295132335	22.971482364276497	10.640990685199004	9.53903796812044	0.0
K17240	inoK; inositol-phosphate transport system ATP-binding protein	121.2284257696608	29.434500574316104	5.289151779452007	17.244319286832525	14.766109140852432	15.122416213843543	43.39993319720644	150.4851678782393	25.83860265423151	12.853938614196856	18.695367061316265	25.230154820120035	12.33271914616959	14.713786774878873	0.1343284502265308
K17241	aguE; alpha-1,4-digalacturonate transport system substrate-binding protein	474.6407708543269	184.25380052171465	207.96125813372424	216.8236058523921	50.19561632106596	64.38884763933166	82.66414359089342	558.4269402203959	222.96436157931845	530.0430686770472	50.95965083608858	112.67790067533105	297.74720652616867	34.910345973236005	1.8144899976012283
K17242	aguF; alpha-1,4-digalacturonate transport system permease protein	892.1667756687164	278.79570988209343	244.5630673390583	240.2070455989196	127.28938827838688	190.259728428266	495.23495134464537	937.6054853172416	413.0532895525157	616.8454315322722	56.75765782774895	287.87534565038163	327.8273853260141	177.44842900685828	24.171933201050106
K17243	aguG; alpha-1,4-digalacturonate transport system permease protein	1037.981314793362	1232.451437597368	688.2017589112944	1204.3126829460462	458.3886932966283	503.27347724345697	2178.8913015479948	1249.8008607054887	1475.9749087072778	1328.359854129766	170.54886915082707	509.3518326520936	417.072441168962	350.76420975923804	57.03672935859724
K17244	chiE; putative chitobiose transport system substrate-binding protein	402.3672039853248	117.4900040779113	241.4135212004001	200.2084083270865	58.28862793545284	75.05765437499414	434.92528864572415	509.819227423138	441.7010904228281	1053.8991142894863	22.236045593594294	63.0254838692274	195.59072725192607	77.68669738326282	3.5345474905204477
K17245	chiF; putative chitobiose transport system permease protein	5513.291041616747	1059.683264756547	1503.4150647278864	501.871123198572	1278.986589416153	1313.50237938519	601.381828273474	2886.079464671277	1288.3630909437113	1378.878922577223	40.3833203416322	272.6289654658517	344.21084384389985	179.6512246618545	42.18886669940453
K17246	chiG; putative chitobiose transport system permease protein	946.2104440872783	617.2207259049098	649.4039308984838	2699.7755187939733	642.5367050516961	703.7903203065156	1469.2505223086778	1930.2051551939091	600.4108320862676	1265.9666227385178	137.75739050701418	279.2320528756597	598.6986623815386	285.3853437751332	78.9219221831484
K17247	msrQ; methionine sulfoxide reductase heme-binding subunit	27.418629545967747	89.25531844955061	77.51761739047839	147.12759090967845	455.0224513869148	357.77904102773294	775.0693265461091	179.22292765380186	265.59688461063666	200.4835372488738	69.71052040706235	945.2007639719288	148.84776212179656	579.3494333290544	69.5967071533438
K17248	pglJ; N-acetylgalactosamine-N,N'-diacetylbacillosaminyl-diphospho-undecaprenol 4-alpha-N-acetylgalactosaminyltransferase [EC:2.4.1.291]	7.758849825863177	23.291631483766583	38.05186995875553	50.54486610288975	100.89092486502592	197.75798301754725	48.09748059464414	32.62599179180849	13.3387094001532	46.21793120461669	4.9305159476688925	27.81940883864019	54.51756539398374	3.7618802203487407	6.773681709787036
K17249	pglH; GalNAc-alpha-(1->4)-GalNAc-alpha-(1->3)-diNAcBac-PP-undecaprenol alpha-1,4-N-acetyl-D-galactosaminyltransferase [EC:2.4.1.292]	571.6739396300044	211.65575755086067	3835.381383874306	50.71576463592081	11.26123622927098	3.163244045275313	25.242917409079197	1041.7205765917593	698.6050946743726	52.40503312948637	0.0321128204592365	1.600571203205554	2.671581757845698	1.1444243074884293	0.066072019058948
K17250	pglI; GalNAc5-diNAcBac-PP-undecaprenol beta-1,3-glucosyltransferase [EC:2.4.1.293]	0.1729882567530103	5.256060432130257	0.1425624807999825	0.6917718265104736	0.5633711752091743	1.380546447786606	27.92304115513248	0.6898773563985098	0.4457759059185591	0.4425861013249101	0.3783072763154413	0.8424973625054699	0.8472162278693705	2.1504230680160963	0.1027393085753768
K17251	pglB; undecaprenyl-diphosphooligosaccharide---protein glycotransferase [EC:2.4.99.19]	9.180065370060202	25.5728443126879	45.098758642437296	59.75480050621906	119.51381979247952	234.3532312991012	53.58888277819356	38.65668151923788	15.786674914873748	54.76398371725711	5.796603776867057	32.85585896232943	64.58952243364968	4.349562222670987	7.893337457436874
K17266	MVP; major vault protein	0.0199971218627536	0.0561674521874709	0.003790854017607	0.0721768316659274	0.0348272833450457	0.1051276395624205	0.8935573902449101	0.0790566503323969	0.0541913778555057	0.040588128569674	0.0485590862281985	0.1013984956249406	0.0913002633852143	0.2856948689872393	0.0133159785006443
K17272	BASP1; brain acid soluble protein 1	0.0	1.1226237085445387e-09	3.933343138159813e-06	0.0	1.0397922869961903e-05	0.0	1.6639158196442617e-05	0.0	0.0	0.0	0.0	0.0	0.0	0.0	0.0
K17276	LCP1, PLS2; plastin-2	0.0	0.0	0.0	0.0	0.0	0.0	0.0	0.0	0.0	0.0	0.0	0.0	0.0	0.0	0.1130998336484305
K17285	SELENBP1; selenium-binding protein 1	4.5875648410809164	15.61667358670617	14.552774510947232	43.71092640360204	173.11329922706608	76.40570970347	138.2882314591269	18.41736093558148	20.900940180591014	18.387298310442077	16.31317487946696	44.57089380391161	8.399015492340613	57.47063683761705	0.1157929496318804
K17290	HTATIP2; oxidoreductase [EC:1.1.1.-]	2.4772384738111822e-11	0.8540515842910481	0.318683758044959	1.371708713856833	9.106279053633314	5.177441596415217	0.2369186485929828	0.1534346871438709	0.3760150684140618	2.92807428854119	0.8911483144398483	0.2352215544916867	0.0556342165870077	3.4575240442058037	0.0177106970046487
K17292	TBCA; tubulin-specific chaperone A	0.2849688803688219	1.2389786433277614	0.3507453860939681	5.779876018662426	3.011176572494832	3.77093793414552	3.7209456157762806	0.8403417635557328	0.7610307933692185	1.1266940902852267	0.5168102761882298	0.5708405900529225	0.9100254293812098	3.763825099617789	0.0104934387603297
K17297	TSPAN15; tetraspanin-15	4789.212226121763	838.0106072744973	1215.3828344139097	237.94010637605044	1198.574325515604	1199.7109242088648	122.9561815429863	2010.553521134728	774.7180456529625	273.0623586187518	1.0963065540097465e-05	16.43986920469205	71.00423998153609	54.25905472006761	26.32318782681687
K17299	POTE; POTE ankyrin domain family protein	0.0	1.930256401084763e-09	0.0	0.0	0.0	0.0	0.0	0.0	0.0	0.0	0.0	0.0	0.0	0.0	0.0009210136966782
K17302	COPB2, SEC27; coatomer subunit beta'	0.0	0.1197966468526625	0.0	0.0	0.0	0.0	0.0	0.0	0.0	0.0	0.0	0.0	0.0	0.0	0.0
K17304	PMEL, SILV; melanocyte protein PMEL	0.0	9.117243886898685e-22	0.0	0.0	0.0	0.0	0.0	0.0	0.0	0.0	0.0	0.0	0.0	0.0	0.0
K17310	SAA; serum amyloid A protein	0.0	0.0	0.0	0.0	0.0	0.0	0.0	0.0	0.0	0.0	0.0	0.0	0.0	0.0	1.7776442585444436e-05
K17311	K17311, treS; trehalose transport system substrate-binding protein	13.07820906010239	11.594604416705169	1.0470073781010123	25.444662946092567	9.866085338930883	12.949260563558022	47.79404592152352	5.0520282691565495	11.251477549489664	6.330336782930901	2.6418312417361838	5.449573131412375	3.079560758162211	10.515254949649812	0.0
K17312	K17312, treT; trehalose transport system permease protein	15.53075703062826	13.338878068036369	1.0826020280087922	27.84247573697048	10.484560057421383	13.87988671166698	49.18680733615035	5.746986220003493	13.10704206564507	7.177278778196394	2.704116921602666	5.514079758793995	3.1804155712156748	10.975010915171746	0.0
K17313	treU; trehalose transport system permease protein	13.102457628802092	11.702153954724071	1.072869636458687	25.9513852462106	10.11965938305287	13.256834616316509	48.12001172375925	5.12216922647731	11.317263946708422	6.42403289357807	2.6870865918762696	5.496442171210433	3.152839558166185	10.849303116793363	0.0
K17315	gtsA, glcE; glucose/mannose transport system substrate-binding protein	119.5632251424595	47.72187029435315	581.6707787237425	1358.997262870644	1186.6285118307414	599.5178367844576	678.4321217655785	253.3315665013451	326.623771926212	701.422803118346	90.71363868889102	1055.2310140756276	174.04188115561644	457.8361616344376	51.0
K17316	gtsB, glcF; glucose/mannose transport system permease protein	7.101916639957288	15.816805942494543	549.427804454616	1311.295291335711	1181.680491418642	547.5132175332187	507.5967696888032	76.04565174749129	179.71322072829358	209.3317531563992	82.7230716513434	873.0796066448411	109.78658784423196	454.9435991332365	51.000000000881975
K17317	gtsC, glcG; glucose/mannose transport system permease protein	7.101917890031846	15.816811486943074	549.4278057878803	1311.295317458517	1181.6805044910202	547.5132333894329	534.4748327779163	76.04565536343364	179.71322411974742	209.33175798666807	82.72307398437023	873.0796090610577	109.78659162193794	454.94361635425673	51.0
K17318	K17318, lplA; putative aldouronate transport system substrate-binding protein	53000.31808530405	43201.81337241716	24370.64555728649	47741.19987304673	155635.8925154944	73768.2084034106	47478.91686506853	46763.45062325512	37315.5857783918	28425.215554683047	12514.555023186636	9514.98977690338	9850.483416225665	81314.59294717068	1560.0577209604965
K17319	lplB; putative aldouronate transport system permease protein	48332.39608936356	41188.11788835927	23700.60917259857	48391.49642486784	155377.81780803352	73528.43542663379	47373.561187450585	44047.79179342176	36135.2648508827	27526.194779992737	12459.442708948349	9050.853677909392	9918.676082966736	80842.02089823595	1459.7949527156188
K17320	lplC; putative aldouronate transport system permease protein	43539.18786068545	40396.16214194314	22501.14499475909	48104.26667620377	154160.62912446566	72289.74209901462	47168.43843377883	42254.410000661046	35353.839158453426	27246.660185131488	12454.971014759049	9033.76546246179	9819.799450712368	80808.41331748606	1418.6867117032843
K17321	glpV; glycerol transport system substrate-binding protein	0.0194326470534482	5.05108829545373	6.32601744184527	20.46428632361867	92.23360940901551	105.34095967889635	407.45954294368863	64.53896955754193	159.6044155317393	86.50494013430162	16.832225834333332	786.4561155997011	55.389292207504894	394.14807831382143	0.0397985056435811
K17322	K17322, glpP; glycerol transport system permease protein	0.0058134840409239	5.013871143906469	6.2185598090061935	20.407841079023736	91.93568482968536	105.21840948459251	406.55874728696574	64.48448021795357	159.56999726897112	86.46740455716125	16.80367083045599	786.3908067158598	55.32090277604161	393.9882232422687	0.0317026634285725
K17323	glpQ; glycerol transport system permease protein	104.63863781432548	26.60263650035363	6.659393100177907	20.613261939355898	93.11138861595498	105.5191605123804	406.5616446698638	199.48911877266048	178.84089150942714	94.18193945707615	19.10731938156565	788.4004702870488	56.78369684895728	393.98941200621886	0.0317026634285725
K17324	glpS; glycerol transport system ATP-binding protein	0.0058134840409239	5.014053493447318	6.218560427356364	20.407841079023736	91.93568646431451	105.21840948459251	406.55874990276254	64.48448021795357	159.56999726897112	86.46740455716125	16.80367083045599	786.3908067158598	55.32090277604161	393.9882232422687	0.0317026634285725
K17325	K17325, glpT; glycerol transport system ATP-binding protein	0.0169191313040393	5.045246777958115	6.220665724700374	20.4479253690807	91.9550282239246	105.27679341056933	380.1769516907768	64.5283852998159	159.60009311632834	86.48994567293072	16.830638715473185	786.4471196159436	55.37160749880846	394.14688739712216	0.0376372979380921
K17326	bxlE; xylobiose transport system substrate-binding protein	0.0	0.6157466039513583	1.810895595679035	0.0	4.787162489523758	0.0	7.660602504118567	0.0	0.0	0.0	0.0	0.0	0.0	0.0	0.0
K17327	bxlF; xylobiose transport system permease protein	0.0	0.6157466037445682	1.8108954260094252	0.0	4.787162040996526	0.0	7.660601786367948	0.0	0.0	0.0	0.0	0.0	0.0	0.0	0.0
K17328	bxlG; xylobiose transport system permease protein	0.0	0.6038279861100082	1.8108953145289008	0.0	4.787161746294066	0.0	7.660601314773677	0.0	0.0	0.0	0.0	0.0	0.0	0.0	0.0
K17329	dasA; N,N'-diacetylchitobiose transport system substrate-binding protein	0.1493080170378307	3.595239109684846	1040.6131472687646	2507.0389691034115	1877.8393981047104	762.8531881350358	119.93024439336948	0.4317339223759759	0.4049547256343172	213.59671617329477	99.41872609799026	187.84904916410963	76.81115179618439	12.776117956904647	0.0
K17330	dasB; N,N'-diacetylchitobiose transport system permease protein	110.23314974379944	144.0489845609925	1046.6749522954842	2510.007997798993	2010.601893567395	845.0659379930697	217.79390403723835	131.5891092914705	1.5087717095383155	213.7411140129674	103.73570688187144	203.1924060680808	205.42124415375133	13.099167993373348	0.1901502253908682
K17331	dasC; N,N'-diacetylchitobiose transport system permease protein	436.9031558864893	783.3424364841434	1664.807681385426	4214.015958823953	2646.9073733485093	1848.4361643232264	1628.4416536687163	812.7558297460018	582.3647867525015	449.908354071734	137.54214563255204	787.2842211527368	461.0945929473921	231.55568285526576	17.381901955554966
K17335	NFAT5; nuclear factor of activated T-cells 5	96.5731679532743	31.0704336282638	71.20917700162597	15.986046855090985	34.78843195257859	50.49037458806716	165.06227128818674	56.15614258967673	9.564674602103556	11.805461044526597	6.397609375318792	5.4341381529539285	17.439899828554964	4.748270314958781	0.8141115455482535
K17362	ACOT13; acyl-coenzyme A thioesterase 13 [EC:3.1.2.-]	708.7860512771931	96.15146223135986	35.96020800188062	16.194530656750683	22.31771731974453	42.73488979572278	59.46827946748215	245.91427718800784	98.3815601422766	39.42848373963457	0.0753338080674552	0.9112313245556026	4.384115556781897	23.56775922473003	1.455582965294542
K17363	urdA; urocanate reductase [EC:1.3.99.33]	2072.35714498202	2291.895346541489	10086.197009775147	1754.3876967472766	1695.2137462777905	981.1853770545002	629.198563818898	7567.144490941472	1733.072355663155	648.4473045019571	194.64690262637757	723.809826122182	121.16377343844069	624.2288138774394	21.80733831153688
K17364	dmrA; dihydromethanopterin reductase [EC:1.5.1.47]	0.0	0.0	0.0	6.0	20.45	0.0	0.0	0.0	0.0	0.0	0.0	0.0	0.0	0.0	0.0
K17382	LACTB; serine beta-lactamase-like protein LACTB, mitochondrial	0.0	0.0	0.0	0.0	0.0	0.0	9.068338767080605e-14	0.0	0.0	5.2295653097205765e-14	0.0	0.0	0.0	7.325150330507079e-14	0.0987859311238326
K17398	DNMT3A; DNA (cytosine-5)-methyltransferase 3A [EC:2.1.1.37]	4568.333420414343	5314.988765423181	1126.6907211859248	322.1719858288104	109.0494770485007	143.68360612473444	519.5759470803728	2560.2862653939965	1023.3383827899856	390.33427932970665	42.68407805309049	69.03840813686098	45.66557699221836	98.516001288879	86.65583072748294
K17433	MRPL52; large subunit ribosomal protein L52	3.7218040099361616e-39	4.4113060688761575e-39	8.673032570439671e-52	1.699317574015247e-50	8.503727374742126e-51	1.0314643603445696e-50	1.093141975670163e-50	1.006371584383442e-38	2.20617843143952e-51	3.1421440777822635e-51	3.4437425238873247e-40	1.5717757633225768e-51	2.4574397578415692e-51	1.120246574627542e-50	0.0
K17434	MRPL53; large subunit ribosomal protein L53	0.0083548942587125	0.0234670332575052	0.001583837148401	0.0301558294556907	0.0145510074731371	0.0439228364081789	0.3733326006025065	0.0330302509785378	0.0226414198415211	0.0169579164784849	0.0202882211510628	0.0423647820297985	0.0381456917456129	0.1193646984314789	0.0044646874348168
K17446	IRS4; insulin receptor substrate 4	3.0919388110763207e-05	0.0001371365851865	3.297700633322636e-05	0.000646122402347	0.0003233326627282	0.0003921881587244	0.0004156395074273	8.943684506573404e-05	8.388433862657605e-05	0.0001194720581427	5.770516818532812e-05	5.976278640779127e-05	9.343791320935336e-05	0.0004259453436411	0.0
K17452	AEBP2; zinc finger protein AEBP2	1147.4345402740362	1864.5198108052707	366.0125516795924	45.090550558263615	20.482409989673407	26.21484128974308	1.5850227490644122	502.3819712824904	222.35058164347305	14.379182452186235	0.2202417919137735	0.0680764210866018	6.532397668107548	14.67073543763801	12.28538184012084
K17459	PPP1R16B, TIMAP; protein phosphatase 1 regulatory inhibitor subunit 16B	0.0046588841681888	0.0206635222959963	0.0049689228056441	0.0973566947775001	0.0487192507835747	0.0590942872830169	0.0626278991644435	0.0134762014059536	0.0126395585768494	0.0180018594879093	0.0086949228593471	0.0090049614968024	0.0140790759830116	0.0641807661553531	0.0
K17462	yrrT; putative AdoMet-dependent methyltransferase [EC:2.1.1.-]	1062.2356346380827	993.4525664481456	633.3618441989195	763.7147115088237	347.53173415634456	299.51766068278374	532.9489122965261	2042.5042870067696	421.7786354019876	421.5007190755984	64.93073168683594	170.71413720755407	390.6035654282466	269.99316082849	57.34546233462808
K17463	dgaF; 2-dehydro-3-deoxy-phosphogluconate aldolase [EC:4.1.2.14]	209.87207131533927	82.7153733010999	53.84739248910733	50.27424266558383	14.803981809597598	14.579242215617777	14.058206276274406	243.18249092987335	40.68197366745972	23.289425645104536	5.4818047951840185	4.568561505051715	7.976506532996073	4.881249680820386	4.263045517551116
K17464	PTS-Dga-EIIA, dgaA; PTS system, D-glucosaminate-specific IIA component [EC:2.7.1.203]	338.0112503928651	817.493524751476	306.09828869314555	267.70669463632186	635.532788013888	492.1431621483399	336.0794805540643	931.679248439847	254.7084430519876	348.8714481886309	56.91001324014535	134.41409265900555	88.79385762083271	327.7513286876395	27.89289678594367
K17465	PTS-Dga-EIIB, dgaB; PTS system, D-glucosaminate-specific IIB component [EC:2.7.1.203]	921.7731849071702	1854.5411562813324	588.7483673257395	533.6840705784604	1084.452050893656	920.9372870940316	560.6483110028777	2109.6207182824937	567.7711676040395	669.8903890756826	88.94437948062182	396.6712997750615	157.45640602732314	644.9262810450443	84.51144109275728
K17466	PTS-Dga-EIIC, dgaC; PTS system, D-glucosaminate-specific IIC component	736.0942072886938	1728.02617076895	441.38935417591057	408.1721676909448	861.5735379055247	796.1733571539846	360.9470848746504	1895.313848951705	525.3608397629284	561.3763801246345	53.8605132004002	310.7013397672563	135.08095740636176	530.2114758400303	83.21026675176519
K17467	PTS-Dga-EIID, dgaD; PTS system, D-glucosaminate-specific IID component	633.023495046419	1746.253710035866	464.706990822329	441.9126000471039	931.4909381551712	841.0637333844379	184.3741922632083	1913.4971721117995	496.3994566767811	582.6645000815495	63.00116941573925	166.3622426355331	139.35135755557553	429.2656397392938	61.060573699856334
K17468	dgaE; D-glucosaminate-6-phosphate ammonia-lyase [EC:4.3.1.29]	281.40674876356707	185.00827084585305	114.84703038961403	182.288157676355	259.8434675968157	170.77481899071535	57.53962941687177	386.689377496501	108.34179395220504	141.9998336753311	35.449923377716374	61.81566469591909	45.62046071453437	151.8715298420496	20.07382965334576
K17471	SULTR3; sulfate transporter 3	5.541872118247794e-14	2.457983369899743e-13	5.910671688802611e-14	1.158084925133341e-12	5.795290198089964e-13	7.029429606291076e-13	7.449762554169493e-13	1.6030315872949059e-13	1.5035105990032605e-13	2.1413711861276825e-13	1.0342852242077436e-13	1.0711651812632249e-13	1.6747451927158817e-13	7.634480395815517e-13	0.0
K17472	cymR; Rrf2 family transcriptional regulator, cysteine metabolism repressor	3.033179961373726	9.948919468101876	15.52170510141422	38.78202545905748	36.09893564141732	60.43649000271693	89.19822165359075	11.028033737429656	6.530479630731422	15.313689734310673	56.70928634395287	8.677590688945312	36.02969685454312	19.03908493425328	1.470268146445189
K17473	dgaR; sigma-54 dependent transcriptional regulator, dga operon transcriptional activator	0.1493784565504601	0.1565429101290776	0.0126286968159136	0.5667063675262687	0.121869301118726	0.3173424033518588	0.2368716316794291	0.0346673425128677	1.7932305298670803	0.0455166351150004	0.0218692366203078	0.022436592071071	0.0360596964588327	0.1565944172346737	0.0004453796227024
K17474	CYP134A, cypX; pulcherriminic acid synthase [EC:1.14.15.13]	0.0005986572269184	0.3032569408105099	517.4259937856702	1251.962451849923	930.7356540989836	380.4832722770544	47.13640019193777	0.0023488708273887	0.0016223876907338	106.51124597841124	49.57144425905168	93.78298275143304	38.18270727971805	5.368544295076934	0.000310912780996
K17476	penM, pntM, CYP161C; pentalenolactone synthase [EC:1.14.19.8]	0.0	0.2300419306562924	1.0588163321640756	0.0	2.7990160452791653	0.0	4.479093695369165	0.0	0.0	0.0	0.0	0.0	0.0	0.0	0.0
K17483	cyp121, CYP121A; mycocyclosin synthase [EC:1.14.21.9]	0.0	0.0226572681512802	0.5194092425393323	0.0	1.3730755370598122	0.0	2.1972485622878377	0.0	0.0	0.0	0.0	0.0	0.0	0.0	0.0
K17484	E2.3.2.21; cyclo(L-tyrosyl-L-tyrosyl) synthase [EC:2.3.2.21]	0.0	0.5788777732824243	1.2840189240371058	0.0	3.394346556287365	0.0	5.431764596636463	0.0	0.0	0.0	0.0	0.0	0.0	0.0	0.0
K17485	yvmC; cyclo(L-leucyl-L-leucyl) synthase [EC:2.3.2.22]	1.683745857877104e-05	0.0001885187149724	1.81410468524314e-05	0.000351852344146	0.0001765580087061	0.0002135699404513	0.0002271151351235	4.870371848290392e-05	4.568004618891249e-05	6.50596908028228e-05	3.142392002134275e-05	3.25444163735842e-05	5.088253970982146e-05	0.0002319527493456	0.0
K17486	dmdA; dimethylsulfoniopropionate demethylase [EC:2.1.1.269]	0.0	0.0	0.0	0.0	0.0	0.0	0.0	0.0	0.0	0.0	0.0	0.0	0.0	0.0	0.0004759896079896
K17489	E2.1.3.1-12S; methylmalonyl-CoA carboxyltransferase 12S subunit [EC:2.1.3.1]	35.04560685454109	4.011782672050824	14.607335856318354	0.4054012671289837	0.2214533540116682	0.2190384949661272	0.2550616677228336	25.87369630524526	4.569100001591505	0.1822210807707438	0.0244538911464939	0.0253258541545828	0.0395964630280382	0.2155649858131492	0.2637245635365151
K17490	E2.1.3.1-1.3S; methylmalonyl-CoA carboxyltransferase 1.3S subunit [EC:2.1.3.1]	8.134918374308015	1.9472772140302204	0.4682585098079119	9.174644605980504	4.5911769337534425	5.568893698625122	5.901892197204541	11.664846431651728	2.203838610702124	1.6964489542894574	0.8193871751011985	0.8486044191672075	1.3267759224975153	6.048230389914451	0.1113129941396151
K17495	CSMD; CUB and sushi domain-containing protein	0.0222112945262345	0.0623865690216055	0.0042105946880225	0.0801685801139566	0.0386835192201563	0.1167678519536409	0.9924961455472862	0.0878101637246574	0.0601916947144762	0.0450822315389727	0.0539357700343985	0.1126258001676472	0.1014094455337033	0.317328309706852	0.0118692690190404
K17497	PMM; phosphomannomutase [EC:5.4.2.8]	0.0	0.0	0.0	0.0	0.0	0.0	0.0	0.0	0.0	0.0	0.0	0.0	0.0	0.0	0.0428055937138995
K17498	SPN1, IWS1; transcription factor SPN1	8.20233402621898e-05	0.0003637976517795	8.74818159556924e-05	0.0017140416061559	0.0008577409404506	0.0010404016623686	0.0011026136953136	0.0002372591834134	0.0002225294247476	0.0003169369730655	0.0001530809933235	0.0001585394687301	0.0002478732671262	0.0011299531455608	0.0
K17526	OVGP1; oviduct-specific glycoprotein	9.021861365813532	9.627154579499308	5.059833667169171	2.6018630938140164	1.0130449427044552	0.4038778272273282	4.115369470465341	13.295718274954222	12.534232832361996	3.4455836345142097	0.1746025190452184	0.5967801961595395	0.3277570568158653	1.4008983156205508	0.0379777220743506
K17550	PPP1R7, SDS22; protein phosphatase 1 regulatory subunit 7	0.0003748618797695	0.0016626227506207	0.0003998081248879	0.0078334880831847	0.0039200351995004	0.0047548285844518	0.0050391491093732	0.0010843184781632	0.0010170007487903	0.0014484607565611	0.000699608534971	0.0007245547800893	0.001132826809571	0.0051640954738309	1.4234083851142677e-05
K17560	URI1; unconventional prefoldin RPB5 interactor 1	0.8309503649726736	0.5911479084644127	0.0121075213306843	0.8133078882445711	0.2100083947835361	0.3158638710611258	0.4724662326401883	0.2355776422076689	0.6287744027687356	0.2871127168188199	0.0211864760443896	0.0219419314143264	0.0343057679598107	0.1563860067141591	0.0
K17570	HYDIN; hydrocephalus-inducing protein	3.198721378121351	628.4408769283369	281.4390038531095	4719.700517498111	45738.634220472784	17829.00068780046	375.7853358204776	14.391922970119175	6.396757681412413	0.0001902848590329	3097.428053571952	201.4847501673761	167.90396906063734	25496.718289121043	47.17301350920116
K17572	ARFGEF3, KEPI; brefeldin A-inhibited guanine nucleotide-exchange protein 3	0.0014541887503169	0.0040844916416256	0.0002756705342065	0.0052486921549259	0.002532636646017	0.0076448716894505	0.0649794062152973	0.0057489918969407	0.0039407917090523	0.0029515647485438	0.0035312120115765	0.0073736887062477	0.0066393462432732	0.0207757029914558	0.0007770892174514
K17576	PPP1R37, LRRC68; protein phosphatase 1 regulatory subunit 37	9.718053457354041e-10	4.310242689888226e-09	1.0364768838948602e-09	2.0307814706774587e-08	1.0162439468871185e-08	1.2326587700158365e-08	1.3063670398966866e-08	2.8110260083165722e-09	2.636509118769018e-09	3.7550414760212925e-09	1.813690190704043e-09	1.8783617288634995e-09	2.936780741776746e-09	1.3387585823455342e-08	0.0
K17582	MKI67; antigen KI-67	0.0	3.1771311642716065e-18	0.0	0.0	0.0	0.0	0.0	0.0	0.0	0.0	0.0	0.0	0.0	0.0	0.3547244870528907
K17586	PHRF1; PHD and RING finger domain-containing protein 1	0.0018631870489531	0.0052332765788318	0.0003532043340314	0.0067249146610911	0.0032449541351043	0.0097950323983655	0.0832552088459096	0.0073659263589972	0.005049160278078	0.003781707988344	0.0045243841183913	0.0094475777628583	0.0085066975874256	0.026618979646309	0.000995649681323
K17591	RIMBP2; RIMS-binding protein 2	0.0	1.98645810694803e-27	6.959964683389729e-24	0.0	1.839889717564856e-23	0.0	2.9442626625948353e-23	0.0	0.0	0.0	0.0	0.0	0.0	0.0	0.0
K17592	SACS; sacsin	0.009902417297611	0.0278136800846283	0.0018772010619483	0.0357413987513232	0.0172461964972651	0.0520583793810318	0.442482584158781	0.039148230786193	0.0268351436342067	0.020098921694057	0.024046077166631	0.050211736664882	0.0452111715689515	0.1414738496827058	0.0052916526186857
K17598	SYTL; synaptotagmin-like protein	5.5909481130346734e-05	0.0001570372541492	1.0598759292461776e-05	0.0002017975004488	9.737277966127418e-05	0.0002939238866839	0.0024982760215023	0.0002210326231106	0.0001515123945552	0.0001134793908821	0.0001357652033035	0.0002834976611482	0.0002552642519241	0.0007987675424647	2.9876902107945486e-05
K17602	YLPM1; YLP motif-containing protein 1	2.228992655342047	8.422399723552006	2.377327282435517	39.08602361740255	21.84299314468189	27.784286661626133	25.809393576895552	1.6423520330314656	0.9977019086845116	5.353860071645016	4.159991640183821	4.308326267370963	6.73598136961952	30.70659222488492	0.0
K17619	MDP1; magnesium-dependent phosphatase 1 [EC:3.1.3.48 3.1.3.-]	0.0	0.0	0.0	0.0	0.0	0.0	0.0	0.0	0.0	0.0	0.0	0.0	0.0	0.0	0.0016925200324751
K17623	HDHD1; pseudouridine 5'-phosphatase [EC:3.1.3.96]	0.0450948035854154	0.1266612386357915	3.8671585431685855	7.879983269335661	20.799050017838127	62.59934328304341	51.582184491019575	4.237624715810141	4.999369049478343	14.314112248923394	0.1095038811473403	76.81351721519964	2.644469994083994	27.25305600355761	0.0240977559630263
K17624	engCP, engBF, endoEF; endo-alpha-N-acetylgalactosaminidase [EC:3.2.1.97]	426.58086428389726	1257.9124470866152	488.18302413800495	5179.58195180106	46026.07535259449	18024.026239061768	571.4841954398285	520.7880559218391	103.45292935504538	124.44828429781587	3178.202392422094	392.8533983358129	293.54274050833783	25616.55926091435	58.35094094868983
K17625	novS; dTDP-4-keto-6-deoxyhexose reductase [EC:1.1.1.-]	0.0	7.910262301867597e-05	0.2771523147897319	0.0	0.732661324270648	0.0	1.172432978337636	0.0	0.0	0.0	0.0	0.0	0.0	0.0	0.0
K17626	cloN1; clorobiocin biosynthesis protein CloN1	0.0	7.910468303817468e-05	0.2771595324918866	0.0	0.732680404505366	0.0	1.17246351126694	0.0	0.0	0.0	0.0	0.0	0.0	0.0	0.0
K17640	bxlR; LacI family transcriptional regulator, xylobiose transport system transcriptional regulator	67.65859927998339	12.485755257699587	15.139191293912807	10.087701051998613	11.06286736105277	3.5280800353743977	17.49497295559009	33.434406155967245	1.636036450996603	0.0104989848012152	0.8246938185511727	0.0063084095018813	3.5157138774295253	0.0004255711145324	0.9062170337494782
K17641	bxlA; beta-xylosidase	0.0	0.6646485047773794	3.8739298930575536	0.0	10.240861988587476	0.0	16.38782330154631	0.0	0.0	0.0	0.0	0.0	0.0	0.0	0.0
K17662	CBP3, UQCC; cytochrome b pre-mRNA-processing protein 3	7.34	0.0	38.65	6.0	20.45	13.2	11.5	8.0	0.0	0.0	1.8	27.929420272022558	8.0	66.4947700074576	0.0
K17675	SUPV3L1, SUV3; ATP-dependent RNA helicase SUPV3L1/SUV3 [EC:3.6.4.13]	4311.809000510259	3527.75391669817	1917.9049319362105	8349.857603985909	69034.46634829929	27201.64426549139	1357.660532662375	4653.835127033204	795.5985745634166	279.4980184990642	4705.6722671236685	655.6336826956477	1106.899409613986	38743.3747103403	257.5595934408974
K17677	IRC3; ATP-dependent helicase IRC3 [EC:3.6.4.-]	214.5398303072238	80.26808958231071	68.37327938992821	31.75870463402275	8.45176152957595	17.572913950490985	9.462692128139436	165.79711829346485	14.11244005302089	7.79771884057363	0.946055348712924	9.473724521615232	3.2230733679334365	0.7100544588874484	0.6138383772310307
K17679	MSS116; ATP-dependent RNA helicase MSS116, mitochondrial [EC:3.6.4.13]	0.0002642766426361	0.0007422941056922	5.009891820298653e-05	0.0009538698058503	0.0004602681114682	0.0013893389169954	0.0118090167533805	0.0010447916590847	0.0007161788330227	0.0005364019093796	0.0006417439652538	0.0013400555427943	0.001206599991981	0.0037756673841627	0.0001412241219525
K17680	PEO1; twinkle protein [EC:3.6.4.12]	8381.231546667035	3607.9786364186416	32724.673222288213	2002.9738736411075	1733.069104123865	1666.2654420209465	428.7616363148676	11421.35146588067	5240.994484343803	1116.0866766867175	157.8453029500747	647.3650125628151	946.520678338778	279.0198764522908	75.12379157369116
K17686	copA, ATP7; Cu+-exporting ATPase [EC:3.6.3.54]	33582.636346230865	38412.45174133938	61706.60879311802	34965.31377007107	90690.72241922322	53065.99177948659	23144.2090645056	63360.16386193849	18806.94856440789	12431.799605600412	6236.168070749012	6582.315183757114	7207.863225315825	39412.14805917608	1176.6939099971196
K17703	SIPA1L3, SPAL3; signal-induced proliferation-associated 1 like protein 3	0.1471332878754046	0.1094648855729607	7.213590268148279	18.79765937782988	43.48850941208036	0.0697274646547506	75.11211541915688	5.02196886481751	9.833333675438636	8.509547276181758	0.4655474869232981	23.0146982159292	0.3010950751920133	25.52611637470092	0.0012562230789384
K17713	bamB; outer membrane protein assembly factor BamB	206.4626804589872	257.2255063136354	1028.1388175048376	272.0928112917976	435.74303280775575	470.9267077967436	468.01588863179336	792.083602004283	247.9721146142423	157.04929785422237	51.26543517462345	277.1694311704933	122.73250233482108	365.8987415327098	71.20135271812394
K17716	capD; UDP-glucose 4-epimerase [EC:5.1.3.2]	10023.093884404112	8374.137778448283	26122.59690921856	7346.917804537759	10782.99516233924	9171.047158814896	3049.9204843530924	15641.9025138771	4621.403759224602	3301.153315372786	298.8072106295531	1514.929600797706	1939.070648768439	1575.275302615145	326.231627744128
K17722	preT; dihydropyrimidine dehydrogenase (NAD+) subunit PreT [EC:1.3.1.1]	372.7442470329233	2887.3437115354764	911.044766806061	374.58893810944346	1724.401062495182	1823.296351097586	158.89969302063977	2141.6978340028945	420.88441782390566	476.86712363327376	163.92276820070975	67.66288131773291	141.08847659140594	373.4983211082838	44.47462617160337
K17723	preA; dihydropyrimidine dehydrogenase (NAD+) subunit PreA [EC:1.3.1.1]	7915.056162431732	11027.422103298428	5748.802856001386	4409.519669219202	11819.972076521486	10827.46600811238	3760.184194598933	14116.793475444254	3756.799751891703	2215.620191311774	570.2627002319102	1171.398932067409	1940.3462347491595	1398.465646637268	220.9612155239215
K17725	ETHE1; sulfur dioxygenase [EC:1.13.11.18]	5.102635658760196e-07	1.4332164716529748e-06	9.67306546420027e-08	1.8417254119001248e-06	8.886825769923491e-07	2.682526245697786e-06	2.2800770200359005e-05	2.017276715203553e-06	1.3827932786561637e-06	1.0356812024420274e-06	1.2390749361103045e-06	2.5873702379348253e-06	2.329695157138145e-06	7.29003321590184e-06	2.7267458575383293e-07
K17732	PMPCB, MAS1; mitochondrial-processing peptidase subunit beta [EC:3.4.24.64]	5.2159242597874856e-11	3.709784782511563e-11	7.574951058315767e-13	5.1004457511577236e-11	1.315808857036292e-11	1.9797707247479098e-11	2.9626374275418386e-11	1.4781143809707088e-11	3.9463887463080076e-11	1.801386861925867e-11	1.3255109344941408e-12	1.3727752530752752e-12	2.14630646699688e-12	9.784135949139335e-12	0.0
K17733	cwlK; peptidoglycan LD-endopeptidase CwlK [EC:3.4.-.-]	2388.095621946518	1707.5288396719077	3747.843056348806	3633.993378042461	712.1485295038345	744.5088884081566	890.2245446709992	2411.36905339144	2717.8196136163897	503.4851366588911	89.92874595286071	541.2027108838715	216.67391186025532	1025.4173457343536	90.26042599927686
K17734	aprX; serine protease AprX [EC:3.4.21.-]	14248.943028464242	10039.70244998084	7034.040542826682	3508.4460172944937	4887.302627409541	4797.743291422647	5805.180325486282	9148.339499154208	4978.883124171649	3168.4522762010643	399.0898753048997	1420.9997410271242	1076.9913948638346	731.6935724721576	210.33140955800596
K17735	lcdH, cdhA; carnitine 3-dehydrogenase [EC:1.1.1.108]	1216.227359275784	647.6726560188007	312.5870765978855	427.941574641268	306.2149228998254	303.0836312012784	343.33931708441355	1897.435169792227	620.459790481371	207.58331050074656	39.11615906718259	185.7319114269566	173.02864142885167	149.41077918123165	59.79864903865534
K17736	cdhR; AraC family transcriptional regulator, carnitine catabolism transcriptional activator	4.0	13.33	19.44	47.88	198.04	155.88	218.82	15.46	26.06	36.13	15.33	146.01009769651267	9.95	86.79023298163163	0.0
K17737	dhcR; LysR family transcriptional regulator, carnitine catabolism transcriptional activator	0.149747433318966	0.4206071796359003	5.218387666275823	10.92049263785436	28.13080268125392	84.66724325507427	154.39028376022804	14.05201179318815	9.90580949546531	19.43394227360534	0.3636322752941646	103.76931743617456	3.963697463083742	171.91941137225746	0.0800220407062756
K17739	THNR; tetrahydroxynaphthalene reductase [EC:1.1.1.252]	0.0005223340907422	0.0041355491624377	0.5564286089390255	0.0018852922935427	1.4715854034663394	0.0027459826668853	2.3767722476355044	0.0020649963455695	0.0014155039046366	0.0010601807288506	0.0012683858370399	0.0026485756989624	0.0023848051928245	0.0074624823835332	0.0002791248314461
K17742	SOU1; sorbose reductase [EC:1.1.1.289]	600.7653166877267	313.71461949631845	138.24069602627227	184.95778559361852	53.78389627230743	73.27745706887205	62.148255279638256	912.6772677396468	285.74042907946955	80.46187314943035	11.888045153043352	18.199177616812594	72.37229694044593	14.745878649774328	29.899085245727296
K17744	GalDH; L-galactose dehydrogenase [EC:1.1.1.316]	0.0023281016047504	0.1615033223606282	0.0024830317174848	0.0486503353941104	0.0243456076255213	0.0295301407136417	0.0312959299444382	0.6739253466677287	0.0063161425662879	0.0089957501516049	0.004344959679454	0.5366087392167748	0.0070354870836367	1.3010178036566031	0.0012014329471399
K17745	spr1; sepiapterin reductase [EC:1.1.1.325]	0.0	0.0	0.0	0.0	0.0	0.0	0.0	0.0	0.0	0.0	0.0	0.0	0.0	0.0	0.3360591975990905
K17747	ptlF; 1-deoxy-11beta-hydroxypentalenate dehydrogenase [EC:1.1.1.340]	0.0	0.0296399782493356	1.0942540319169658	0.0	2.892696778379866	0.0	4.629005226500477	0.0	0.0	0.0	0.0	0.0	0.0	0.0	0.0
K17748	hphA; benzylmalate synthase [EC:2.3.3.-]	0.0930072166106302	0.2612365133303269	0.0176313763137897	0.3356966198984107	0.1619827447301988	0.4889518207496937	4.155962358929756	0.3676948639129492	0.2520457320422273	0.188776609534548	0.2258497738943313	0.4716074598788307	0.4246402773137279	1.328775448127555	0.0497011857350263
K17749	hphCD; 3-benzylmalate isomerase [EC:4.2.1.-]	0.0930072166103608	0.2612365133295711	0.0176313763137395	0.3356966198974512	0.1619827447297371	0.488951820748284	4.155962358917686	0.3676948639118812	0.2520457320414951	0.1887766095340015	0.2258497738936766	0.4716074598774616	0.4246402773124965	1.3287754481237062	0.0497011857348818
K17750	hphB; 3-benzylmalate dehydrogenase [EC:1.1.1.-]	0.0930071194210847	0.2612362403465862	0.0176313578895705	0.3356962691062729	0.161982575463458	0.4889513098107991	4.155958016082916	0.3676944796836561	0.252045468662553	0.1887764122690721	0.2258495378885916	0.4716069670642218	0.424639833578314	1.328774059600012	0.0497011337988874
K17752	rsbT; serine/threonine-protein kinase RsbT [EC:2.7.11.1]	3.948427972806356	8.963250818433965	19.390818075577315	171.24582010876875	107.6310281943798	94.25431953561478	352.1623886772321	78.88110913132296	177.06628321831474	98.79250537515334	18.18310141876763	704.9893000695552	53.49895310244219	327.2386345057656	51.34292301435727
K17754	cpnA; cyclopentanol dehydrogenase [EC:1.1.1.163]	105.22845303336376	0.604107748175596	0.1967885636191204	1.3905900833394658	45.97818503510166	22.30815095866938	193.41261925051788	17.791236055570256	51.08537756883179	16.77784309160479	1.0062520201656344	167.32708504138915	0.8110553989609774	140.3948658724901	22.35868011946679
K17755	codA; choline oxidase [EC:1.1.3.17]	0.0	0.2010644319402189	0.0	0.0	0.0	0.0	0.0	0.0	0.0	0.0	0.0	0.0	0.0	0.0	7.417814922553511e-07
K17756	FAO3; long-chain-alcohol oxidase [EC:1.1.3.20]	0.0	4.707056434130366e-20	1.6492140674742556e-16	0.0	4.359752014332575e-16	0.0	6.97664373653936e-16	0.0	0.0	0.0	0.0	0.0	0.0	0.0	0.0
K17757	CARKD; ATP-dependent NAD(P)H-hydrate dehydratase [EC:4.2.1.93]	0.0	0.0	0.0	0.0	0.0	0.0	0.0	0.0	0.0	0.0	0.0	0.0	0.0	0.0	0.0002705666072194
K17758	nnr; ADP-dependent NAD(P)H-hydrate dehydratase [EC:4.2.1.136]	3.5040253297612455e-05	0.0001554138349728	3.737210616114936e-05	0.0007322361153589	0.000366425699008	0.0004444580977087	0.0004710349884213	0.0001013567828061	9.506425103395638e-05	0.0001353950202478	6.539598075329812e-05	6.772783361683502e-05	0.0001058911041423	0.0004827143628669	0.0
K17759	AIBP, nnrE; NAD(P)H-hydrate epimerase [EC:5.1.99.6]	57432.70238299506	55976.95170417432	95817.2946680316	41037.51621583447	85788.96608010732	49905.14033572596	19230.671343670743	71875.58765071136	32458.11137734927	12712.465737419689	5445.645035560029	5958.001792676027	7059.560588549467	37751.08084895684	1670.611805164388
K17760	qheDH, qbdA; quinohemoprotein ethanol dehydrogenase [EC:1.1.9.1]	3.287034483698351e-06	1.4578965239226892e-05	0.6640474127200988	6.868915418366039e-05	9.132166094257917	10.114993523894436	43.13261497678765	9.508014608539988e-06	5.5240528246692655	19.806471123081728	6.134625854602805e-06	80.65618233394399	9.933367429643383e-06	4.4553013325023	0.000471542011345
K17761	SSADH; succinate-semialdehyde dehydrogenase, mitochondrial [EC:1.2.1.24]	0.0	0.0	0.0	0.0	0.0	0.0	0.0	0.0	0.0	0.0	0.0	0.0	0.0	0.0	0.0044338561720819
K17762	rsbS; rsbT antagonist protein RsbS	2.712743495686529	8.200177952799573	13.429666866469972	167.76084930969168	105.20716021275622	91.33132659811564	349.40846451575953	78.27482354349756	176.58110202864583	97.96986996178886	17.869983596026543	704.5555290786365	52.76685768846923	325.08410889780527	51.24708590150575
K17763	rsbR; rsbT co-antagonist protein RsbR	3.0706509178441066	9.594094898416612	13.799332720348596	173.46032813706665	108.17402948181716	95.81864336047865	355.73135141477803	79.43569821380714	177.51470582326505	99.29978850017834	18.53207600592999	705.534209417948	54.10951880933001	329.5534035171546	51.31833839710259
K17785	IMMT, FCJ1, MNOS2; mitofilin	0.0	1.6001213269433169e-25	0.0	0.0	0.0	0.0	0.0	0.0	0.0	0.0	0.0	0.0	0.0	0.0	0.0001365985197263
K17810	asl; D-aspartate ligase [EC:6.3.1.12]	7593.789826188175	10891.174230688704	22122.37525945872	2209.7864373257044	3867.215375687866	4210.115484212777	3552.9463273147458	17010.90869075119	2796.0947493138715	1921.0963763280404	442.7319076954962	499.6369695809644	1020.2036492801996	700.5256194455715	204.7767852018715
K17811	K17811; halimadienyl-diphosphate synthase [EC:5.5.1.16]	0.0	0.0642719141378817	0.0	0.0	0.0	0.0	0.0	0.0	0.0	0.0	0.0	0.0	0.0	0.0	0.0
K17812	CYP1C; cytochrome P450 family 1 subfamily C	5.5909481130346734e-05	0.0001570372541492	1.0598759292461776e-05	0.0002017975004488	9.737277966127418e-05	0.0002939238866839	0.0024982760215023	0.0002210326231106	0.0001515123945552	0.0001134793908821	0.0001357652033035	0.0002834976611482	0.0002552642519241	0.0007987675424647	2.9876902107945486e-05
K17813	CYP1D; cytochrome P450 family 1 subfamily D	0.000167728443391	0.0004711117624478	3.179627787738526e-05	0.0006053925013466	0.0002921183389838	0.0008817716600519	0.007494828064507	0.0006630978693318	0.0004545371836658	0.0003404381726465	0.0004072956099106	0.0008504929834448	0.0007657927557723	0.0023963026273941	8.963070632383646e-05
K17816	NUDT1, MTH1; 8-oxo-dGTP diphosphatase / 2-hydroxy-dATP diphosphatase [EC:3.6.1.55 3.6.1.56]	0.89536294292927	1.1732774977477582	3.40557135958051	1.29327875387821	0.6514371130204502	0.7788143443733471	0.8306331776203979	4.990279092803065	0.25635494307289	0.2636920937632451	0.1128119862393153	0.1168345721860849	0.1826685011184838	1.066600788638147	0.0
K17817	NUDT18, MTH3; 8-oxo-dGDP phosphatase [EC:3.6.1.58]	0.0121978609175034	0.0086756318836559	0.0001771463596175	0.011927805081362	0.0030771254781988	0.0046298540289778	0.0069283673401378	0.0034566900785432	0.009228949397326	0.0042126889321977	0.0003099814571358	0.0003210346004657	0.000501931133713	0.0022880993580687	0.0
K17818	ARD1; D-arabinitol dehydrogenase (NADP+) [EC:1.1.1.287]	1781.675304992521	1790.5053601052366	947.7478793523624	1868.4817801678769	636.4768649085255	840.556241117873	2072.4580106451317	2627.002111571698	1731.4608494297495	1148.2356199348378	139.76714842845067	421.3202778890829	359.66870933972314	220.8397933809761	90.68215502235115
K17828	pyrDI; dihydroorotate dehydrogenase (NAD+) catalytic subunit [EC:1.3.1.14]	61112.91231807474	48354.05478104448	96007.14151523182	33795.44963715083	90813.75286935932	53166.39887065891	17124.29554144921	72402.73773583776	30060.755142699607	13405.90175739813	5757.6009910047605	5499.329837158206	5879.717451847529	37771.98691885856	1470.3298163598188
K17829	ccrA; crotonyl-CoA reductase [EC:1.3.1.86]	0.0013354877795358	1.601393877476298	520.5209996527872	1251.968692945271	938.9165970221212	380.5140929899601	60.18162229334197	21.002471478863136	0.0022965970914629	106.51796689653776	50.84727571437666	98.18241562901486	38.18939628580179	5.360632760983779	0.0011482985457314
K17830	GGR; digeranylgeranylglycerophospholipid reductase [EC:1.3.1.101 1.3.7.11]	0.3804663536609047	1.6874802416057544	0.4057855643620464	7.950604764847137	3.97864274567781	4.825916934848317	5.114488270654248	1.1005298747568013	1.0322056934690818	1.4701163607472787	0.7100682215382662	0.7353874322394078	1.1497634430893415	5.241302679517574	5.291656404673803
K17831	lodA; L-lysine 6-oxidase [EC:1.4.3.20]	0.0013511232774473	0.0037950037313495	0.0002561324144418	0.0048766916572073	0.0023531362933483	0.0071030422223134	0.1087809263703913	0.0053415327082674	0.0036614885161994	0.0306578711448154	0.0032809377361795	0.0068510793041757	0.0061687832850884	0.0584049898288612	0.0007598886091732
K17832	geoB; geranial dehydrogenase [EC:1.2.1.86]	0.0	0.0023659145157765	0.0	0.0	0.0	0.0	0.0	0.0	0.0	0.0	0.0	0.0	0.0	0.0	0.0
K17835	griH; 3-amino-4-hydroxybenzoic acid synthase [EC:4.1.99.20]	183.4680214365508	320.0611597316593	30.23963842228872	401.6920207104555	303.08673026785493	274.07305928894425	21.853313388305825	461.1830824202283	128.4020838590393	350.5460928786719	7.865974487135971	15.15212495503673	306.0149204397332	14.288236229005374	0.2858777631450535
K17836	penP; beta-lactamase class A [EC:3.5.2.6]	21253.003190261177	19000.028896861804	83792.92495566132	25657.592018621595	86987.48626845908	38245.14832945658	6853.949744250285	37692.89096243562	18426.75292881802	6331.3643216040255	6116.178055769187	4920.981785935031	2044.697919338365	47991.07462160222	682.2685128275855
K17837	bla2, blm, ccrA, blaB; metallo-beta-lactamase class B [EC:3.5.2.6]	1410.5658195556591	841.6877494630096	1344.4539349729828	728.3891303225266	141.86363918101858	224.1444892024133	585.4145036177905	1996.457417699953	409.5014347877087	202.12934359163745	37.24429093773689	364.4769709704217	241.71364426474565	325.7415569278494	79.04575773381299
K17838	oxa; beta-lactamase class D [EC:3.5.2.6]	45.60725765849168	36.84800939169287	42.6483538995693	54.05297111178603	94.6966550012929	67.46931277891609	300.83648376942136	40.89458211156619	129.11517199131407	78.58200073210111	12.348778073633216	162.68420989451562	34.38057333831942	161.78842454759433	33.14102458196334
K17839	PAO4, PAO3, PAO2; polyamine oxidase [EC:1.5.3.17 1.5.3.-]	0.0011802669803227	0.0033151065258649	0.0002237431893906	0.0042600096025966	0.0020555704380176	0.0062048270019254	0.0527394036985774	0.004666069177487	0.0031984749775504	0.0023955861384786	0.002866046747284	0.0059847260551742	0.0053887097807334	0.0168622376073696	0.0006930038381272
K17840	aac2-I; aminoglycoside 2'-N-acetyltransferase I [EC:2.3.1.59]	0.0	1.182831763991322	2.343811338303176	0.0	6.195942906933948	0.0	9.914987396418166	0.0	0.0	0.0	0.0	0.0	0.0	0.0	0.0
K17848	AGAP2; Arf-GAP with GTPase, ANK repeat and PH domain-containing protein 2	0.0	1.4069090986726703e-05	0.0	0.0	0.0	0.0	0.0	0.0	0.0	0.0	0.0	0.0	0.0	0.0	0.0
K17850	ampR; LysR family transcriptional regulator, regulator of gene expression of beta-lactamase	9.78423906263453	24.681535456970213	19.15809123747287	52.57874146028969	273.3653928280688	131.98727727604506	625.8989862096768	104.90210387880524	264.24132378252386	125.7642220095903	39.99565340090613	1138.6750833741096	74.32822013294843	521.5645612200782	0.0800220035384622
K17865	croR; 3-hydroxybutyryl-CoA dehydratase [EC:4.2.1.55]	11429.491355265976	7601.195970154443	4898.490313518732	6874.456733048468	4550.43637532674	4546.194463656635	2931.60677962658	16447.714829149838	4311.698293535885	2127.437643459503	317.6770311855114	1140.6566984513454	4523.815291751194	811.384720665465	301.02158411233023
K17869	nox2; NADH oxidase (H2O-forming) [EC:1.6.3.4]	12.709936731924577	29.49830049342309	45.76073806126617	3.0852153019892862e-09	1.6841891518907413	1.8726868224356436e-09	1.631628778694411	35.02455621952964	4.0054522825377724e-10	5.704755331237379e-10	2.755404660828085e-10	2.8536553204946705e-10	4.4616326345022734e-10	2.0338763789015972e-09	0.0
K17870	nox1; NADH oxidase (H2O2-forming) [EC:1.6.3.3]	35.13134914655437	41.787334139196574	45.87769437656392	36.03601592785288	11.319214381438824	12.15769665947758	13.53973146018641	34.828535703708816	8.116124331229884	8.407978194791076	1.637677979638215	1.3982014913689391	4.10177500256798	6.776980489433258	2.3928289290304106
K17876	CYP105D; pentalenic acid synthase [EC:1.14.15.11]	0.0	0.4881127760868013	1.7252370348655506	0.0	4.560721246742371	0.0	7.298242472412313	0.0	0.0	0.0	0.0	0.0	0.0	0.0	0.0
K17878	NNT1; nicotinamide N-methyltransferase [EC:2.1.1.1]	0.0	1.557235615056548e-17	5.4560953722613877e-14	0.0	1.44233688389749e-13	0.0	2.3080832473824984e-13	0.0	0.0	0.0	0.0	0.0	0.0	0.0	0.0
K17880	hyg; hygromycin-B 7''-O-kinase [EC:2.7.1.119]	7.851847988211186e-06	1.00792555200694	1.0826393568192516	0.0001640800544574	2.8620529710812947	9.95945260640185e-05	10.703310280270353	2.271210896818768e-05	2.1302073415166623e-05	3.033943117127296e-05	1.465398367853318e-05	1.5176507133482467e-05	2.372816332028645e-05	0.0001081670299884	0.0
K17881	aadB; aminoglycoside 2''-adenylyltransferase [EC:2.7.7.46]	0.0096076024362844	0.0269858454461549	0.0018214970986332	0.0346776607768359	0.0167340254114835	0.0505094743247346	0.4293057055530326	0.0379829958300482	0.0260366266353477	0.0195010351044987	0.0233302527188583	0.0487166108323968	0.0438654086466193	0.1372612353775464	0.0051738186846834
K17882	aadD, knt; kanamycin nucleotidyltransferase [EC:2.7.7.-]	0.1136354509189297	0.5040066653109643	0.1211976437311223	2.374639830403573	2.8533175952357137	1.4413764626281562	1.5275652505487076	0.3286997847888633	0.3082931205080673	0.4390857008756818	0.212078996634794	0.2196411894469866	10.34340457716796	1.565441431702547	0.0
K17883	mtr; mycothione reductase [EC:1.8.1.15]	0.0	1.340540732378947	515.8044133266425	1251.96	926.4481021063924	380.48	40.25097246380924	0.0	0.0	106.51	60.97	93.78	38.18	5.36	7.040994539560641e-06
K17884	E2.7.8.39; archaetidylinositol phosphate synthase [EC:2.7.8.39]	0.0338834783742073	0.0951711283548907	0.0064232903618307	0.1222977052226033	0.0590119673297778	0.1781301392316654	1.5140595089771007	0.1339549921363597	0.0918228329175488	0.0687732457740161	0.0822793779713387	0.1718114115253823	0.1547007875035438	0.4840864591109781	0.0181066492837371
K17892	FTRC; ferredoxin-thioredoxin reductase catalytic chain [EC:1.8.7.2]	2.6372645816550992	7.407487603089938	0.4999461974317205	9.518839914818678	4.5930990205273	13.864465210235933	123.71539605434208	10.426165590071752	7.146878557338937	5.352852007760187	6.404079502345344	13.372657474415853	12.040880311385337	37.67807008987682	1.4093011443830672
K17893	AOX1, AOX2; ubiquinol oxidase [EC:1.10.3.11]	0.8800050866960514	2.471737881629652	0.1668225478302799	3.176256035421673	52.53262988092989	10.65135680548106	297.3224111983316	54.4790133753817	154.38477759425646	60.78614501856473	17.136919661709864	621.5394364422203	48.017813000646136	293.52613892087487	0.4702570172027808
K17898	oraE; D-ornithine 4,5-aminomutase subunit beta [EC:5.4.3.5]	1324.019217733548	957.6530667699752	438.31951623931184	695.8268660539769	2438.28592008898	2505.291891183688	206.66129648007984	2059.6375175336734	781.0704646046672	325.24176857933185	212.7729455735331	73.74352720747564	183.961083214426	365.59199371440747	63.48817656954462
K17899	oraS; D-ornithine 4,5-aminomutase subunit alpha [EC:5.4.3.5]	1323.482350403187	957.3723098663236	438.1964456813941	695.6601300890317	2438.237504378246	2505.22584993026	206.60475266353848	2058.82458892473	780.8145075171883	325.16940698075217	212.76230977570617	73.72727231640206	183.8965802216954	365.5784632612263	63.46156180382803
K17910	aphD; aminoglycoside 2''-phosphotransferase [EC:2.7.1.190]	34.086098725058264	119.54061671751955	72.19677354266236	256.0316390626353	158.69501135646954	147.58633136328515	82.10019479686416	278.1002164258617	294.4843613832169	841.2311086323011	22.86817363766361	13.907637961759448	85.74043294330112	3.932614063455131	0.8842369368221572
K17915	KIF14; kinesin family member 14	0.0	0.0	0.0	0.0	0.0	0.0	0.0	0.0	0.0	0.0	0.0	0.0822898915925662	0.0	0.1962407120127749	0.0
K17916	KIF16B, SNX23; kinesin family member 16B	13.004100539400792	134.73920584105235	97.62731044687776	86.10735986100613	19.93022754318308	17.647289293543906	17.650001568780517	61.95715722357974	16.636345681982117	20.29578373507058	2.8252892644083545	1.888500021795184	9.62535077594707	2.354262433514132	8.334576942149235
K17920	SNX5_6_32; sorting nexin-5/6/32	0.0	1.328280966953888e-20	0.0	0.0	0.0	0.0	0.0	0.0	0.0	0.0	0.0	0.0	0.0	0.0	0.0
K17922	SNX8, MVP1; sorting nexin-8	0.0	1.344660486837065e-28	0.0	0.0	0.0	0.0	0.0	0.0	0.0	0.0	0.0	0.0	0.0	0.0	0.0
K17938	sbmA, bacA; peptide/bleomycin uptake transporter	9.87758756390204	53.17635376902879	21.974536235811037	74.2832864278116	182.1984969568421	162.7409536290833	272.07430459991144	111.6458292206534	151.1576978750055	103.76403208550056	41.437738460326806	349.90831220395233	103.86306580441924	380.8265046166471	15.44373679995564
K17939	perB, wbdR; GDP-perosamine N-acetyltransferase [EC:2.3.1.227]	9.8566847460304e-10	5.3146043336210624e-09	2.1854821812518167e-09	7.415028829247235e-09	1.5644610083191804e-08	1.5794711881354706e-08	8.400697303850276e-09	7.007752616898568e-09	7.221897848944305e-09	7.415028829247235e-09	3.2141798379948876e-09	2.592758393600484e-09	7.371999647107204e-09	6.986738365155761e-09	1.5430464851146066e-09
K17947	wbiB; dTDP-L-rhamnose 4-epimerase [EC:5.1.3.25]	381.240502701665	157.68320990196548	1815.024344777697	1629.8678881256324	961.8042016533394	432.1525578668078	79.59257782757356	609.8858690457675	180.14073852070544	162.11013429258486	50.49513072770168	167.8784034518835	47.29707008681228	74.81902025994627	0.2022146601425556
K17948	nanM; N-acetylneuraminate epimerase [EC:5.1.3.24]	19.68931364642171	100.66182724066915	39.86753541950584	135.26218966429283	285.382953490164	288.1242987626102	170.4856693841316	129.369705120071	131.7379554641493	135.2620471704869	58.63129550011411	47.68082410383448	135.2025579357877	127.44799145198712	28.147548670662943
K17950	cuyA; L-cysteate sulfo-lyase [EC:4.4.1.25]	1333.646520817202	422.91011418061146	204.40065564997744	177.6806962465696	155.9684505596363	186.2477569775638	101.6337422208448	1184.2127200255882	162.39425988786343	99.55479672498964	17.213497986631886	59.96415693019216	27.64388125398668	16.04912123521941	4.009849530293359
K17963	PPRC1, PRC; peroxisome proliferator-activated receptor gamma coactivator-related protein 1	9.718053457354041e-10	4.310242689888226e-09	1.0364768838948602e-09	2.0307814706774587e-08	1.0162439468871185e-08	1.2326587700158365e-08	1.3063670398966866e-08	2.8110260083165722e-09	2.636509118769018e-09	3.7550414760212925e-09	1.813690190704043e-09	1.8783617288634995e-09	2.936780741776746e-09	1.3387585823455342e-08	0.0
K17987	NBR1; next to BRCA1 gene 1 protein	0.0	0.0031393398830585	0.0	0.0	0.0	0.0	0.0	0.0	0.0	0.0	0.0	0.0	0.0	0.0	0.0
K17989	SDS, SDH, CHA1; L-serine/L-threonine ammonia-lyase [EC:4.3.1.17 4.3.1.19]	0.2480768779120634	0.2634934029406995	0.4070499067857212	0.5755286438237337	0.1233275749610072	0.3187016139363222	27.167643046696192	0.0625027184426055	0.2055540945166321	0.0762006154853736	0.0216027018445194	0.0223729987584278	0.0349797330726603	20.199508390906967	1.6264059771191026
K17990	VCPO; vanadium chloroperoxidase [EC:1.11.1.10]	0.0001018580189575	0.0047448956043249	1.9309222749197503e-05	0.0003676423606647	0.0001773974330679	0.0005354817146689	0.0045514542652627	0.0004026856386405	0.0002760310424082	0.0002067410699237	0.000247342210521	0.0005164868204792	0.0004650501218398	0.0014552250859447	5.44308764770798e-05
K17992	hndB; NADP-reducing hydrogenase subunit HndB [EC:1.12.1.3]	10835.63577852077	8841.01455486028	7045.89273680996	12868.27938913942	18766.916241514937	16898.399548685287	10541.909151066857	22098.02694205005	7842.905779270994	5870.379591061213	842.961076472314	1816.8240036343911	2780.097488634694	1594.7783888400832	470.89960868493296
K17993	hydA; sulfhydrogenase subunit alpha [EC:1.12.1.3 1.12.1.5]	4.650702263547906	13.062784675655564	0.8816335411400658	16.786063349933055	8.09973188130408	24.449385998146305	207.8133746417828	18.386093017425356	12.603211871544056	9.439523482814115	11.293317797794366	23.58210428279666	21.233572736234738	66.44365039139757	2.4852417416873926
K17994	hydD; sulfhydrogenase subunit delta [EC:1.12.1.3 1.12.1.5]	4.650702263547906	13.062784675655564	0.8816335411400658	16.786063349933055	8.09973188130408	24.449385998146305	207.8133746417828	18.386093017425356	12.603211871544056	9.439523482814115	11.293317797794366	23.58210428279666	21.233572736234738	66.44365039139757	2.4852417416873926
K17996	hydB; sulfhydrogenase subunit beta (sulfur reductase) [EC:1.12.98.4]	5.01190385705045	14.664820036751646	1.2668723173355902	24.33409245352945	11.87691765841222	29.030944578045624	212.66889286444504	19.430898006445755	13.583152246602092	10.83520109537206	11.96743200171088	24.28025566940616	22.32511837173916	71.41956182654701	3.6389461221771
K17997	hydA; iron-hydrogenase subunit alpha [EC:1.12.1.4]	0.2279367239158576	0.2369547558912572	0.0182965622561893	0.8631422211866513	0.1793939732821085	0.4781944865315834	0.3581997866651318	0.0496220544462719	0.2961125164721671	0.0662864278095824	0.0320164356806076	0.0331580596208266	0.0518419585710189	0.2363263486962394	0.0
K17998	hydB; iron-hydrogenase subunit beta [EC:1.12.1.4]	0.6847194296744149	1.2365934706946349	0.1713390509907132	3.357066379019186	2.3250619440968	2.4414207213868244	2.1595434721161704	1.0902150254393823	0.4358389244926663	0.6207424911538313	0.2998194758561728	0.3105102690099109	0.4854765533920711	2.2130896363340877	0.0
K17999	hydC; iron-hydrogenase subunit gamma [EC:1.12.1.4]	1.4517588594208528	1.8783583735364384	3.3836810277048714	2.205878963296379	1.7602191641534377	1.74102468778319	1.417720184973576	1.1742543281068651	0.3730219327568056	0.431934094227406	0.1943714423576227	0.2013022292229693	0.3147319821174369	1.4425972603691728	0.0052378067198492
K18003	pqsD; anthraniloyl-CoA anthraniloyltransferase [EC:2.3.1.262]	0.0	0.0	0.0	0.0	0.0	0.0	0.0	0.0	0.0	0.0	0.0	0.0	0.0	0.0	4.095886556483733e-06
K18005	hoxF; [NiFe] hydrogenase diaphorase moiety large subunit [EC:1.12.1.2]	5.127008488620179	11.471740366595585	6.267608805775382	14.751585728031229	7.118288662261207	21.47435765890676	182.4639376204224	16.14445300515271	11.067106523676564	8.290227818066285	9.916491168413796	20.705787894291767	18.64455592094115	58.345013030883166	4.950613222063621
K18006	hoxU; [NiFe] hydrogenase diaphorase moiety small subunit [EC:1.12.1.2]	5.127008488620179	11.471740366595585	6.267608805775382	14.751585728031229	7.118288662261207	21.47435765890676	182.4639376204224	16.14445300515271	11.067106523676564	8.290227818066285	9.916491168413796	20.705787894291767	18.64455592094115	58.345013030883166	4.544600616822841
K18007	hoxY; NAD-reducing hydrogenase small subunit [EC:1.12.1.2]	4.949857858308507	13.88506465589756	1.139239391099413	17.989166493244426	9.100416057955163	26.884318780954	225.3394489295644	24.094807337651044	13.371789825445438	10.214127608290015	11.94332962485572	25.03557415196953	22.704486009257177	70.1300986055803	2.661800878853463
K18008	hydA; [NiFe] hydrogenase small subunit [EC:1.12.2.1]	89.11275928859884	113.99324359305211	367.0113805098071	91.03281689918342	167.91560386795362	324.3057911755508	61.36600564586717	188.7033608304704	30.828581274072206	78.57778003274049	15.36028080692322	68.96344032262166	88.91896883795762	11.232972165328365	10.743821796997077
K18009	budC; meso-butanediol dehydrogenase / (S,S)-butanediol dehydrogenase / diacetyl reductase [EC:1.1.1.- 1.1.1.76 1.1.1.304]	978.1374324540096	2977.571211623947	1723.511095744534	2788.008074182262	886.3101573576015	1022.9946286019276	4917.809636879425	3148.16371185054	2951.7494892408176	2070.619406652552	322.0366434341762	691.7028722496434	257.4481926987666	427.98842090059975	130.5452848329041
K18010	HCAR; 7-hydroxymethyl chlorophyll a reductase [EC:1.17.7.2]	0.0336198230783464	0.0944305794736138	0.0063733092323253	0.1213460780815836	0.0585527813650568	0.1767440668207423	1.5022782566693236	0.1329126569105062	0.0911083379087312	0.0682381050112645	0.0816391428247954	0.170474506617396	0.1534970243760171	0.4803196687835616	0.0179657571970023
K18011	kamE; beta-lysine 5,6-aminomutase beta subunit [EC:5.4.3.3]	1697.8178770058107	2419.837852519442	953.673015394613	755.5362024973156	1275.3344840064	1264.381856408873	243.27407074383763	2454.415248261586	814.2375701287982	358.4866562532749	136.005519070743	71.88786720772542	190.73601643912613	288.1351341660278	63.31297397771858
K18012	kdd; L-erythro-3,5-diaminohexanoate dehydrogenase [EC:1.4.1.11]	4067.411915915084	3722.033189606397	1672.283605148359	1316.8166948788428	1382.1837018083902	1426.1312526537477	388.92702871056537	4741.8886870616525	1426.6793227054238	501.76769310067925	155.71630815537964	102.49841113696948	337.0809029279651	314.3420835076106	112.72807698990324
K18013	kce; 3-keto-5-aminohexanoate cleavage enzyme [EC:2.3.1.247]	10442.508688041957	9691.863168390482	4439.366950522876	5898.940162132461	2726.3498492800227	3011.1574114623736	1934.7620495602043	19814.45289320735	3680.7055879010695	1709.9802334439482	433.22332529158473	842.2397799485278	5332.568116940033	550.7081148671303	273.0853687335003
K18014	kal; 3-aminobutyryl-CoA ammonia-lyase [EC:4.3.1.14]	7592.642977012889	9232.310898564188	3138.391343002176	2510.4788300347163	5448.484399394751	5867.050586338133	662.7842991495319	9906.48189090248	2427.6023548438566	1300.946230270555	489.2168877158997	331.4236818201955	589.3714015628822	953.81103684714	219.94149497546096
K18015	elaD, sseL; deubiquitinase [EC:3.4.22.-]	10.205617299767171	55.0274451564096	22.62849561694569	76.77525298606574	161.9843866645279	163.53854158327417	86.9808702858329	72.55831263986752	74.77557365727887	76.77525298606574	33.27963732675346	26.845435963143903	76.32972857602515	72.34073095124305	15.976712564711656
K18022	cutC; glyceraldehyde dehydrogenase small subunit [EC:1.2.99.8]	0.4782580317293907	0.338408046006368	0.2342411597373541	0.1925195936029489	0.643054655912585	0.1915427943067409	32.7990074472157	0.0747587265356897	0.2735972166674748	0.0457938788423972	1.2197322756172255	3.976734168650424	0.7766656277963798	0.016735067239727	0.0
K18023	mbhJ; membrane-bound hydrogenase subunit mbhJ [EC:1.12.7.2]	14.755167286380086	10.584880353256237	0.2398186231739169	14.91194101330434	3.969931761225759	5.899152331823803	8.693388586961605	4.516656409631137	11.21130015279016	5.181286442301762	0.4196491896319071	0.4346128028884412	0.6795083662743966	100.18388266604246	1.6182327478824132
K18028	nicX; 2,5-dihydroxypyridine 5,6-dioxygenase [EC:1.13.11.9]	4.156550711657382	18.944118184460457	15.792220267291285	51.185209906698375	202.8613517595644	128.48771834076362	197.5043567326597	12.196326253968785	31.548151128781324	25.51902066286923	15.70632926967057	274.34867697507224	8.3261989794061	178.5777496872679	0.0800220035384622
K18029	nicA; nicotinate dehydrogenase subunit A [EC:1.17.2.1]	4.299494819153715	19.214658276325267	15.979060631551173	51.57951972733282	254.54423010083576	129.18183997950734	472.3747934671681	68.28373678717156	184.10151405997	91.57758327332505	31.057264395746454	890.9060305856196	52.98933679113243	397.44573363279926	0.1615433229257615
K18030	nicB; nicotinate dehydrogenase subunit B [EC:1.17.2.1]	6.1497474095768565	30.408572077103813	15.950673017917724	61.01898543525808	298.9583859635896	174.22751895275692	495.48634290303386	63.17664714932637	178.8357047384607	82.85364117832826	38.358632197873234	860.199509561283	55.64063950562026	430.2411709879912	0.0800255240357319
K18031	nspLOX; linolenate 9R-lipoxygenase [EC:1.13.11.61]	0.2601023051113745	0.7305693232562366	0.0493076154032817	0.9388031148079434	0.4529980929550421	1.3673938464132558	11.622489514782927	1.028288827110643	0.704866550002462	0.5279292627001793	0.6316074057427928	1.3188889195097473	1.1875413435370958	3.716029461243702	0.1389934399452961
K18049	mpnS; methylphosphonate synthase [EC:1.13.11.73]	0.0	0.0631093067746489	2.361290588612874e-07	0.0	6.24214988409334e-07	0.0	9.98892958779137e-07	0.0	0.0	0.0	0.0	0.0	0.0	0.0	0.0
K18055	HIF1AN; hypoxia-inducible factor 1-alpha inhibitor (HIF hydroxylase) [EC:1.14.11.30]	0.0223109955994934	0.0626666070842692	0.0042294950186151	0.0805284372789345	0.03885716008467	0.1172919943059929	0.9969512182041425	0.0882043220910745	0.0604618805227492	0.0452845946594126	0.0541778745255681	0.1131313498617533	0.1018646477528446	0.3187527189422469	0.0119225472671232
K18056	pntH, ptlH; 1-deoxypentalenic acid 11beta-hydroxylase [EC:1.14.11.35]	0.0	0.0295014319717431	1.0942540319169658	0.0	2.892696778379866	0.0	4.629005226500477	0.0	0.0	0.0	0.0	0.0	0.0	0.0	0.0
K18057	pntD, penD, ptlD; pentalenolactone F synthase [EC:1.14.11.36]	0.0	0.0295014319716364	1.0942540319169658	0.0	2.892696778379866	0.0	4.629005226500477	0.0	0.0	0.0	0.0	0.0	0.0	0.0	0.0
K18058	asnO; L-asparagine oxygenase [EC:1.14.11.39]	0.0018377145249376	0.455806209392875	1.5153481941312394	0.0384027173961892	4.019909284782103	0.023309965682846	6.426765497866711	0.0053157387414371	0.0049857218052515	0.0071009017315149	0.0034297452898568	0.0035520412059549	0.0055535449042381	0.0253163465601182	0.0002705666072194
K18062	cmcI; cephamycin C biosynthesis protein	0.0	8.114277631964393e-11	2.6286816797794757e-08	0.0	6.949007090394956e-08	0.0	1.1120069818877845e-07	0.0	0.0	0.0	0.0	0.0	0.0	0.0	0.0
K18063	cmcJ; cephamycin C biosynthesis protein	0.0	8.114277631964374e-11	2.6286816797794244e-08	0.0	6.94900709039482e-08	0.0	1.112006981887763e-07	0.0	0.0	0.0	0.0	0.0	0.0	0.0	0.0
K18067	pht4; phthalate 4,5-cis-dihydrodiol dehydrogenase [EC:1.3.1.64]	0.0111337465921224	0.0493814425598272	0.0118746732887611	0.2326618841697215	7.256428692555793	7.28122283274258	0.1496674168929369	0.032205267626696	4.890205868433437	5.321365708809088	0.0207790243885066	76.88161764759063	0.0336460102005555	0.1536114217649042	0.0
K18068	pht3; phthalate 4,5-dioxygenase [EC:1.14.12.7]	0.0006898574951891	0.0036011032389746	0.0007357660153681	0.0144159509390017	7.14721403218018	7.14875030061563	0.0092735350606111	0.0019954689172258	4.861871584247503	5.2810106758790605	0.0012874880525188	76.86143109308539	0.0020847386931266	0.0097364552114675	0.0
K18069	pht2; phthalate 4,5-dioxygenase reductase component [EC:1.18.1.-]	0.0	0.0031675188720415	0.0	0.0	7.14	7.14	4.3619652927918096e-12	0.0	4.86	5.278345076724282	0.0	76.86	0.0	3.523473518892451e-12	0.0
K18070	pht1, ophD; MFS transporter, ACS family, phthalate transporter	0.0	0.0	0.0	12.0	3.57	3.57	1.8727867912331805e-06	0.0	2.43	5.277542163288715	0.0	38.43	0.0	0.0	0.0
K18071	mhpco; 2-methyl-3-hydroxypyridine 5-carboxylic acid dioxygenase [EC:1.14.12.4]	0.0	0.1477416201318979	7.995879723609368e-08	0.0	2.1137372897112461e-07	0.0	3.3824841354448455e-07	0.0	0.0	0.0	0.0	0.0	0.0	0.0	0.0
K18072	parS; two-component system, OmpR family, sensor kinase ParS [EC:2.7.13.3]	0.0	19.9979909678392	1.5368255455621047	43.02963704486694	48.20865029956467	92.79111680809126	198.5065852445735	1.6167760074699598	1.942500111538999	8.464638282582477	0.0	218.3237129519019	0.9712500557694996	150.4638267241864	0.0
K18073	parR; two-component system, OmpR family, response regulator ParR	0.0	5.0	1.5368255455621047	13.06365109112421	18.242664345821936	41.82794349937366	84.61184183480259	1.6167760074699598	1.942500111538999	8.464638282582477	0.0	77.46258178195615	0.9712500557694996	45.56787789511902	0.0
K18074	tphA2; terephthalate 1,2-dioxygenase oxygenase component alpha subunit [EC:1.14.12.15]	0.0038997263857571	0.0172964341269949	0.8381482679840623	0.0814925758503068	9.682747595971248	7.189464966941791	10.89428008481737	0.0112802757710555	5.7045689858282085	15.566061248124695	0.007278098976627	81.03748273363433	0.0117849128924308	4.223667728477418	0.0
K18075	tphA3; terephthalate 1,2-dioxygenase oxygenase component beta subunit [EC:1.14.12.15]	0.0	0.0	0.0	0.0	7.14	7.14	0.0	0.0	4.86	5.278345076721767	0.0	76.86	0.0	0.0	0.0
K18076	tphB; 1,2-dihydroxy-3,5-cyclohexadiene-1,4-dicarboxylate dehydrogenase [EC:1.3.1.53]	0.0	0.0	0.83398902326485	0.0	9.64196706979455	7.14	10.841857302443051	0.0	5.693989023264851	10.282279216310869	0.0	81.02994511632426	0.0	4.16994511632425	0.0
K18077	tphA1; terephthalate 1,2-dioxygenase reductase component [EC:1.18.1.-]	0.0	1.1010280619623809e-17	0.83398902326485	0.0	9.64196706979455	7.14	10.841857302443051	0.0	5.693989023264851	10.282279216310869	0.0	81.02994511632426	0.0	4.16994511632425	0.0
K18081	MTMR1_2; myotubularin-related protein 1/2 [EC:3.1.3.64 3.1.3.95]	0.0009660806581595	0.004284852015836	0.0010303712307762	0.0201881859199452	0.0101025748146756	0.0122539745335716	0.0129867152433318	0.0027944668838624	0.0026209780342137	0.0037329213679369	0.0018030061481159	0.0018672967207326	0.0029194808243609	0.0133087225546222	0.0
K18087	bphAc, bphA3, bphF; biphenyl 2,3-dioxygenase ferredoxin component	4.36885651878677e-18	1.7535336170790935e-06	4.6595944451706794e-18	9.129598746636504e-17	4.568635078535807e-17	5.5415514294666587e-17	5.87291496514855e-17	1.2637272839469205e-17	1.1852713201179446e-17	1.4669551151992929e-06	8.15364131046301e-18	8.44437923684692e-18	1.320261690704071e-17	6.018534663581181e-17	0.0
K18088	bphAd, bphA4, bphG; biphenyl 2,3-dioxygenase ferredoxin reductase component [EC:1.18.1.3]	0.0	1.9691447090050526e-07	0.0	0.0	0.0	0.0	0.0	0.0	0.0	0.0	0.0	0.0	0.0	0.0	0.0
K18089	todB, tcbAc; benzene/toluene/chlorobenzene dioxygenase ferredoxin component	0.0	1.9691459314139385e-07	3.612205173123251e-15	0.0	9.548984022325815e-15	0.0	1.5280653429521382e-14	0.0	0.0	0.0	0.0	0.0	0.0	0.0	0.0
K18090	todA, tcbAd; benzene/toluene/chlorobenzene dioxygenase ferredoxin reductase component [EC:1.18.1.3 1.18.1.-]	0.0	1.9691447090050526e-07	0.0	0.0	0.0	0.0	0.0	0.0	0.0	0.0	0.0	0.0	0.0	0.0	0.0
K18091	pntE, penE, ptlE; pentalenolactone D synthase [EC:1.14.13.170 1.14.13.171]	0.0	0.0295693509523914	1.3322221525218274	0.0	3.5217733874236323	0.0	5.635677938586027	0.0	0.0	0.0	0.0	0.0	0.0	0.0	0.0
K18092	etbD; 2-hydroxy-6-oxo-octa-2,4-dienoate hydrolase [EC:3.7.1.-]	0.0747909743302872	0.3510679743495704	0.0797681677371826	1.5629068672072837	0.7821101155462462	0.9486647797403576	1.0053913663198508	0.2163389766812611	0.2029080069262271	0.2889912181227492	0.1395831553009104	0.1959666894990135	0.2260171690100066	1.152911350038648	0.0
K18093	oprD; imipenem/basic amino acid-specific outer membrane pore [EC:3.4.21.-]	0.0	0.0	7.593823401347535	15.18764680269507	47.91839271590671	129.870232544322	151.34917454481774	7.98887779794943	14.458358672994189	35.894208081561594	0.0	227.58056812578215	4.799179336497093	52.36665501622896	0.0
K18094	mexX, amrA; membrane fusion protein, multidrug efflux system	26.0	432.3279909678392	2971.58	3022.485985953743	333.8259859537427	436.3131733087176	163.204743409771	370.67	2205.5	300.33	15.33	93.9411311699459	94.0	484.2859488290675	13.0
K18095	mexY, amrB; multidrug efflux pump	26.0	432.33	2971.58	3022.49	333.83	436.32	163.22	370.67	2205.5	300.33	15.33	93.96	94.0	484.3	13.0
K18096	bjaI, rpaI, braI, rhiI; acyl-homoserine lactone synthase [EC:2.3.1.228 2.3.1.229 2.3.1.-]	0.0	0.0	0.0	0.0	20.530902607624512	6.025048169556843	22.99621523778185	0.0	0.0	0.0	0.0	7.040964265582872e-05	2.036699488865504	8.401553300874008	0.0
K18098	bjaR1, rpaR, rhiR; LuxR family transcriptional regulator, quorum-sensing system regulator BjaR1	0.0	6.317167164144938e-16	0.0	0.0	20.490758416448934	0.0	0.0	0.0	0.0	0.0	0.0	0.3299679773662105	2.036699488865504	9.188276096693093	0.0
K18099	rhlR, phzR; LuxR family transcriptional regulator, quorum-sensing system regulator RhlR	0.0	0.0	9.801449474808416e-06	1.9602898949616836e-05	5.263321712194808e-05	0.0001584095533616	0.0001296535960266	1.0311351470607696e-05	1.2388729972012176e-05	3.612750066533429e-05	0.0	0.0001945370540269	6.194364986006089e-06	6.759034233206034e-05	0.0
K18100	rhlA; rhamnosyltransferase subunit A [EC:2.4.1.-]	0.0002581144044554	0.0011448133413149	5.190275291358288	10.385393816284129	27.87269917429744	83.8832739785361	93.57346974990396	5.460746616909683	6.560700264702205	19.130997350239472	0.000481721535588	103.01049889848944	3.280780017742757	35.79355578280885	0.0
K18101	rhlB; rhamnosyltransferase subunit B [EC:2.4.1.-]	4.650960377952361	13.063929488996878	0.8819088324983531	16.79145716621718	8.102431055601519	24.45265997668239	207.81685890214976	18.45121454571243	12.603912136246262	9.44052920100453	11.293799519329951	23.58260318128608	21.234352753977493	66.44721789535245	32.573601795508466
K18104	abcA, bmrA; ATP-binding cassette, subfamily B, bacterial AbcA/BmrA [EC:3.6.3.44]	2751.261464915108	1773.260357928138	2008.823355698201	490.863524654875	775.6479647629089	873.1124852482941	1472.2486900054068	2848.176815610567	904.9816009111104	877.3335170185378	206.15653725165905	117.6025947783555	125.63251605779088	116.66598546642749	134.75325064507663
K18106	GAAA; D-galacturonate reductase [EC:1.1.1.-]	0.0005967874409271	0.001676242725549	0.0001131329840175	0.0021540213116556	0.0010393738381247	0.0031373942418197	0.0266670289807561	0.0023593403272706	0.001617269421703	0.0012112985832343	0.0014491811873118	0.0030261029128685	0.0027247346350936	0.0085261824636111	0.0003189112041705
K18109	np1; 5-epi-alpha-selinene synthase [EC:4.2.3.90]	0.0092168137377508	0.0267627338082371	0.0022188806849349	0.0425643120607304	0.0207395305360925	0.0524484394717326	0.3950447427176496	0.0358672425862118	0.0249788224103789	0.019693855113135	0.0220789763911892	0.0450477323434499	0.0412507186925174	0.1314040523751922	0.0046419083424828
K18110	tpc1; avermitilol synthase [EC:4.2.3.96]	0.0	0.0749067762081988	2.273636417767824e-06	0.0	6.01043318009286e-06	0.0	9.618127559074613e-06	0.0	0.0	0.0	0.0	0.0	0.0	0.0	0.0
K18111	gcoA; (+)-beta-caryophyllene/(+)-caryolan-1-ol synthase [EC:4.2.3.89 4.2.1.138]	0.0	0.0004545640568628	2.054343633627574e-07	0.0	5.430725441576994e-07	0.0	8.690456822380368e-07	0.0	0.0	0.0	0.0	0.0	0.0	0.0	0.0
K18115	sqhC; sporulenol synthase [EC:4.2.1.137]	0.6168102848199186	2.7441856291465303	0.72079232333464	12.889483504411867	6.616526970120563	7.823754112443954	13.965627585765436	1.7841739196380446	1.6734070743844258	2.383345813541062	1.151159301615784	1.192206688365535	1.863991151868156	8.497175551723002	0.0
K18118	aarC, cat1; succinyl-CoA:acetate CoA-transferase [EC:2.8.3.18]	3103.2470971691278	3438.598310800238	1797.6704145853605	2809.3836409496416	2982.213652910657	3071.535094464588	3713.1530176956894	5021.430687672004	3142.1679247435663	1728.0295565405302	416.1518546407856	862.1464538945057	483.71038009417896	875.3979216926674	224.9484362152347
K18119	sucD; succinate-semialdehyde dehydrogenase [EC:1.2.1.76]	3254.0190517555325	3767.4789785295416	1707.8937488877978	3246.983616747564	1174.8248089368126	1383.60099084349	4703.635100926727	4265.77198179768	3228.061152524764	2063.915983591584	340.3141471090577	638.5970574974721	397.6765956595606	421.2509396790094	112.29327897223908
K18120	4hbD, abfH; 4-hydroxybutyrate dehydrogenase [EC:1.1.1.61]	13108.061194447902	10395.091697665208	6037.546441200615	9689.0230484824	5611.803586144289	6630.421638380928	8069.516619346157	15180.420968417617	7007.999652599773	3181.9913807523644	602.5267729546741	2355.730533805386	2060.33970506297	1435.8226636093282	418.44333907753656
K18121	GLYR; glyoxylate/succinic semialdehyde reductase [EC:1.1.1.79 1.1.1.-]	68.80725734683507	664.4377103374007	3214.09072516688	3586.3414175201888	464.8069304043024	792.2559376146248	520.1708806811342	553.5983938788984	2391.489118890658	382.5062183315573	14.844823412313929	222.61113899880397	240.96317619816963	481.2592160159896	23.358884515387874
K18122	cat2, abfT; 4-hydroxybutyrate CoA-transferase [EC:2.8.3.-]	10075.98253021321	9370.83444316345	4748.163243944426	7320.757803127312	2910.554438788733	3450.330433960662	6431.762623882518	15004.102011094694	5687.4856810477695	3218.592710463072	524.5475581939907	1236.2550999656455	3295.1948946255616	885.4773146848468	283.92081361945844
K18123	HOGA1; 4-hydroxy-2-oxoglutarate aldolase [EC:4.1.3.16]	296.81641508738187	778.8233306685144	345.1566326003608	821.0289605391087	269.4195018565869	309.86520708013427	1482.8840156414096	582.3032785838591	977.6056748568932	1046.4675168481294	87.8912959721105	331.59181138340193	85.8615652806835	294.4738318967577	57.14422061908373
K18129	mexZ; TetR/AcrR family transcriptional regulator, mexXY operon repressor	4.0	18.33	14.25	47.49	180.16000000000005	88.99	163.22	10.0	19.5	17.0	15.33	89.96000000000001	6.67	85.97	0.0
K18130	nalC; TetR/AcrR family transcriptional regulator, transcriptional repressor NalC	187.0	172.0	960.0	104.0	0.0	0.0	23.0	675.000920636654	137.0	0.0	0.0	38.0	0.0	0.0	0.0
K18135	nalD; TetR/AcrR family transcriptional regulator, repressor of the mexAB-oprM multidrug resistance operon	0.0056675356763339	0.0135229068159585	0.0278428108364016	0.0368910732167252	0.0737847509994781	0.1446836428402348	0.0250585297527614	0.0238656385120624	0.0097462860757544	0.0338098716059241	0.0035786737220968	0.0202843602239378	0.0398759058845003	0.0026853075745865	0.0048731430378772
K18136	acrR; TetR/AcrR family transcriptional regulator, multidrug resistance operon repressor	6.67	14.500000000001238	0.0	0.0	0.0	0.0	34.61	6.0	0.0	0.0	0.0	1.5	2.83	0.0	0.0055404086719299
K18137	adeN; TetR/AcrR family transcriptional regulator, repressor of the adeIJK operon	6.16318057026144e-16	2.7335519521481803e-15	6.573326870837363e-16	1.2879197421017322e-14	6.445009770306213e-15	7.817510589401971e-15	49.29432308466373	8.572925753854562	1.6720716597641101e-15	2.381631319205695e-15	1.1502406518830173e-15	1.1912552819406097e-15	1.862503647079601e-15	143.58579021987157	0.0
K18138	acrB, mexB, adeJ, smeE, mtrD, cmeB; multidrug efflux pump	3099.650533189675	1388.3024053445226	17784.238152080718	1288.874198094085	1036.618330099192	1029.5359696378275	1621.7501389335075	5840.151316338473	2047.6358607856312	527.9374342901037	137.5558738774408	2397.2743123181303	382.9299464387918	1343.2564643348237	119.10699073135342
K18139	oprM, emhC, ttgC, cusC, adeK, smeF, mtrE, cmeC, gesC; outer membrane protein, multidrug efflux system	14025.18217571844	9916.082070289078	43189.497571535525	12601.053354164424	1820.934878976736	1946.782616524524	1677.6912371165338	20977.866135788616	12279.952508433198	3195.2382872093685	62.93000784902052	2349.721632916877	275.85606840667924	1601.1263533933316	569.8887417752965
K18140	envR, acrS; TetR/AcrR family transcriptional regulator, acrEF/envCD operon repressor	9.849999999991924	53.10999999995645	21.83999999998209	74.09999999993923	156.3399999998718	157.83999999987057	83.94999999993117	70.02999999994258	75.10999999994083	74.09999999993923	32.11999999997366	25.909999999978755	73.66999999993959	69.81999999994274	15.419999999987356
K18141	acrE; membrane fusion protein, multidrug efflux system	9.85	53.11	21.84	74.1	156.34	157.84	83.95	70.03	75.11	74.1	32.12	25.91	73.67	69.82	15.420267312843787
K18142	acrF; multidrug efflux pump	9.850000001359987	53.1100000073329	21.840000003015447	74.10000001023099	156.3400000215859	157.84000002179295	83.95000001159097	70.03000000966904	75.11000000996451	74.10000001023099	32.12000000443481	25.910000003577395	73.67000001017162	69.82000000964004	15.42000000212904
K18143	adeS; two-component system, OmpR family, sensor histidine kinase AdeS [EC:2.7.13.3]	2.5539959612350502	0.0011448133413176	18.89568233099433	10.901938745691783	29.25960738071276	100.38248290712116	96.94060470897684	17.732628572607236	6.887148697930927	25.71088823629326	2.7004817215355894	133.11983179083896	9.407304745491617	72.12903849350718	0.0
K18144	adeR; two-component system, OmpR family, response regulator AdeR	2.5539959612350502	0.0077492368342666	26.887670385330257	31.385914854363648	84.30528311758029	123.63461354251577	170.70280963818237	27.644720051735213	22.592994870656117	45.82654940767022	3.6004817215355893	258.03817248494084	9.955227831854208	109.35151798782138	0.0
K18145	adeA; membrane fusion protein, multidrug efflux system	0.0989880914334455	0.1085061047148752	0.3950922980845059	0.0109844322375761	0.0060422499995268	2.106082711993022	0.0564282264600163	4.030229601979868	0.0118852940835026	2.8328801354115214	0.9006614008510277	8.201034248939383	0.0010771541638802	3.0482721129051136	0.0
K18146	adeB; multidrug efflux pump	0.000258114404456	0.0011448133413176	0.0002850928077627	0.0054134191830914	0.002751807514567	2.103432388089459	0.0529993603897105	4.000930279472608	0.0007126534321785	2.8289489784790773	0.9004817215355891	8.200848162720623	0.0007862121077451	3.0459975407731426	0.0
K18147	adeC; outer membrane protein, multidrug efflux system	1.2326361140522893e-15	5.46710390429637e-15	1.3146653741674744e-15	2.5758394842034688e-14	1.2890019540612444e-14	1.5635021178803967e-14	26.359568524637343	4.584272786893451	3.34414331952823e-15	4.762887705258933e-15	2.3004813037660374e-15	2.3825105638812225e-15	3.725007294159206e-15	76.78083883948165	0.0
K18148	rtcB; release factor H-coupled RctB family protein	501.9092193921245	287.664504776239	97.6726638813262	787.981234486842	575.7627829934432	568.1316733318932	587.8879980431682	635.8119480758967	244.07446552259327	274.95559204139454	76.48907865753402	367.5921449168054	225.47966418425733	339.0822628745144	42.07276176609864
K18149	pbp5, pbp4, pbp3; penicillin-binding protein	5156.239737348576	5071.259093718972	2412.1692635407444	8615.639239091197	61264.55039729748	26369.851596680168	4787.840546463694	4708.731013600344	3059.9010662938454	2195.622057712603	4392.426060936348	1603.039002127653	1091.6048698823224	32900.80617815765	224.3424572547305
K18151	UAH; ureidoglycolate amidohydrolase [EC:3.5.1.116]	0.0048144096585089	0.0034564321071501	0.0027959327666087	0.0015119466403286	0.0075027385785779	0.0019870692690272	0.3927485057929143	0.0005296506210242	0.00264487271853	0.0002601575669008	0.0145997485629976	0.047651615654528	0.0092760815814492	15.389825195737712	3.663410677174878e-06
K18153	nga; NAD+ glycohydrolase [EC:3.2.2.5]	3.466243265869001e-26	4.1084000968635935e-26	8.077491630856907e-39	1.582632530293886e-37	7.919811916154972e-38	9.60638008740704e-38	1.0180804797054405e-37	9.372682489508244e-26	2.0546893686145087e-38	2.9263861613684903e-38	3.207275101252822e-27	1.4638484832967978e-38	2.2886976286650822e-38	1.0433239190051107e-37	0.0
K18164	NDUFAF7; NADH dehydrogenase [ubiquinone] 1 alpha subcomplex assembly factor 7	3.7431180411855673	0.0	19.71001529861337	0.0	0.0	0.0	0.0	0.0	0.0	0.0	0.0	0.0	0.0	0.0	0.0
K18177	COA4; cytochrome c oxidase assembly factor 4	3.3188913365509383e-08	1.4720259756419329e-07	3.5397563571651425e-08	6.935486678517089e-07	3.470657211289215e-07	4.209753044353985e-07	4.46148014115709e-07	9.600163146624001e-08	9.00415634820195e-08	1.2824147014467778e-07	6.194080622760843e-08	9.77606621411713e-05	1.0029638346820008e-07	0.0002334388419491	0.0
K18195	RGL4, rhiE; rhamnogalacturonan endolyase [EC:4.2.2.23]	0.0185277011909629	0.0186605167651658	4.249966708702632	7.352884535828812	21.209529937529283	59.066643656906734	49.47737889472056	3.9806249523303063	4.634309161577203	13.47678042640642	0.0030972011973689	72.84169242465954	2.313765023915256	26.267219421845738	30.111107164880448
K18197	yesW; rhamnogalacturonan endolyase [EC:4.2.2.23]	3306.518301544588	5042.563102712239	18022.790496582133	5317.32351974063	1213.9834565818771	1458.2819543928867	2612.767027469342	7412.778457815414	3486.654113235853	1720.5066714599448	235.31035373727428	507.12223705170953	912.0106570842628	1373.04738062221	266.8735146285523
K18198	yesX; rhamnogalacturonan exolyase [EC:4.2.2.24]	2.9491647111418247	0.0065518584101594	2.033968387357179	0.0296603591201047	3.703502631782052	7.316783768771914	0.4437654208408164	3.749861578872589	1.0472290590264404	0.3711267498782965	0.0026761811187853	0.0027671275945517	0.0043063498997968	0.019551495119315	0.0
K18199	inhA; cyclohexyl-isocyanide hydratase [EC:4.2.1.103]	26.86520432843908	44.344551125784285	105.70834722657372	80.35767857250761	288.2599013684667	206.69817336538125	626.4810967251808	81.89098893013943	187.34458122347613	102.2560627077059	36.73095378267331	822.4574460148826	66.06090908713784	437.9880782217248	1.3094708543768578
K18200	PAL; peptidylamidoglycolate lyase [EC:4.3.2.5]	0.0	0.0	0.0	0.0	0.0	0.0	0.0	0.0	0.0	0.0	0.0	0.0	0.0	0.0	0.0717579232688991
K18205	hypBA1; non-reducing end beta-L-arabinofuranosidase [EC:3.2.1.185]	2.3903996639573535e-18	1.0602125953203732e-17	2.549475577423321e-18	4.9952177834592104e-17	2.4997075801217865e-17	3.0320342675108144e-17	3.213338295449384e-17	6.914425460965552e-18	6.4851572788547936e-18	9.236468930549752e-18	4.4612271803268265e-18	4.620303093792793e-18	7.223750856142069e-18	3.2930134408111253e-17	0.0
K18206	hypBA2; beta-L-arabinobiosidase [EC:3.2.1.187]	0.0005878553784124	0.002607311596538	0.0006269758789366	0.0122844128729775	0.0061473676037929	0.0074564838615155	0.0079023530170318	0.0017004194976882	0.0015948523770765	0.0022714644836311	0.0010971204655932	0.0011362409661174	0.0017764898720175	0.0080982928986881	0.0
K18209	tfrA; fumarate reductase (CoM/CoB) subunit A [EC:1.3.4.1]	331.7181412717161	222.99419857051035	163.86768830417265	231.76623969449665	93.64815826968062	114.65739156540202	434.8097690860595	382.9649443601522	109.17571440877722	50.86076609979269	17.66636919519964	289.2720463529076	44.57033693811719	220.1678269864305	37.55190788733319
K18210	tfrB; fumarate reductase (CoM/CoB) subunit B [EC:1.3.4.1]	10.842203782658425	1.6529143256177372	0.3909025296738472	7.659018902055392	3.8663361044476887	4.669959008843196	4.926914373827723	1.0927669035528755	2.3692918709487065	1.416204875663914	0.6840249836799746	0.7084155593476463	1.1075934629087394	5.049066936205097	0.0
K18214	tetP_A, tet40; MFS transporter, DHA3 family, tetracycline resistance protein	2519.248073752479	1351.233329738414	813.6461959502576	597.6009857451975	493.9660523976706	415.39345706076494	190.09959095302332	1861.2440599591807	639.5781520655725	352.3674532940447	61.86361599008515	315.80733220655884	268.2711433863801	207.6196578275821	39.5661772446646
K18215	tetV; MFS transporter, DHA3 family, tetracycline resistance protein	0.0	0.0285729099367346	0.0017602866097805	0.0	0.0046533759589782	0.0	0.0074465121252862	0.0	0.0	0.0	0.0	0.0	0.0	0.0	0.0
K18216	steA, tetA46; ATP-binding cassette, subfamily B, tetracycline resistant protein	49.39000000930399	58.540000041266254	13.440000009923256	1.9442752234729413e-07	5.880000097295447	1.180150567721557e-07	56.27000012507191	133.55000002691258	11.200000025242003	3.5950860347893263e-08	15.490000017364306	28.36000001798348	5.320000028116812	29.58000012817308	0.0
K18217	steB, tetB46; ATP-binding cassette, subfamily B, tetracycline resistant protein	49.39387013406325	58.54402328597253	13.440310667176243	0.0146554540274578	5.88304602680736	0.0081193654501725	56.276081990521945	133.55084255956467	11.20502770430235	0.0011255129276533	15.49054362429001	28.360563008537227	5.320880252511634	29.58401271224581	0.0
K18218	tet35; tetracycline resistance efflux pump	0.411793515178904	1.789472301369425	0.4298598563300495	8.421586904004347	4.214421823425955	5.111811950390232	5.417452180299875	1.1770623736124777	1.0949686598074049	1.557848764519277	0.7523235968966008	0.7791179291481487	1.2179941263986207	5.551778469552927	0.0
K18220	tetM, tetO; ribosomal protection tetracycline resistance protein	38865.28329172054	18624.651923639736	45706.26186758475	16330.708655469212	23486.03420945528	21628.13480724893	8273.50456337601	42766.89606891449	16737.48400296014	6584.759509867847	610.9157911540754	4009.786730073685	3006.388165799162	1784.729625954562	811.5848259258626
K18221	tetX; tetracycline 11a-monooxygenase, tetracycline resistance protein [EC:1.14.13.231]	183.99348703873363	0.0001455956733879	448.0025822261104	0.0006140339268971	0.0001076141933737	0.0	0.0	0.0001804120300677	451.980917319672	0.0	0.0	0.0006108688035626	0.0	2.848611001069467e-05	0.0096479825623558
K18223	prmA; propane 2-monooxygenase large subunit [EC:1.14.13.227]	0.025072859326584	0.1941483222749323	0.3213351677961494	0.523947499988262	1.0409622541693393	0.318029532085967	1.5832617397266244	0.0725252850060777	0.0680226987207268	0.0968811574323285	0.0467937321121809	0.0484622765236945	0.0757697935442701	0.3454035909012784	0.0
K18224	prmC; propane 2-monooxygenase small subunit [EC:1.14.13.227]	0.025072859326584	0.2143687251752424	0.3213351677961494	0.523947499988262	1.0409622541693393	0.318029532085967	1.5832617397266244	0.0725252850060777	0.0680226987207268	0.0968811574323285	0.0467937321121809	0.0484622765236945	0.0757697935442701	0.3454035909012784	0.0
K18225	prmB; propane monooxygenase reductase component [EC:1.18.1.-]	0.0287747968321537	0.2307879074135648	0.3252834612141516	0.6013068819355605	1.079674446876437	0.3649857023963693	1.633025709046778	0.0832334403532225	0.0780660598046929	0.1111853891759137	0.0537026956920945	0.0556175960160405	0.0869569914963364	0.3964014643811561	0.0
K18226	prmD; propane monooxygenase coupling protein	0.025072859326584	0.1941483225620185	0.3213351677961494	0.523947499988262	1.0409622541693393	0.318029532085967	1.5832617397266244	0.0725252850060777	0.0680226987207268	0.0968811574323285	0.0467937321121809	0.0484622765236945	0.0757697935442701	0.3454035909012784	0.0
K18229	PAMO; phenylacetone monooxygenase [EC:1.14.13.92]	9.139662476370604e-06	0.0050766829313246	9.747887192564014e-06	0.0001909915116922	9.557599892779208e-05	0.0001159294415895	0.0001228615778592	2.6437217124866468e-05	2.4795915732679056e-05	3.531552056820177e-05	1.7057444942531237e-05	1.7665669658724646e-05	2.761991880856857e-05	0.0001259079468298	0.0
K18230	tylC, oleB, carA, srmB; macrolide transport system ATP-binding/permease protein	0.0	2.983675353599633	4.85343535531707	0.0	12.830217122257745	0.0	20.53140949993751	0.0	0.0	0.0	0.0	0.0	0.0	0.0	0.0
K18231	msrA, vmlR; macrolide transport system ATP-binding/permease protein	3531.395213459406	2062.330678847945	1225.7655103682437	3574.1981447469384	12262.343878590522	9347.776789749008	2119.017787393891	6745.0924289995655	1902.2598000619275	2869.107847312141	627.4194206158679	597.9754607591167	416.0911869859903	2233.8030526663024	103.70782913451748
K18232	oleC4; oleandomycin transport system ATP-binding protein	0.0013272142518041	1.2044687175831412	519.4725543844801	1251.9877347940303	936.1550915220045	380.4968346705886	55.78010376045231	0.0038390751777607	0.0036007339255701	106.51512833623003	49.57247699344321	93.78256531667328	38.18401082096535	5.378283697224052	0.0
K18233	oleC5; oleandomycin transport system permease protein	0.0208324023821712	1.2929603970990546	519.2371193220198	1252.0351916605928	935.548416290982	380.5895188249531	55.68646849570665	0.0823588495391735	0.0564549537117578	106.5522834962004	49.620587401054976	93.88563391453548	38.27511387876181	5.657628354225788	0.0113533551778517
K18234	vat; virginiamycin A acetyltransferase [EC:2.3.1.-]	22709.901613750528	16333.301670731396	33394.03639091951	11891.296006213095	13310.59168835198	13077.73085613484	7192.023691397285	28611.57632352705	9014.869978917694	3270.258574939564	539.2315069223216	3017.068406776236	3178.7770494929623	2043.5644069428145	541.7543718328558
K18235	vgb; virginiamycin B lyase [EC:4.2.99.-]	0.595050421910727	3.1064817371975844	905.8309533023275	2201.2224850607395	1630.4300994451164	671.4089450662968	86.25774394714576	1.6238663277367358	1.1556840642671415	188.09226114068775	87.82050141440676	165.83464274018252	68.51521523454288	15.365627412179212	0.8654492646244328
K18236	lnuB_F, lin; lincosamide nucleotidyltransferase B/F	98.42070545498142	43.93993524293366	62.91828620275897	25.21771349578468	92.93760769646966	54.63429304304783	11.26526981622586	26.770277061312516	254.81468367488992	131.53539765371352	4.410965740115226	2.060971003006204	18.51455917764196	8.980183090356343	2.468911905737264
K18237	K18237; ribose 1,5-bisphosphate isomerase [EC:5.3.1.29]	2853.94563760672	501.0123009525111	366.2078542977797	1211.3849484435857	7370.329788738576	6309.328343036409	416.9178221071791	5672.291487978499	403.40237622253215	591.6124562005846	29.488188238733407	208.53187834150333	75.98645559875321	235.8082303903741	68.53205633532006
K18239	fkbO, rapK; chorismatase [EC:3.3.2.13]	0.0	0.0652338581837013	3.0812550255249646e-06	0.0	8.145399720472936e-06	0.0	1.3034583562236522e-05	0.0	0.0	0.0	0.0	0.0	0.0	0.0	0.0
K18240	xanB2; chorismate lyase / 3-hydroxybenzoate synthase [EC:4.1.3.40 4.1.3.45]	0.0044228104796773	0.012422687517559	0.0008384320999332	0.0159635196341293	0.0077028321782727	0.0232513273235852	0.197630189828915	0.0174851453113127	0.0119856345094281	0.0089769718672771	0.0107399273219237	0.0224265437872225	0.02019309400967	0.0631878061862655	0.0023634609563847
K18242	nagG; salicylate 5-hydroxylase large subunit [EC:1.14.13.172]	0.0	5.0	0.16601097673515	9.99	61.48803293020545	16.99	305.7941785705325	51.0	152.16601097673515	59.99606586041778	15.0	662.7900548837695	44.0	311.8000548839088	0.0
K18243	nagH; salicylate 5-hydroxylase small subunit [EC:1.14.13.172]	0.1454899669183054	5.151246095861589	0.1776895083541024	10.540935939803171	61.60253849468743	17.295227252681226	306.02281428230486	51.03167331238152	152.35501694069526	60.03837589288285	15.02043580379673	662.81121937589	44.03309025727799	311.9508998730911	0.0
K18248	andAb; anthranilate 1,2-dioxygenase ferredoxin component	4.000034761476017	18.330154177375697	14.250037074776856	47.490726410506994	231.16036351044724	88.9904409220268	421.2223596685832	61.00010055039685	171.50009430792792	76.00013431782897	30.33006487569588	704.9600671889966	50.67010504864351	361.9704788739284	0.0
K18249	andAa; anthranilate 1,2-dioxygenase ferredoxin reductase component [EC:1.18.1.-]	4.0	13.33	14.25	37.5	170.17000000000002	72.0	125.25	10.0	19.5	17.0	15.33	43.0	6.67	51.0	0.0
K18251	phtAa; phthalate 3,4-dioxygenase subunit alpha [EC:1.14.12.-]	0.0	9.11157291661176e-07	0.0	0.0	0.0	0.0	0.0	0.0	0.0	0.0	0.0	0.0	0.0	0.0	0.0
K18252	phtAb; phthalate 3,4-dioxygenase subunit beta [EC:1.14.12.-]	0.0	0.0045547760843096	0.0	0.0	0.0	0.0	0.0	0.0	0.0	0.0	0.0	0.0	0.0	0.0	0.0
K18253	phtAc; phthalate 3,4-dioxygenase ferredoxin component	0.0	9.11008806494432e-07	0.0	0.0	0.0	0.0	0.0	0.0	0.0	0.0	0.0	0.0	0.0	0.0	0.0
K18254	phtAd; phthalate 3,4-dioxygenase ferredoxin reductase component [EC:1.18.1.3]	0.0	0.1547329433105313	0.0	0.0	0.0	0.0	0.0	0.0	0.0	0.0	0.0	0.0	0.0	0.0	0.0
K18255	phtB; phthalate 3,4-cis-dihydrodiol dehydrogenase [EC:1.3.1.-]	0.0	3.0735399974818e-15	0.0	0.0	0.0	0.0	0.0	0.0	0.0	0.0	0.0	0.0	0.0	0.0	0.0
K18256	phtC; 3,4-dihydroxyphthalate decarboxylase [EC:4.1.1.69]	0.0018285949643582	0.0618467428590005	0.0019502839934777	0.0382121459538058	0.0191221274094878	0.0231942912180349	0.0245812209332008	0.0052893596706846	0.0049609804259908	0.0070656638843794	0.0034127253612889	0.0035344143904084	0.0055259857330517	0.0251907155369258	0.0
K18257	phdE; cis-3,4-dihydrophenanthrene-3,4-diol dehydrogenase [EC:1.3.1.49]	0.000518500856372	0.0022997038822876	0.0005530059638667	0.0108351115403044	0.0054221080286929	0.0065767762100964	0.0069700422224578	0.0014998059014516	0.0014066934720141	0.0020034796382317	0.0009676834164376	0.0010021885239324	0.001566901577842	0.0071428653348582	0.0
K18258	CRYM; thiomorpholine-carboxylate dehydrogenase [EC:1.5.1.25]	0.0	0.0005413825024037	9.28186791427432e-07	0.0	2.4536925274958616e-06	0.0	3.92649365080185e-06	0.9100498501851952	0.0	0.0	0.0	0.0	0.0	0.0	0.0
K18275	phdK; 2-formylbenzoate dehydrogenase [EC:1.2.1.78]	0.0	0.0102475931430611	0.0017633431256873	0.0	0.0046614559600188	0.0	0.0074594420553523	0.0	0.0	0.0	0.0	0.0	0.0	0.0	0.0
K18276	hspB; 6-hydroxy-3-succinoylpyridine 3-monooxygenase [EC:1.14.13.163]	0.0	0.0015803015041239	2.229632038079506e-07	0.0	5.894106144828474e-07	0.0	9.431976539636016e-07	0.0	0.0	0.0	0.0	0.0	0.0	0.0	0.0
K18277	tmm; trimethylamine monooxygenase [EC:1.14.13.148]	0.0142895166435533	0.2451634719094987	0.0028600027132846	0.0515760240122485	0.0252863754097044	0.0751219683279882	3.5525725525878493	0.0564921956500394	0.0387240024398543	1.709123704831037	0.0346992870081973	6.579297645628855	0.0652412203195011	18.074706794502948	0.0086491207284348
K18282	cynD; cyanide dihydratase [EC:3.5.5.-]	122.38066843871762	12.020481657686004	19.730728847710367	19.96308339519712	1.204211928875814	6.497720144271346	0.2859519046587762	27.530956474021806	1.5642298970303523	2.056433320859677	6.232436552487539	1.3195957093398496	6.414430428658015	11.213698711124248	0.733354935209118
K18283	PDE2A; cGMP-dependent 3',5'-cyclic phosphodiesterase [EC:3.1.4.17]	0.0111056472631154	0.0311932845107971	0.0021052973440104	0.040084290056963	0.0193417596100699	0.0583839259768065	0.4962480727735849	0.0439050818623238	0.0300958473572347	0.0225411157694825	0.0269678850171953	0.0563129000838166	0.0507047227668445	0.158664154853401	0.0059370186490876
K18284	K18284; adenosylhomocysteine/aminodeoxyfutalosine nucleosidase [EC:3.2.2.9 3.2.2.30]	17.15511557408775	33.15255260296095	45.53536143951888	62.81410508913889	124.54011733341812	239.5426179816024	54.167521399009416	39.79273667566426	16.391738781889508	55.54870447107951	5.87379120292211	33.319593088832114	65.1099177107613	4.656413344055354	7.949875791456956
K18285	mqnE; aminodeoxyfutalosine synthase [EC:2.5.1.120]	263.5844814776946	275.3131733849582	1089.339723955611	398.6116999518322	395.1232175131811	709.6764005777111	769.2835838683447	494.61868019928113	114.98487748995436	181.4748182684595	64.1233712475892	185.0762718566893	221.7328282098948	260.33853768463945	27.09517058779559
K18286	add; aminodeoxyfutalosine deaminase [EC:3.5.4.40]	0.1937888435302071	1.8632799544416407	3.444704668049384	0.6994538931259457	9.34658212654076	1.0187747933770863	23.075991511655275	22.005625922204576	0.5251597962948283	0.3933329281361628	0.4705781775813171	0.9826362682451382	0.8847759481017334	2.768622336931009	0.1035568599584337
K18287	griI; 2-amino-4,5-dihydroxy-6-oxo-7-(phosphooxy)heptanoate synthase [EC:4.1.2.56]	0.0	0.422764070680577	0.1020768621785904	0.0	0.2698435662639079	0.0	0.4318141078280435	0.0	0.0	0.0	0.0	0.0	0.0	0.0	0.0
K18288	ict-Y; itaconate CoA-transferase [EC:2.8.3.-]	8.263994538904102	13.06606554669472	19.8226621267785	16.78689352492128	8.103902466894816	27.42970623916036	219.313375026112	21.390344257002983	12.605198161879132	9.44189965831702	11.293623360225723	32.16789876264071	21.23376676536092	86.91860720080713	2.4852417416875383
K18289	ict-P; itaconate CoA-transferase [EC:2.8.3.- 2.8.3.22]	0.0002849270896694	4.9992547033298536	2.371118457196507	13.065591165789778	71.74359693138214	41.82473088448468	353.4249908184786	52.61760018225255	154.7772621423546	69.66967337623157	15.000531762322431	696.6142087918287	44.97211110103276	325.7276969947459	20.91163994617893
K18290	ich-Y; itaconyl-CoA hydratase [EC:4.2.1.56]	1.5632197407552043e-16	0.0125953433421045	3.0817498561171574e-05	5.642224359072324e-16	8.146707821553077e-05	8.218062708768047e-16	0.0001303667683742	2.486678992527116	4.236261209180945e-16	3.850210396989694e-15	3.795972375721703e-16	7.926547186723786e-16	7.137145787251864e-16	7.181973561938923e-15	8.353531856048819e-17
K18291	ich-P; itaconyl-CoA hydratase / mesaconyl-C4 CoA hydratase [EC:4.2.1.56 4.2.1.-]	1.5026448608846757e-17	5.000000000000016	1.8255310892862693	13.64106217857254	19.792996427438982	46.49395910777115	88.30323017245126	1.920500914740468	2.30741501844276	6.728788003477134	9.48820789915232e-18	83.19274711124828	1.15370750922138	47.55877797409549	1.2920259810272188e-17
K18292	E4.1.3.25; (S)-citramalyl-CoA lyase [EC:4.1.3.25]	0.0016108217382009	5.055585652057649	1.833475536902389	13.64753328614086	19.810035340887197	46.52825426097809	88.29522680226566	4.413962976272848	2.310185099335713	6.738397412806822	0.0010171279454564	83.43521886877305	1.16504100023837	48.154973095787774	0.0016230345734935
K18294	nfxB; TetR/AcrR family transcriptional regulator, mexCD-oprJ operon repressor	0.1045094580539709	0.1145466307632633	0.5830043870864666	0.0116064760650556	7.644364021321379	7.14626646094267	2.165443556225061	0.0317215380046317	5.038566578652511	9.421279096486012	0.0006991215058733	77.69084106087156	0.0011320381976668	11.618328250940216	0.0
K18295	mexC; membrane fusion protein, multidrug efflux system	0.03144419126372	0.0750267651843909	0.3204863465003924	0.2046762523250602	8.047399885311114	7.9427228054685886	2.297170530345668	0.1324095241495712	5.080084581380757	9.60364722382742	0.0198549259174408	77.80259503145234	0.2212364743784716	0.8449533033416027	0.0270368023228034
K18296	mexD; multidrug efflux pump	0.03144419126372	0.0750267651843909	0.3204863465003924	0.2046762523250602	4.477399885311114	4.372722805468589	2.297170530345668	0.1324095241495712	2.650084581380757	9.602845777349495	0.0198549259174408	39.372595031452335	0.2212364743784716	0.8449533033416027	0.0270368023228034
K18297	mexT; LysR family transcriptional regulator, mexEF-oprN operon transcriptional activator	0.0	2.5179546481875896e-05	15.579615003885458	30.98278656439332	83.4211035125919	250.3695700405888	280.05615032806213	16.29730391537452	19.58064353202506	57.10026078774992	0.0	307.4698308283388	9.79032176601253	126.82793170902087	0.0
K18298	mexE; membrane fusion protein, multidrug efflux system	0.010724845122989	0.0255897959000731	5.242687773145567	10.449810067243575	28.009625063184355	84.15378912986307	93.61741899583151	5.505660823028076	6.578443184949552	19.19397941844769	0.0067720299627697	103.48578352485916	3.355458354243089	36.838167780527286	0.0092215924747759
K18299	mexF; multidrug efflux pump	0.0	0.0	5.19	10.38	27.87	83.88	93.57	5.460499170517989	6.56	19.13	0.0	103.44739883100908	3.28	36.83308629370619	3.0752695903037915e-08
K18300	oprN; outer membrane protein, multidrug efflux system	0.0	0.0	5.19	10.38	27.87	83.88	66.74036064389381	5.460499170517989	6.56	19.15791549823362	0.0	103.55823688683442	3.28	37.13650896584065	0.0340474263815304
K18301	mexL; TetR/AcrR family transcriptional regulator, mexJK operon transcriptional repressor	10.609743190525036	0.9460201837284684	5.241900696996615	10.964290397778877	79.2080597218478	84.72919985596498	416.9405312731968	65.73861724048669	160.37227593460443	83.53256438486667	15.39183758802757	720.212926547878	48.01667838369295	454.5717839009753	30.18401766249951
K18302	mexJ; membrane fusion protein, multidrug efflux system	19.238179426792367	27.054814494789294	75.46326866762298	51.28853701250514	50.71139187379476	112.64486302535234	166.52417224918966	22.80221825687717	9.59014873304611	28.11942885536468	4.268131329858767	107.43032194079294	10.191084350099231	201.4448848494468	1.5513256899387206e-05
K18303	mexK; multidrug efflux pump	239.27772864251784	64.92021529174858	95.27083991300346	23.63176711137384	84.99033584333122	157.0619352006034	114.02443112726888	92.351975543378	35.501070010388844	54.76598991167097	4.227837271452783	103.17325888640586	6.089979383418801	170.90183757295296	0.0
K18304	lasR; LuxR family transcriptional regulator, quorum-sensing system regulator LasR	0.0	0.0	0.0	0.0	0.0	0.0	8.60654352961508	0.0	0.0	4.963255413710665	0.0	0.388148251010839	0.0	27.877761095450836	51.0
K18305	mexG; transmembrane protein	0.0	10.0	0.0	19.98	70.98	33.98	333.94	51.0	152.0	59.0	15.0	708.92	52.0	378.946291285945	0.0
K18306	mexH; membrane fusion protein, multidrug efflux system	16.336523267674117	23.163791820829356	64.63324791431378	12.323488285877684	11.23023915311918	24.771047531121624	69.41140564599131	5.505197440433745	2.347295968629747	3.412587719462925	0.4717860896483677	47.83132775574827	0.8588232624520957	61.28827394866168	0.0801020050473851
K18307	mexI; multidrug efflux pump	0.1497474095768567	5.4185980194605765	0.0283876136334465	10.526478412988643	10.246788258160116	23.795464352896616	68.26807042641057	0.5920116243902895	0.4058093215092736	2.606666120697793	0.3636321978732279	47.70044854366789	0.6836972855121527	60.32082881656137	0.0800220035384622
K18308	opmD; outer membrane protein, multidrug efflux system	0.0	4.997990967839215	0.0	9.985985953742752	9.985985953742752	16.98317330871765	41.99617928682629	0.0	0.0	2.330631156042768	0.0	46.94113116994591	0.0	58.2205076541085	0.0
K18310	RIMKLB, NAAGS-I; beta-citrylglutamate/N-acetylaspartylglutamate synthase [EC:6.3.1.17 6.3.2.41]	0.0	0.0011797131152743	0.3400621395653703	0.0	0.89896552982896	0.0	1.4385593979721183	0.0	0.0	0.0	0.0	0.0	0.0	0.0	0.0
K18311	RIMKLA, NAAGS-II; N-acetylaspartylglutamate/N-acetylaspartylglutamylglutamate synthase [EC:6.3.2.41 6.3.2.42]	0.0	5.081562754009495e-18	2.4177811936511173e-22	0.0	6.39148466965185e-22	0.0	1.0227900885445262e-21	0.0	0.0	0.0	0.0	0.0	0.0	0.0	0.0
K18312	styC; styrene-oxide isomerase [EC:5.3.99.7]	0.0	3.199360170525227e-14	0.0	0.0	0.0	0.0	0.0	0.0	0.0	0.0	0.0	0.0	0.0	0.0	0.0
K18313	sct; succinyl-CoA---D-citramalate CoA-transferase [EC:2.8.3.20]	43.33488256356672	242.1992266077968	240.2997117075128	586.6811174177667	266.39529239947194	358.3022165236115	497.5485612460392	178.4816706705705	199.35855200418175	78.79177625016945	12.446831304201464	206.38520176987203	129.7839998444669	79.17398540679783	5.780354160432749
K18314	E4.1.3.46, ccl; (R)-citramalyl-CoA lyase [EC:4.1.3.46]	0.0	0.0003052395325839	0.0	0.0	0.0	0.0	0.0	0.0	0.0	0.0	0.0	0.0	0.0	0.0	0.000102252080803
K18315	cpmC, carC; (5R)-carbapenem-3-carboxylate synthase [EC:1.14.20.3]	0.0	1.6233966982658044e-05	0.05687904336069	0.0	0.1503616351301521	0.0	0.2406145020400167	0.0	0.0	2.6052844229582977e-23	0.0	0.0	0.0	3.649270813469889e-23	0.0
K18317	cpmB, carB; carboxymethylproline synthase [EC:2.3.1.226]	0.0	5.223824496333811e-15	1.8073815240237487e-15	0.0	4.777872924706313e-15	0.0	7.645736983330746e-15	0.0	0.0	0.0	0.0	0.0	0.0	0.0	0.0
K18319	cpmE, carE; carbapenem biosynthesis protein CpmE	3.49645540712856e-05	0.0001550780866274	3.729136931548286e-05	0.0007306542287512	0.0003656340910911	0.0004434979124656	0.0004700173877809	0.0001011378166367	9.485887893822731e-05	0.0001351025195574	6.525470251806778e-05	6.758151776226504e-05	0.0001056623422498	0.0004816715306849	0.0
K18320	IS15, IS26; transposase, IS6 family	81.09349435387348	425.23300258599886	170.37508829549665	591.8532180824972	1221.405912641347	1249.3966102243724	977.6808592137332	582.4510898768173	572.6921565405654	584.5066031942589	283.3644017556329	224.66156751079643	592.9635524239059	953.050056397004	122.15506774333195
K18321	smeA; membrane fusion protein, multidrug efflux system	0.0	0.0	0.0	0.0	0.0	0.0	0.0	0.0	0.0	2.8	0.0	0.0	0.0	0.0	0.0
K18322	smeB; multidrug efflux pump	0.0	0.0	0.0	0.0	0.0	0.0	0.0	0.0	0.0	2.8	0.0	0.0	0.0	0.0	0.0
K18323	smeC; outer membrane protein, multidrug efflux system	0.0	0.0	0.0	0.0	0.0	0.0	0.0	0.0	0.0	2.8	0.0	0.0	0.0	0.0	0.0
K18324	acrD; multidrug efflux pump	10.000005526011888	53.5317518759113	21.86866290949405	74.64588629080573	156.60350151094426	158.63051688569692	98.77375332508792	70.62275825573666	74.17396223053507	74.40493946051247	32.48411392603036	26.669816277552755	74.35447731844197	71.96296700116774	15.500022006717296
K18325	ramA; AraC family of transcriptional regulator, multidrug resistance transcriptional activator	10.995390922293629	7.897418658038415	0.1299140719602199	3.1113514214394784	5.533458378158887	4.555243982009497	0.0438844252903818	6.150505047167055	3.5534908227079494	0.4441966854642781	9.461183761414568e-05	0.2668995759440348	0.0001531982827516	0.0180052911861465	3.949398106100325e-15
K18326	mdtD; MFS transporter, DHA2 family, multidrug resistance protein	10.000005523979617	53.53175186495355	21.86866290498798	74.64588627551727	156.6035014786879	158.63051685313107	98.7737533077672	70.62275824128794	75.51650958619908	74.404939445224	32.4841139194033	26.669816272206955	74.35447730324222	71.96296698676234	15.50002200353581
K18328	DBR1; lariat debranching enzyme [EC:3.1.-.-]	1.2109099982139027e-20	6.529079188339125e-20	2.684900950354481e-20	9.109485367274132e-20	1.9219661839671228e-19	1.9404064377470296e-19	1.0320395365488036e-19	8.609139814712652e-20	8.872220768639328e-20	9.109485367274132e-20	3.948673009404118e-20	3.1852465029159623e-20	9.056623306438401e-20	8.583323459420781e-20	1.8956580885744552e-20
K18330	hndA; NADP-reducing hydrogenase subunit HndA [EC:1.12.1.3]	17715.762657281924	19369.509925647664	24400.2202288958	12503.05483260856	21086.37897163494	18620.749688714117	11047.530114170968	27216.13108549149	9726.681161368577	6679.915106007307	912.626049222226	2226.742845910679	2728.3854751754025	2704.3252544976344	578.6809057350579
K18331	hndC; NADP-reducing hydrogenase subunit HndC [EC:1.12.1.3]	19033.86983606876	20852.335874715693	25148.41522149724	16197.640466472209	20653.775957740618	18436.227793855785	12202.7714755711	32660.660043539378	10706.514757992616	7362.822342766311	1070.1390013274693	2460.777279633829	4706.56595262966	2789.860232111936	662.0293545029465
K18332	hndD; NADP-reducing hydrogenase subunit HndD [EC:1.12.1.3]	20931.413194887733	22538.859656083827	25838.04934207534	17462.463135231803	21052.348768749336	18969.15673761496	14491.842021776269	35033.72326957809	12684.304563863448	8894.635534936486	1246.8661349882636	2532.4226656633423	4301.451026717046	3047.9864162239696	806.4659340900837
K18333	K18333; L-fucose dehydrogenase	5.340842605195889	15.0615360968375	19.033369218435407	38.20066632360383	170.55552345586565	72.96241969055754	140.17182320131442	16.094364290541325	20.05590807063001	17.387219896769853	27.104195712317328	43.78203148073167	7.395006870734556	53.21189669286277	0.2128825606932442
K18334	fucD; L-fuconate dehydratase [EC:4.2.1.68]	4.150514449680925	14.436482373682148	17.0505127954107	38.043260983879215	177.75995854174425	76.99127531069688	157.95418795237856	25.495607846108943	19.907887968646357	17.30549895515824	28.89549480424276	60.52024983375781	15.35719933765791	93.00182773651106	0.1821490542048134
K18335	K18335; 2-keto-3-deoxy-L-fuconate dehydrogenase [EC:1.1.1.-]	112.57915268774482	43.0725646561411	17.350935339845826	55.31701131615896	212.7479440440324	99.4205292095832	216.9266398919708	154.05168585411764	43.98972042769967	27.195678528388857	31.81421775798592	151.9440979382507	24.447371966435675	135.0964821143914	0.080259998342457
K18336	K18336; 2,4-diketo-3-deoxy-L-fuconate hydrolase [EC:3.7.1.-]	4.0	13.33	14.25	37.5	170.17000000000002	72.0	125.25	10.020770129882951	19.5	17.0	15.33	43.94087668944671	6.67	53.24375446218141	0.0
K18337	LRA1; L-rhamnose 1-dehydrogenase [EC:1.1.1.378 1.1.1.377 1.1.1.173]	0.0371179374995609	0.1665276395900254	0.4734291598462718	1.643335686910807	2.717854273554715	7.482486613308176	17.575087608667953	0.5637775258844697	0.6490627917849305	1.7425330498035174	0.0692735838895549	11.50033591242433	0.3863507241592542	10.2228477309111	0.0001067735239716
K18344	vanRB, vanR, vanRD; two-component system, OmpR family, response regulator VanR	14053.033611816843	8171.0243219494705	4783.632007902819	14041.479449256116	108377.1869408866	45754.73894261698	4967.82950034726	12817.47211600464	3769.151778287802	2059.639074328702	7453.310437997485	1525.7070702518226	2457.1139741450643	58300.81620515773	404.8189878919177
K18345	vanSB, vanS, vanSD; two-component system, OmpR family, sensor histidine kinase VanS [EC:2.7.13.3]	6202.255089181452	5879.113279184777	2527.444993475024	9070.962893492451	58561.49181130715	23876.186912587997	3940.447363497428	8753.252705805522	2327.5429299379093	1416.397083298863	4140.30101902447	1527.2817413731464	2121.390298270537	32330.68405824181	280.62767801268865
K18346	vanW; vancomycin resistance protein VanW	21607.40632746233	11600.389166655452	23635.15865851892	7184.5066126532565	11569.137167561836	10581.339950558488	3358.752941503772	24831.682292738085	5319.042635277212	2593.9869295657027	316.74500346832065	701.0759660572867	2694.363245612927	1817.0849379567403	353.20923916917025
K18347	vanH; D-specific alpha-keto acid dehydrogenase [EC:1.1.1.-]	97.22524905398924	64.39052280956616	109.62386389851156	66.4018086703595	74.40164644583311	90.44625686529425	50.36878965012159	92.62113967065412	19.094205158628554	19.285626889802263	13.901245725035338	182.6940663419525	103.34721332310544	2.5238693863824357	0.1984583579993524
K18348	vanT; serine/alanine racemase [EC:5.1.1.18 5.1.1.1]	16804.903128169517	9456.69228387973	5086.266392125089	5263.713047543155	5600.130099464503	5424.493107845576	3530.795406044779	16209.9993659978	4733.711521437938	3200.068919262975	529.1704597954671	773.4022633180091	2764.6230437168965	894.8576254257608	359.70534454626494
K18349	vanRC, vanRE, vanRG; two-component system, OmpR family, response regulator VanR	36965.33880085513	17608.308331888456	9476.506338454576	8274.809200625425	21925.76611923669	20067.29221769944	4980.229033447533	36379.53328606895	7809.427357238813	4627.69601138697	472.795505561246	1831.148974999866	3993.8748099435047	1485.0207758378322	637.8254487410095
K18350	vanSC, vanSE, vanSG; two-component system, OmpR family, sensor histidine kinase VanS [EC:2.7.13.3]	36547.97966593677	16472.04770779401	9359.699266781718	8198.492247136373	21249.913999495388	19464.545651255143	5346.999984841988	36763.43227675978	7831.081908926141	4820.938126722125	495.43158684763614	1883.66951162232	3930.860855891957	1474.6070000529005	644.059385143092
K18351	vanSAc; two-component system, OmpR family, sensor histidine kinase VanS [EC:2.7.13.3]	0.0	0.7242502525831777	1.0109222907077593	0.0	2.672406560293698	0.0	4.276488302331562	0.0	0.0	0.0	11.4	0.0	0.0	0.0	0.0
K18352	vanRAc; two-component system, OmpR family, response regulator VanR	54.42872740032151	70.50682597254198	4.84489699749672	52.77082122113254	87.14186075337919	100.89905599670271	9.168316278080209	65.53279822656604	0.1717841771134945	8.69325599471421	7.181088574049583	0.9565491874884668	63.01954884866512	4.468505800631705e-05	0.095152982278638
K18353	vanJ; vancomycin resistance protein VanJ	0.0	1.556280638223115	5.488482795796299	0.0	14.508986065858988	0.0	23.217840470545227	0.0	0.0	0.0	0.0	0.0	0.0	0.0	0.0
K18354	vanK; vancomycin resistance protein VanK	0.0	0.0845321212536514	0.2946496578067596	0.0	0.7789161301011502	0.0	1.246451706999573	0.0	0.0	0.0	0.0	0.0	0.0	0.0	0.0
K18355	padG; phenylglyoxylate dehydrogenase alpha subunit [EC:1.2.1.58]	123.3388271084975	28.052323120061374	18.049273014003997	21.919167395402336	6.821351653926677	11.741312461607036	10.119118222696464	60.56178138287227	3.704144381012047	9.568545931479727	1.5269229774469455	2.945520815470801	6.001321863778912	8.388518797831043	1.466709870418239
K18356	padI; phenylglyoxylate dehydrogenase beta subunit [EC:1.2.1.58]	123.3388271084975	28.052323120061374	18.049273014003997	21.919167395402336	6.821351653926677	11.741312461607036	10.119118222696464	60.56178138287227	3.704144381012047	9.568545931479727	1.5269229774469455	2.945520815470801	6.001321863778912	8.388518797831043	1.466709870418239
K18357	padE; phenylglyoxylate dehydrogenase gamma subunit [EC:1.2.1.58]	56.14322174017069	10.203428948148751	9.002591743734602	10.079793433935208	1.0647151207543906	4.018197068788383	9.840103193316033	27.322070624455066	1.5730120364200295	7.1993289972712144	0.8385046834122616	1.417078654935797	3.122173089860553	8.215592843954322	0.733354935209118
K18358	padF; phenylglyoxylate dehydrogenase delta subunit [EC:1.2.1.58]	136.03952393888832	92.36072442715088	90.54403391800288	105.05494595293636	35.69526651130933	37.33056676851263	42.22599834713151	85.48831347528046	20.165414197260517	28.208381276226717	17.35693156718471	5.34277736559507	22.075023726982977	26.677755714229857	7.388784003179224
K18359	padH; phenylglyoxylate dehydrogenase epsilon subunit [EC:1.2.1.58]	0.0	0.0	0.0	0.0	0.0	0.0	8.606543529539751	0.0	0.0	4.963255413667224	0.0	0.0	0.0	6.952125058317343	0.0
K18360	padA; phenylacetyl-CoA:acceptor oxidoreductase accessory protein	0.0	0.0	0.0	0.0	0.0	0.0	2.4096051144868477e-12	0.0	0.0	1.389580566022726e-12	0.0	0.0	0.0	1.946411592479272e-12	30.08836005382107
K18361	padB; phenylacetyl-CoA:acceptor oxidoreductase [EC:1.17.5.1 3.1.2.25]	0.0	0.0	0.0	0.0	0.0	0.0	8.606543529539751	0.0	0.0	4.963255413667224	0.0	0.0	0.0	6.952125058317343	0.0
K18362	padC; phenylacetyl-CoA:acceptor oxidoreductase 27-kDa subunit	0.0	0.0	0.0	0.0	0.0	0.0	8.606543529539751	0.0	0.0	4.963255413667224	0.0	0.0	0.0	6.952125058317343	0.0341516371888145
K18363	padD; phenylacetyl-CoA:acceptor oxidoreductase 26-kDa subunit	0.0	0.0	0.0	0.0	0.0	0.0	8.606543529539751	0.0	0.0	4.963255413667224	0.0	0.0	0.0	6.952125058317343	0.0
K18364	bphH, xylJ, tesE; 2-oxopent-4-enoate/cis-2-oxohex-4-enoate hydratase [EC:4.2.1.80 4.2.1.132]	0.5380598900993444	3.327302450822836	15.252100839035425	42.79956328426618	115.73877595349155	20.929743919252548	139.9344211577556	13.383788432846634	25.52603378056746	39.86729436515398	2.21692643103816	120.69595082449624	0.6481120438246628	70.28992694979769	0.4792660266868289
K18365	bphI, xylK, nahM, tesG; 4-hydroxy-2-oxovalerate/4-hydroxy-2-oxohexanoate aldolase [EC:4.1.3.39 4.1.3.43]	5.470356546187429	6.670813600257848	34.949703091842125	42.833130344690126	96.37015773636718	10.752957745639636	145.76173941620812	103.87891537441942	25.729743192622838	36.527135815005934	6.0028146806227385	139.561710076437	0.8222061678958899	68.05186259617126	0.0176704091960202
K18366	bphJ, xylQ, nahO, tesF; acetaldehyde/propanal dehydrogenase [EC:1.2.1.10 1.2.1.87]	0.0205625783916153	0.0490867651414501	14.35097268683172	37.63401319192028	93.90767114719152	7.664782156006872	142.55410774567204	10.08657239007776	24.395372390940725	35.477180282395594	0.0129982783672751	119.93357521774718	0.1446284151565669	64.91414757633504	0.0176704091960202
K18369	adh2; alcohol dehydrogenase [EC:1.1.1.-]	23424.312558751662	17965.87409382139	46794.05568903353	17910.864369492232	4005.558950683827	4558.88248643881	8118.508193229279	31234.318868414717	16937.45594480273	6334.144894214689	463.4810321470766	4094.345474335704	2278.727911837125	1460.83097131448	941.726657133504
K18370	adh3; alcohol dehydrogenase [EC:1.1.1.-]	0.0	2.738857982098352e-13	0.0	0.0	0.0	0.0	0.0	0.0	0.0	0.0	0.0	0.0	0.0	0.0	0.0
K18371	acmA; acetone monooxygenase (methyl acetate-forming) [EC:1.14.13.226]	0.0	0.0117647467834777	4.2337051655633553e-13	0.0	1.1191939838303129e-12	0.0	1.7909774848644982e-12	0.0	0.0	0.0	0.0	0.0	0.0	0.0	0.0
K18372	acmB; methyl acetate hydrolase [EC:3.1.1.-]	3.81366935979263	0.4742420636787373	19.790494563002312	1.454735277147665	0.741259977261149	0.9123635193817382	0.936124955543486	0.2058691336526355	0.1900543251592813	0.2754685384615953	0.1299905162683161	0.1386054191623352	0.2186661038595262	0.9538161682851852	0.001169858687231
K18382	adh1; NAD+-dependent secondary alcohol dehydrogenase Adh1 [EC:1.1.1.-]	0.1594094361128637	0.998606405326872	0.4654295589854772	3.3311787234939496	2.4479197221314077	2.0219835207749672	3.392566045970624	0.4611047601772982	0.4324779996053093	0.615955702342833	0.297507450285505	0.3081158025401935	0.4817328532798722	2.196023634151364	0.0
K18383	K18383; trans-feruloyl-CoA hydratase / vanillin synthase [EC:4.2.1.101 4.1.2.41]	5.045657627733242	13.38354609400765	24.398925890185787	46.61780781101056	194.8857045817521	148.58722622217294	203.75613921410988	22.457838651739216	25.256296536649916	33.78866289724789	15.331587118860153	133.49863472862276	9.563671769315908	139.9922395291709	0.0021612077054889
K18384	L3HYPDH; trans-L-3-hydroxyproline dehydratase [EC:4.2.1.77]	325.9842399056864	272.3601040914705	239.1938313773119	213.74200740760077	403.0784724284715	290.26836819746774	268.0624568577937	293.97232910938	134.71553350037934	116.16889625280372	30.604117979373008	116.47719977485433	104.21207251043404	182.7800321399265	43.31610837320518
K18398	ENPP5; ectonucleotide pyrophosphatase/phosphodiesterase family member 5 [EC:3.1.-.-]	0.0	0.0	0.0	0.0	0.0	0.0	0.0	0.0	0.0	0.0	0.0	0.0	0.0	0.0	0.2801273686857582
K18399	BPHL; valacyclovir hydrolase [EC:3.1.-.-]	0.0	0.0	0.0	0.0	0.0	0.0	0.0	0.0263915662508218	0.0	0.0	0.0	0.0	0.0	0.0	0.0
K18408	TDRD9; ATP-dependent RNA helicase TDRD9 [EC:3.6.4.13]	6.580764951115728e-19	7.7999186118353035e-19	1.5335355813218512e-31	3.0046744809881457e-30	1.5035996229824625e-30	1.8237995586976032e-30	1.932855782002072e-30	1.7794313812948352e-18	3.900888294699242e-31	5.555830334757482e-31	6.089106261738175e-20	2.779159468545951e-31	4.345159869973781e-31	1.9807811951502574e-30	0.0
K18412	TNRC6, GW182; trinucleotide repeat-containing gene 6 protein	0.0	0.0	0.0	0.0	0.0	0.0	0.0	2.942432176268194e-05	0.0	0.0	0.0	0.0	0.0	0.0	0.0006941071157509
K18417	ERI2; ERI1 exoribonuclease 2 [EC:3.1.-.-]	148.7183291873989	787.2697594533144	122.88151804232292	31.708667537807827	69.79460094231015	53.54021304382759	8.073456600891038	180.248233710834	30.445018509624934	27.082056770916445	22.1745519252907	6.9983257808782255	16.80217206509704	6.7730828482844805	6.23983708905538
K18425	dhaa; 3-hydroxy-D-aspartate aldolase [EC:4.1.3.41]	0.0	0.0	0.0	6.0	20.490144191175578	0.0	0.0	0.0	0.0	0.0	0.0	0.0	0.0	0.0	0.0
K18426	ECHDC1; ethylmalonyl-CoA/methylmalonyl-CoA decarboxylase [EC:4.1.1.94 4.1.1.41]	3.318873126972365	7.918928894871562	16.304574323223612	21.603179673913864	43.207884565257416	84.72582821843514	14.67411689090125	13.975567308110191	5.707363621843102	19.79884745460858	2.095648748373175	11.878393342307342	23.351078848321187	1.5724991699947188	2.853681810921551
K18427	hpdB; 4-hydroxyphenylacetate decarboxylase large subunit [EC:4.1.1.83]	550.5057634420446	228.2073085642025	262.4506026638579	180.44536820748328	1112.6472015636682	1080.130243077366	141.403376240849	170.78067748262652	211.75945543576108	124.82410219011308	107.18217449356952	17.41578714775101	47.95503306514215	180.71754240972365	9.098506556381944
K18428	hpdC; 4-hydroxyphenylacetate decarboxylase small subunit [EC:4.1.1.83]	355.5481212481304	217.2335615660633	242.1590619729787	146.97693799357853	1102.0039376182808	1056.026365972491	141.30644641103203	164.3810804923524	210.85746600117176	123.6923719122328	92.382422591483	17.044814505562854	38.55567040813958	180.6806379673282	9.098506556381944
K18429	legG, neuC2; GDP/UDP-N,N'-diacetylbacillosamine 2-epimerase (hydrolysing) [EC:3.2.1.184]	6848.214812754827	2123.0464897104025	2353.530668191863	1463.9953309260538	1989.9225034942283	2195.477147439355	944.045544325316	3838.2479797177375	1136.2210733894317	608.6702537579612	71.44602941965718	242.15734763573732	839.0652829535934	287.25108603755234	114.40295467733362
K18430	legI, neuB2; N,N'-diacetyllegionaminate synthase [EC:2.5.1.101]	7863.560837435773	2904.638649516024	2963.3466410939427	2213.545273977126	2374.376810778976	2618.084567422904	2557.9235345968445	4487.748973382462	2286.791666396976	1169.1470071694798	165.4858917145766	397.29343779187695	860.3084994291713	444.6508989583368	139.22553060389487
K18431	legF, ptmB; CMP-N,N'-diacetyllegionaminic acid synthase [EC:2.7.7.82]	7503.214242851433	2415.2005006231143	2202.8043631087708	1338.5340067558727	2137.3790116005466	2254.234080402004	813.0964130006279	4079.3256238043223	1198.2738121507296	649.8732903687871	75.88522425994513	189.4206859204459	820.0545078531909	283.77706010011946	67.8227609223767
K18441	CYTH; cytohesin	0.09721656464829	0.5022706395795336	0.1036861161875701	2.031534391090064	1.0166207234250415	1.2331157832214057	1.3068513807402955	4.419787307962944	0.2637486615147713	0.3756433672778199	0.1814362623649904	0.1879058139042706	6.256071919189282	25.93368040354862	2.436632436069013e-07
K18445	ndx1; diadenosine hexaphosphate hydrolase (ATP-forming) [EC:3.6.1.61]	0.0186052970886195	0.069378070233396	0.016026423344018	0.3225761314599211	0.1571357351686096	0.1950233376337081	0.2041621038717271	0.0434652171605005	0.0450042200245189	0.0580619648196321	0.0280440087596438	0.0290439861493542	0.0454096875363097	0.2070042480395872	0.0
K18446	ygiF; triphosphatase [EC:3.6.1.25]	35.37786522689163	75.20056757730192	64.56128745032429	101.58253105723246	166.12032779180467	168.25166839202896	101.60559801572296	94.90569909710987	124.19299685882628	81.87455038641848	32.558673518602504	29.51541183914387	79.63351906762767	74.02253365294692	15.500022002949065
K18447	NUDX14; ADP-sugar diphosphatase [EC:3.6.1.21]	4.650702263547906	13.062784675655564	0.8816335411400658	16.786063349933055	8.09973188130408	24.449385998146305	207.8133746417828	18.386093017425356	12.603211871544056	9.439523482814115	11.293317797794366	23.58210428279666	21.233572736234738	66.44365039139757	2.4852417416873926
K18455	mca; mycothiol S-conjugate amidase [EC:3.5.1.115]	0.0	2.5671427431764435	519.2326496221445	1251.96	935.5107583071202	380.48	54.753385310081455	0.0	0.0	106.51	60.97	93.78	38.18	5.36	0.0
K18456	E3.5.4.32; 8-oxoguanine deaminase [EC:3.5.4.32]	3.348152902285552e-19	1.4850043411505998e-18	5.19	16.380000000000003	48.32	83.88	93.57	5.46	6.56	19.13	6.248691780201379e-19	103.01	3.28	55.79	0.0
K18457	laaA; L-proline amide hydrolase [EC:3.5.1.101]	2.5727704991699945	0.4018530398669866	18.837221869769092	10.160333495218568	28.029109363014648	81.64719698441634	94.00885574515831	5.383360194009473	6.429120312080125	18.636592114003577	0.0462059002764135	100.24136302390558	3.2756374298826065	35.066455502719506	0.010160053989251
K18459	gpuA; guanidinopropionase [EC:3.5.3.17]	625.2374907269703	326.4494431115368	178.67305543417913	215.78743542555543	61.49823533588759	81.57392750746308	63.22777314129105	932.3360674802552	344.23491644612614	90.08093579402166	11.880741534236156	18.47177796845684	79.15624173015047	23.975366548976886	29.87413853792067
K18462	FAM21; WASH complex subunit FAM21	0.0	0.0033799650739359	0.16601097673515	0.0	0.49803293020545	0.0	2.15814269755695	0.0	0.16601097673515	0.9960658604109	0.0	0.83005488367575	0.0	0.83005488367575	0.0
K18471	ydjG; methylglyoxal reductase [EC:1.1.1.-]	2161.997561532706	2848.292702727688	868.2334885460104	2802.0399519185985	1035.5642334565125	1154.837014355758	1143.3116777322375	2606.314882738893	527.2830701392554	383.4558003073211	221.0847417068553	466.9121026228577	794.8432179020854	142.34454505076278	106.1391090136776
K18472	accD6; acetyl-CoA/propionyl-CoA carboxylase carboxyl transferase subunit [EC:6.4.1.2 6.4.1.3 2.1.3.15]	0.0	1.1530982999345003	4.33784243035858e-06	0.0	1.1467230147130885e-05	0.0	1.835030504451374e-05	0.0	0.0	0.0	0.0	0.0	0.0	0.0	0.0
K18474	fabM; trans-2-decenoyl-[acyl-carrier protein] isomerase [EC:5.3.3.14]	4.409735821182792	4.9694389284584295	20.419140292500813	1.1545366788943214	6.192612868967856	0.6128713463441963	56.81460526380606	6.842449300774313	11.801572562314185	0.200828813397945	11.17868304934913	28.262921565655308	5.393994325254628	36.43401474537252	0.0
K18475	fliB; lysine-N-methylase [EC:2.1.1.-]	16463.79063761444	24251.66180340774	15229.736462859692	28379.302736353267	239235.21788167665	98597.02791942004	5464.124718232593	17000.457123358385	4274.911100266893	2276.69527014701	15805.200035780254	2395.5847314902803	2126.6283664532766	129815.96807553264	568.9240973091692
K18476	tetR; TetR/AcrR family transcriptional regulator, tetracycline repressor protein	13.406866524400764	63.881485460332655	18.691922202865484	75.10052735852277	142.2503545015396	156.19506017593957	130.19553851512768	63.35481445438935	60.44426411162175	64.42512018260202	27.190923595995752	70.53324765341048	64.11566276324588	130.78802963611167	12.814178850653532
K18478	yihV; sulfofructose kinase [EC:2.7.1.184]	326.0034148725239	220.71216541189423	88.98635673643415	175.6116815531676	773.1002216619022	827.980164913386	282.37877904708245	381.5989838276457	97.62071031663348	114.09652195267444	90.9695143317673	67.31330719571378	103.04618265377316	163.9947524270749	17.106792006275473
K18479	yihS; sulfoquinovose isomerase [EC:5.3.1.31]	8.58296819521443	46.27807195971874	19.030365460382637	64.57177117547394	136.2281706498133	137.53575714148494	73.1525571899037	61.02076559753124	65.82538925272817	64.56737470942922	27.98795865510069	22.57694744608195	64.19248069320172	60.84059312718983	13.436080146811143
K18480	linN; cholesterol transport system auxiliary component	16.731371421200684	48.70742666308545	81.16737721606191	143.1052800868186	445.6060955180966	488.8433037677895	591.5310510316082	126.15861518586289	203.51607122589144	192.7290328116318	40.16901853526183	919.6342644624084	150.37712592981887	480.1898221740291	61.946873129166576
K18481	mas; Mce-associated membrane protein	0.0	5.60892445274864	1.926769999303884	0.0	5.093480313617207	0.0	8.150784129547345	0.0	0.0	0.0	0.0	0.0	0.0	0.0	0.0
K18482	ADCL; 4-amino-4-deoxychorismate lyase [EC:4.1.3.38]	0.0	0.0	0.0	0.0	0.0	0.0	0.0	0.0	0.0	0.0	0.0	0.0	0.0	0.0	0.5356292411117501
K18491	ESX1; homeobox protein ESX1	5.493814667644357e-05	0.0097851161198457	3.346683354477136e-05	2.447679703800584e-05	9.255583231912028e-05	2.8619801681905856e-05	0.0046534004280282	7.45304001057303e-06	3.0935299937870616e-05	4.13660840579353e-06	0.0001736671131043	0.0005647537149169	0.0001115907002464	8.348572932096475e-06	3.3046797238130895e-07
K18530	frvX; putative aminopeptidase FrvX [EC:3.4.11.-]	24.749850722298927	84.79907460151006	54.38778727722658	322.19052972303825	337.7685486326801	283.5708859418363	280.5151592629984	107.84746476412582	90.71971738593376	112.62761375893852	59.72778084268164	103.0940567129859	112.76677557116616	128.5712744666053	15.619451207542529
K18531	frvR; putative frv operon regulatory protein	9.84991238149366	53.109527564482725	21.8398057184208	74.09934096050475	156.33860927116442	157.83859594387184	83.94925327831663	70.02937703178856	72.16935799290053	74.09934083220429	32.11971427310702	25.90976951804493	73.66934465116111	69.81937898193675	15.41986282299307
K18534	K18534; MPBQ/MSBQ methyltransferase [EC:2.1.1.295]	5.802221555171129	16.297145360113223	1.099927031721508	20.94231216623796	10.105234919286566	30.503082418551053	265.1392825967266	22.93851104106224	15.723781794983168	11.776760480200094	14.089556424489706	29.42106074138425	26.491030051338424	82.89517553659033	3.1005904885489324
K18535	thnA; putative oxidoreductase	0.0	0.0263294206774719	7.551333997963592e-06	0.0	1.996220154666716e-05	0.0	3.194428672324661e-05	0.0	0.0	0.0	0.0	0.0	0.0	0.0	0.0
K18536	thnD; putative oxidoreductase	0.0	0.0069132375954731	5.865616375815971e-07	0.0	1.5505951176447267e-06	0.0	2.481322258665368e-06	0.0	0.0	0.0	0.0	0.0	0.0	0.0	0.0
K18537	thnK; putative methyltransferase	0.0007262956996924	0.0020606485137421	0.0001376838622119	0.0026214633693881	0.0012649273380032	0.0038182370971707	0.0324540148536182	0.0028713384637343	0.0019682314768592	0.0014741613038637	0.0017636665791503	0.0036827945457914	0.0033160266328615	0.0103764409795449	0.0003881178126218
K18538	thnN; thienamycin biosynthesis protein ThnN	0.0	7.364020136144485e-11	1.8073815240237487e-15	0.0	4.777872924706313e-15	0.0	7.645736983330746e-15	0.0	0.0	0.0	0.0	0.0	0.0	0.0	0.0
K18539	thnO; thienamycin biosynthesis protein ThnO	0.0	7.364020136144485e-11	1.8073815240237487e-15	0.0	4.777872924706313e-15	0.0	7.645736983330746e-15	0.0	0.0	0.0	0.0	0.0	0.0	0.0	0.0
K18540	ramA; (R)-amidase [EC:3.5.1.100]	4.000639675590638	13.33283714948734	15.756956672163028	40.52591615486063	178.26529587406486	96.35229470410718	171.50798548450422	11.586485838612637	21.40561988089392	22.55450056002552	15.331193833054185	72.89744618663151	7.6238753098609315	61.39601096596599	6.0569821260448906e-06
K18541	mdlY; mandelamide amidase [EC:3.5.1.86]	0.0	5.057569602371783	0.2276627377633945	10.108151345334992	61.81353377237199	17.97038265811622	298.8999530157349	51.06426040829418	152.24321762113254	60.22121267555151	15.0	663.9835422181609	44.0386033221987	332.20722715831994	0.0012097761490281
K18544	sprA; streptogrisin A [EC:3.4.21.80]	0.0	0.0457726056821547	0.8583515268158718	0.0	2.2690806923397497	0.0	3.631070654448215	0.0	0.0	0.0	0.0	0.0	0.0	0.0	0.0
K18545	sprB; streptogrisin B [EC:3.4.21.81]	373.9078800069333	57.57778494155045	234.53396078931652	0.8631841682078745	30.913087938250836	0.4782280427884244	17.86123784198941	433.1001607902509	0.2961179623414298	0.0662941840751746	0.0320201819675434	0.0331619394907414	0.0518480246695084	0.2363540015655826	4.445125587872985e-06
K18546	sprC; streptogrisin C [EC:3.4.21.-]	0.0006663933973726	2.61256452804147	3.915732753526074	0.0024052543358776	10.352195882736757	0.0035033223964224	16.593904187976975	0.0026345206155908	0.0018058987010874	0.0013525776897385	0.0016182055931355	0.0033790506679781	0.0030425324762166	0.0095206288016352	0.000356107227185
K18547	sprD; streptogrisin D [EC:3.4.21.-]	0.0	1.003227462281824	5.78417134547597	0.0	15.290648541037424	0.0	24.468686985120744	0.0	0.0	0.0	0.0	0.0	0.0	0.0	0.0
K18548	sprE; glutamyl endopeptidase II [EC:3.4.21.82]	0.0	0.034408796349851	0.8436696895249849	0.0	2.2302687691543768	0.0	3.568962314362791	0.0	0.0	0.0	0.0	0.0	0.0	0.0	0.0
K18552	cmlA, cmlB, floR; MFS transporter, DHA1 family, florfenicol/chloramphenicol resistance protein	1.0431442070655736	4.997991480508381	5.492850337275211	9.985986669027731	9.985987462887875	27.20822300189907	37.95474422013772	8.000000675997397	1.5974533261004875	7.152849792592539e-07	1.800000310053354	64.1116864294291	7.111342027264405e-07	62.79352956005628	1.4884877706042778e-07
K18553	cmlR, cmx; MFS transporter, DHA1 family, chloramphenicol resistance protein	0.0	2.397509167613796	3.5719109776335456	0.0	9.442464981883004	0.0	15.110197542607525	0.0	0.0	0.0	0.0	0.1108380558253479	0.0	0.2706141763877052	0.0
K18554	cpt; chloramphenicol 3-O phosphotransferase [EC:2.7.1.-]	220.57504819346025	474.4348229519487	3002.878320652529	3003.4567606566857	237.3419405647014	394.73976703091137	34.828458453140826	522.2701770176847	2476.1008471379832	425.7554291313463	2.7798208241444837	10.44467869631041	105.7431506125015	401.6727464659174	13.039580047316962
K18555	qnr, mcbG; fluoroquinolone resistance protein	0.1497474095768567	0.4206070516213619	0.0283876136334465	0.5404924592458915	0.2608023044173628	6.812291044178965	14.820283557877676	0.5920116243902895	0.4058093215092736	3.103942094997276	0.3636321978732279	0.7594150702346749	0.6836972855121527	2.139644185597135	0.0800220035384622
K18556	frdA; NADH-dependent fumarate reductase subunit A [EC:1.3.1.6]	0.98060798745841	2.3397594994871618	4.817416997210663	6.382964859540863	12.766380366134786	25.03344379747917	4.335675297489596	4.129278947188148	1.686321272550262	5.849849395770964	0.6191890509043453	3.5096392492307427	6.899406382347545	0.4646171117047889	0.8431606362751309
K18562	thnQ, cmmQ; 2-oxoglutarate-dependent dioxygenase [EC:1.14.20.-]	0.0	0.0057545793695288	1.8073815240237487e-15	0.0	4.777872924706313e-15	0.0	7.645736983330746e-15	0.0	0.0	0.0	0.0	0.0	0.0	0.0	0.0
K18563	thnL; methyltransferase [EC:2.1.1.-]	2.4127965310543638	17.715119179161963	1.141947617942357	36.54853430057389	16.456511236793567	22.8012907433037	2.052192005184939	42.116090783558455	2.4669653886363823	0.7615371400130324	1.2906702936428245	1.038317967521367	20.36351503663233	0.0025194573403065	0.0
K18564	thnP; methyltransferase [EC:2.1.1.-]	0.0	7.364020136144485e-11	1.8073815240237487e-15	0.0	4.777872924706313e-15	0.0	7.645736983330746e-15	0.0	0.0	0.0	0.0	0.0	0.0	0.0	0.0
K18565	thnG, cmmG; 2-oxoglutarate-dependent dioxygenase [EC:1.14.20.-]	0.0	7.364020136144485e-11	1.8073815240237487e-15	0.0	4.777872924706313e-15	0.0	7.645736983330746e-15	0.0	0.0	0.0	0.0	0.0	0.0	0.0	0.0
K18566	thnF, cmmF; N-acetyltransferase [EC:2.3.1.-]	0.0	7.364020136144485e-11	1.8073815240237487e-15	0.0	4.777872924706313e-15	0.0	7.645736983330746e-15	0.0	0.0	0.0	0.0	0.0	0.0	0.0	0.0
K18567	pbuE; MFS transporter, DHA1 family, purine base/nucleoside efflux pump	8.674240662354038	24.31154017402175	30.936199967772552	38.67845812986423	171.37163342967798	72.71530923925016	126.60089470203944	22.88844559680463	19.652996058430556	17.217904251111687	15.435248052592147	43.10900093418896	6.8404207562826045	71.77058746131661	0.0
K18568	thnR; CoA pyrophosphatase [EC:3.6.1.-]	0.0	7.364020136144485e-11	1.8073815240237487e-15	0.0	4.777872924706313e-15	0.0	7.645736983330746e-15	0.0	0.0	0.0	0.0	0.0	0.0	0.0	0.0
K18569	thnH; hydrolase [EC:3.1.3.-]	0.0	0.0251969071421558	1.8073815240237487e-15	0.0	4.777872924706313e-15	0.0	7.645736983330746e-15	0.0	0.0	0.0	0.0	0.0	0.0	0.0	0.0
K18570	cmm17; putative hydratase	0.0	5.158485486734509e-19	1.8073815240237487e-15	0.0	4.777872924706313e-15	2.9749518304431573	7.645736983330746e-15	0.0	0.0	0.0	0.0	0.0	0.0	0.0	0.0
K18571	cmmSu; putative sulfotransferase [EC:2.8.2.-]	0.0	1.1751989632863841e-07	0.000411755136029	0.0	0.0010884883406698	0.0	0.0017418411274919	0.0	0.0	0.0	0.0	0.0	0.0	0.0	0.0
K18572	cmmT, thnT; putative pantetheine hydrolase [EC:3.5.1.-]	0.0	0.544711835543633	0.0002551795637647	0.0	0.0006745756291319	0.0	0.0010794820031813	0.0	0.0	0.0	0.0	0.0	0.0	0.0	0.0
K18574	ptpA; Xaa-Xaa-Pro tripeptidyl-peptidase [EC:3.4.14.12]	0.0	0.0	0.0	0.0	0.0	0.0	0.0	0.0	0.0	0.0	0.0	0.0	0.0	0.0	9.277294819242497e-05
K18575	TMEM86B; alkenylglycerophosphocholine hydrolase [EC:3.3.2.2]	0.0002488388891785	0.001103673701476	49.06026539857759	15.015199985856688	0.0026021776478961	0.0031563259084038	0.0033450621000796	0.0007197867272815	0.0006751002176544	0.0009615097856923	0.0004644105471835	18.47048097023559	0.0007519872788843	0.0034280033544894	1.8346946087430495e-05
K18576	XEG; xyloglucan-specific endo-beta-1,4-glucanase [EC:3.2.1.151]	0.0	0.0498700037914624	0.0	0.0	0.0	0.0	0.0	0.0	0.0	0.0	0.0	0.0	0.0	0.0	0.0
K18577	EBM; mannosylglycoprotein endo-beta-mannosidase [EC:3.2.1.152]	53.39804915919829	8.031375327028954	33.179503383256744	0.0076220934711608	2.8292519981037616	0.0	0.0	61.865048001256085	0.0023573484962353	0.0	0.0	0.0075828043295568	0.0	0.0003536022744352	0.0019859770315155
K18579	6GAL; galactan endo-1,6-beta-galactosidase [EC:3.2.1.164]	0.0014673397910775	0.0872333866999569	1.2656398441398875	0.0105041375916329	3.3495082845653243	0.0099514486847062	5.407876919388529	0.0054814064096726	0.0039773470183199	0.0035308445189348	0.0033938436310238	0.0064950977704379	0.0062343473066234	0.0208097072166801	0.0006231325228809
K18581	ugl; unsaturated chondroitin disaccharide hydrolase [EC:3.2.1.180]	9070.81752257236	5242.032477895706	17117.19372713231	5694.465712764431	3034.2125699432727	3146.2625936393097	5525.1190630951005	8736.573280747732	3095.498645126578	1985.6111418195717	402.8880990963629	2133.102647075668	1711.164886477849	923.4861911500176	108.7986691731452
K18582	thnM; carbapenam-3-carboxylate synthase [EC:6.3.3.6]	0.0	7.364020136144485e-11	1.8073815240237487e-15	0.0	4.777872924706313e-15	0.0	7.645736983330746e-15	0.0	0.0	0.0	0.0	0.0	0.0	0.0	0.0
K18583	thnE; carboxymethylproline synthase [EC:2.3.1.226]	0.0	1.6234040622865146e-05	0.0568790433606916	0.0	0.1503616351301563	0.0	0.2406145020400234	0.0	0.0	2.6052844229582977e-23	0.0	0.0	0.0	3.649270813469889e-23	0.0
K18586	COQ4; ubiquinone biosynthesis protein COQ4	0.0	3.4856659475880166e-17	0.0	0.0	0.0	9.0	0.0	0.0	0.0	0.0	0.0	9.304762060344425	0.0	22.1895192288283	0.0
K18587	COQ9; ubiquinone biosynthesis protein COQ9	7.34	0.0	38.65	0.0	0.0	9.0	11.5	0.0	0.0	0.0	0.0	11.54	0.0	27.52	0.0002379948039948
K18588	COQ10; coenzyme Q-binding protein COQ10	14.68	0.0	77.3	6.0	20.45	13.2	11.5	8.0	0.0	0.0	1.8	27.94	8.0	66.52	0.0002379948039948
K18589	dfrA1, dhfr; dihydrofolate reductase (trimethoprim resistance protein) [EC:1.5.1.3]	8.494512479741942	45.80137642630402	18.834533254575028	63.90288068516527	134.82559198810716	136.1191725687785	72.39739316490723	60.39296537627698	63.83592630081387	63.90288068516527	27.699872167442763	22.344448563463324	63.53205425203949	60.211864094982985	13.2980083693016
K18590	dfrA12, dhfr; dihydrofolate reductase (trimethoprim resistance protein) [EC:1.5.1.3]	0.1551620535961989	0.956222177865061	0.0126313430004606	126.0352866176822	0.2172560990384054	0.3260690575781042	55.3332894470783	2.0483552524066155	11.595761988452718	17.35925345725456	16.996666008620423	4.153437367461674	1.2632700848384395	15.442445064709638	6.725934691233272e-09
K18591	dfrD, dhfr; dihydrofolate reductase (trimethoprim resistance protein) [EC:1.5.1.3]	0.1168041784778417	50.268904291274936	18.721283327357305	80.99743177244135	534.7587456916168	304.2391426224024	14.106268170768224	9.036853620583706	22.2301896131064	171.95365129527983	64.28441097380286	19.32943036727492	3.2959619879482305	203.13601439661983	1.0398474903734725
K18592	GGT1_5, CD224; gamma-glutamyltranspeptidase / glutathione hydrolase / leukotriene-C4 hydrolase [EC:2.3.2.2 3.4.19.13 3.4.19.14]	0.0	0.0029246607154605	0.0	0.0	0.0	0.0	0.0	0.0	0.0	0.0	0.0	0.0	0.0	0.0	0.0
K18604	K18604; acetyl-CoA/propionyl-CoA carboxylase [EC:6.4.1.2 6.4.1.3 2.1.3.15]	0.0395444812867181	0.0281256988412935	0.0005742942102951	0.0386689820470632	0.009975792617451	0.0150096133451081	0.0224612081153054	0.0112063104383168	0.0299195095932704	0.0136571977474363	0.0010049348827504	0.0010407682819443	0.0016272202526802	0.0074178335742022	0.0
K18605	K18605; biotin carboxyl carrier protein	9.118410713436457e-09	4.0442834867558945e-08	9.725221170896281e-09	1.9054741363725108e-07	9.535376331715997e-08	1.1565987966466817e-07	1.2257589716446698e-07	2.6375744671980058e-08	2.4738259673251425e-08	3.523340407068866e-08	1.7017782561440235e-08	1.7624593018900058e-08	2.7555696309291643e-08	1.2561518264469658e-07	0.0
K18608	ppaT; pyridoxamine---pyruvate transaminase [EC:2.6.1.30]	2.553737846830594	0.0	13.447134574932214	0.0	0.0	0.0	0.0	0.0	0.0	0.0	0.0	0.0	0.0	0.0	0.0
K18609	pldh; pyridoxal 4-dehydrogenase [EC:1.1.1.107]	57.32842461507236	347.4483769313203	303.6333150865251	859.0435879844874	389.8513226893777	524.6608535734268	729.5224663978727	262.1407438053925	292.9143350261451	115.12959923230602	17.898813287476575	290.77773296173586	184.7287741555904	113.41666264971042	8.511116432949931
K18611	K18611; 4-pyridoxate dehydrogenase [EC:1.1.1.-]	0.0	1.4367329600559871e-18	0.0	0.0	0.0	0.0	0.0	0.0	0.0	0.0	0.0	0.0	0.0	0.0	0.0
K18612	K18612; 5-formyl-3-hydroxy-2-methylpyridine 4-carboxylate dehydrogenase [EC:1.2.1.-]	0.0	0.0028687981463725	7.995879723609368e-08	0.0	2.1137372897112461e-07	0.0	3.3824841354448455e-07	0.0	0.0	0.0	0.0	0.0	0.0	0.0	0.0
K18613	K18613; 3-hydroxy-2-methylpyridine-4,5-dicarboxylate 4-decarboxylase [EC:4.1.1.51]	0.0038742670368458	0.0171835144224306	0.0041320911058456	0.0809605518781033	0.0405142906663001	0.049142035092813	0.0520805404385128	0.0112066325334892	0.0105108913179114	0.0149701105024577	0.0072305839350758	0.0074884080040757	0.011707975133332	0.0533718842835829	0.0
K18614	K18614; 2-(acetamidomethylene)succinate hydrolase [EC:3.5.1.29]	0.0	0.0028687981463725	7.995879723609368e-08	0.0	2.1137372897112461e-07	0.0	3.3824841354448455e-07	0.0	0.0	0.0	0.0	0.0	0.0	0.0	0.0
K18615	RCSD1, CAPZIP; CapZ-interacting protein	5.394376311044082e-11	2.3925646389183986e-10	5.753360355510474e-11	1.1272627287350238e-09	5.641049719870971e-10	6.842342756966701e-10	7.251488628326789e-10	1.560367225343541e-10	1.4634949680562528e-10	2.0843790244751807e-10	1.0067579318472646e-10	1.0426563362939035e-10	1.6301721876393462e-10	7.43129024192258e-10	0.0
K18622	ADD; adducin	0.0	0.0	0.0	0.0	0.0	0.0	9.884962792922211	1.719123963986472	0.0	0.0	0.0	0.0	0.0	28.793177491818422	0.0
K18626	TCHH; trichohyalin	3.221168617311303	3.52556879191486	12.819350154817306	0.3679819794009927	0.2005375358719694	0.1998973827522588	0.2350896450407001	0.9881669791407776	0.3886072341929738	0.1629227099607125	0.0229124915600781	0.0239035560568724	0.0369611069026982	0.1981730903807063	1.6182798248713166
K18640	parM; plasmid segregation protein ParM	57423.28752198686	32646.13310513903	37260.54221700829	19635.81862360024	120154.63103410504	57085.696237849	9145.158231282809	45468.78208189957	12698.51603820636	5603.191453679516	7591.157479982828	3028.31851209211	3974.563889642388	59371.96549531351	911.1741670019446
K18642	creS; crescentin	0.0	0.0	0.0	0.0	0.0	0.0	0.0	0.0	0.0	0.0	0.0	1.6785653710522794	0.0	4.002956586772854	0.0
K18643	KATNB1; katanin p80 WD40 repeat-containing subunit B1	0.0010409024689638	0.0029236627179956	0.0001973238615782	0.0037569927711947	0.0018128511427783	0.0054721684614369	0.0465119980790426	0.0041151053178443	0.0028208028832094	0.0021127181965864	0.0025276273802033	0.0052780567708498	0.00475241738421	0.0148711647876195	0.0005562373418677
K18646	ANP32A_C_D; acidic leucine-rich nuclear phosphoprotein 32 family member A/C/D	0.0	0.0	0.0	0.0	0.0	0.0	0.0	0.0	0.0	0.0	0.0	0.0	0.0	0.0	8.93993829095549e-05
K18647	ANP32B; acidic leucine-rich nuclear phosphoprotein 32 family member B	0.0002490058739064	0.0011044143278841	0.0002655766747843	0.0052034753362714	0.0026039238537557	0.0031584439785519	0.0033473068227044	0.0007202697441893	0.00067555324743	0.0009621550122099	0.0004647221924778	0.0004812929933557	0.0007524919041522	0.0034303037353068	0.0
K18648	ANP32E; acidic leucine-rich nuclear phosphoprotein 32 family member E	0.0006070562770964	0.0026924732326161	0.0006474545557861	0.0126856540211049	0.0063481567551192	0.0077000321838101	0.0081604645955214	0.0017559596589157	0.0016469444392278	0.0023456564720286	0.0011329552978966	0.0011733535765863	0.0018345146912137	0.0083628043876897	0.0
K18649	IMPL2; inositol-phosphate phosphatase / L-galactose 1-phosphate phosphatase / histidinol-phosphatase [EC:3.1.3.25 3.1.3.93 3.1.3.15]	3.5968819588144334	0.0	18.939984701386628	0.0	0.0	0.0	0.0	0.0	0.0	0.0	0.0	0.0	0.0	0.0	0.0
K18650	pehX; exo-poly-alpha-galacturonosidase [EC:3.2.1.82]	107.8307577343816	23.143595485145788	4.160637359625993	0.5814660731882407	1.3822886583996068	0.5156613999596236	0.4044988676325447	138.18094095255452	19.856259916538555	7.981492057737504	2.3855820747708454	2.100437834351258	1.5414728508879432	17.056880438661306	0.0022020640809157
K18652	ntdC; glucose-6-phosphate 3-dehydrogenase [EC:1.1.1.361]	0.002628315649937	0.0116594670781524	0.0095858397673177	0.0549214200747504	0.0454155394801043	0.0333387414350094	0.0640221801857493	0.0076034012181384	0.0071314818783266	0.0101564533638967	0.0049055116124626	0.0050802906689907	0.0079435583745811	0.0362064199266398	2.911953146632634e-07
K18653	ntdA; 3-dehydro-glucose-6-phosphate---glutamate transaminase [EC:2.6.1.104]	0.0025691538854768	0.0113968893092665	0.0095225268720029	0.0536876045068162	0.0447958612057979	0.0325876996082664	0.0632278025284215	0.0074314865864179	0.0069701177054687	0.0099271725974563	0.004794838000168	0.0049658096194035	0.0077639433520708	0.0353926517140705	2.4887043686870363e-19
K18654	ntdB; kanosamine-6-phosphate phosphatase [EC:3.1.3.92]	0.0314365776152486	0.1386085630884971	0.0398668179832154	0.6481737688705587	0.342255999093817	0.3949864214595464	10.433574537178531	0.0914701725671166	0.0852859334085356	0.1205413882542348	0.0589550589571755	0.0623517620366379	0.0957827423791125	0.4333288706411775	0.0002706681529381
K18657	zapC; cell division protein ZapC	10.000005523981311	53.53175186496305	21.868662904991734	74.64588627553002	156.60350147871478	158.6305168531582	98.77375330778165	70.62275824129998	75.51650958621148	74.40493944523675	32.48411391940882	26.66981627221141	74.3544773032549	71.96296698677435	15.50002200353846
K18660	ACSF3; malonyl-CoA/methylmalonyl-CoA synthetase [EC:6.2.1.-]	1.0007864560950557	2.810985791274675	0.1897190697688297	3.612199599066752	1.742984501146391	5.261273025058887	44.71944212963734	3.956510614873429	2.712090138127972	2.031294784797673	2.430213515278373	5.074642330347709	4.569260899690803	14.298035358319744	0.5565680667624301
K18661	matB; malonyl-CoA/methylmalonyl-CoA synthetase [EC:6.2.1.-]	14.410132330060808	28.65187042661191	71.54479536875206	79.73519264012245	220.44088231975357	269.84650860108246	366.209187349437	95.57885057779303	179.79065767717395	132.17205876665173	21.806951883285528	857.0743031256422	110.44186924062136	328.21838826267134	8.387641562600463
K18662	matB; malonyl-CoA/methylmalonyl-CoA synthetase [EC:6.2.1.-]	0.0	0.6652304686249872	518.9608808757012	1251.96	934.7923286240932	380.48	53.60372635430677	0.0	0.0	106.51	49.57	93.78	38.18	5.36	0.0
K18669	DYRK2_3_4; dual specificity tyrosine-phosphorylation-regulated kinase 2/3/4 [EC:2.7.12.1]	0.0	8.684566107354436e-16	3.042816417136333e-12	0.0	8.04378598599447e-12	0.0	1.2871977335583038e-11	0.0	0.0	0.0	0.0	0.0	0.0	0.0	0.0
K18672	dacA; diadenylate cyclase [EC:2.7.7.85]	35041.792722310915	40243.06073152804	42350.29392393144	26689.123419037	86080.77140878007	49237.10057351207	18565.571787439985	50057.03984351821	15654.572567870324	10207.376726894225	5702.412732036093	4288.86783078125	5427.732533665183	37732.66832515332	949.0574267511844
K18673	bglK; beta-glucoside kinase [EC:2.7.1.85]	0.0978318096757449	0.2223599692552892	0.0445797278223257	0.9128411502605496	0.443336624736117	0.5419271289578387	0.5837474800561725	0.1347653827774469	0.1542804107077355	0.1781376629990912	0.0780083148133288	0.0807898911454182	0.1263133680804172	174.96169119957042	0.0
K18675	chbP; N,N'-diacetylchitobiose phosphorylase [EC:2.4.1.280]	9359.764137123257	2568.522572989774	2874.8154102120084	1175.90116141471	2033.71098488834	2129.867473993949	1139.562602865314	5043.5209162869305	1979.869929482968	1266.4346654912606	63.687788538590624	492.9965881324725	694.8957175577691	168.48235992860873	93.4322429360119
K18676	gspK; glucosamine kinase [EC:2.7.1.8]	108.64963978802952	34.974257895852034	14.698475485471178	37.853924092257024	171.41925985221036	75.40182886034151	129.83864030111965	145.3367456179405	38.81647889273327	27.06070624210691	17.671627021248376	45.99650190427639	16.201726968455	89.65233513479146	53.04727926856061
K18677	GALAK; galacturonokinase [EC:2.7.1.44]	296.30822159252267	193.5986944451718	268.60997966290927	27.903712935174948	67.81377718622798	53.32779643793537	1.265554871016222	117.04322187178492	24.05416367156993	19.366971710767054	0.0621454009173345	34.72681736781766	12.665441780460078	0.3213251603384285	5.6671045311431887e-05
K18678	VTE5; phytol kinase [EC:2.7.1.182]	209.22018142565116	480.5880149821484	311.58574085158017	2506.9050656126283	879.6314315763282	802.7628903098594	902.8443805357512	1313.7794645928402	121.34806922710304	265.8621339380404	131.72031469301783	56.04846017781247	414.9079027480452	173.7817355088714	45.56424671346258
K18682	rny; ribonucrease Y [EC:3.1.-.-]	52583.28677617596	50836.35917455852	110826.86010093628	36865.77915163842	89736.7687877066	52474.76750695763	20055.940760073063	77866.19102640585	28960.57959267853	13737.052332268922	5863.548025579714	5419.845740659657	6111.506610597523	37907.333865069806	1460.188406590173
K18684	ALOXE3; hydroperoxy icosatetraenoate dehydratase/isomerase [EC:4.2.1.152 5.4.4.7]	0.0062670340187528	0.017602699829579	0.0011880415217517	0.0226199881423369	0.0109147591839599	0.0329466659237656	0.2800380275124879	0.0247761013030856	0.0169834044556222	0.0127201896477635	0.0152182622779575	0.0317779641437016	0.0286132104651493	0.089535857970693	0.0033489769194763
K18691	mltF; membrane-bound lytic murein transglycosylase F [EC:4.2.2.-]	17124.461431523763	10279.7734459865	67593.5688346159	9512.563946339742	1375.312066275193	1236.236376358318	758.2512263367678	25876.877268001877	14999.445145616504	3373.6163520928685	36.82354903392287	1061.751833839322	182.2510632307596	369.6977977889895	517.6409020051965
K18692	cshB; ATP-dependent RNA helicase CshB [EC:3.6.4.13]	938.315023752043	5965.177126694463	16701.79762215106	1148.5470666163287	4737.553893059958	3475.222204398069	3065.441094759431	9283.583089470772	553.7042511776777	2068.63267383344	599.5958272261531	450.9981752979126	193.532079200388	1598.853136419303	9.043171193049808
K18694	PGC1; phosphatidylglycerol phospholipase C [EC:3.1.4.-]	0.0371179374995609	0.164628975826576	0.0395880557407676	0.7756534786997986	0.3881526220286262	0.4708118903082369	0.498964636808802	0.1073666533572919	0.1007010108731565	0.1434231612604935	0.0692735838895549	0.0717437021307616	0.1121698337033672	0.5113365305569347	0.0
K18696	GDE1; glycerophosphodiester phosphodiesterase [EC:3.1.4.46]	0.0	0.0	0.0	0.0	0.0	0.0	0.0	0.0	0.0	0.0	0.0	0.0	0.0	0.0	2.7829683458478387e-11
K18697	pgpC; phosphatidylglycerophosphatase C [EC:3.1.3.27]	36.000005524967	480.8632217784474	2994.282651930442	3087.1458862829454	482.9454685641543	577.9605168689533	234.8656106186256	441.2927582483079	2281.850498616698	382.538873592241	47.814113922623065	89.73153539730849	168.35447731062703	573.821804714078	28.50096840356664
K18698	blaTEM; beta-lactamase class A TEM [EC:3.5.2.6]	9.80588741675616	49.962679433379	26.366363058142426	62.32369417814749	133.42057235922877	132.34911858222986	111.9552765159737	59.98233830269989	63.2668683896415	66.61160832840703	26.58664588859065	21.455947002528404	67.1689201617529	58.00557176580365	12.74390510229965
K18699	blaSHV; beta-lactamase class A SHV [EC:3.5.2.6]	4.167584998220479e-18	2.2471110584313675e-17	9.240614858998504e-18	3.1352086128744924e-17	6.614824757581622e-17	6.678290518975841e-17	3.551967112696541e-17	2.9630048469581744e-17	3.053549333213929e-17	3.1352086128744924e-17	1.3590135039882417e-17	1.0962652518161689e-17	3.1170150946081494e-17	2.954119640362983e-17	6.524280271325867e-18
K18700	flK; fluoroacetyl-CoA thioesterase [EC:3.1.2.29]	2.8655563461999987	0.5011216129101198	13.500475136668872	1.0451079623047594	0.8452698028567942	0.8360524796996455	0.6723001046258829	0.4571543704652969	0.1356835638152328	0.1932469742674306	0.0933385539915581	0.0966667673144026	0.1511365442855984	0.6889698740670142	30.08836005382107
K18701	arsC; arsenate-mycothiol transferase [EC:2.8.4.2]	0.0	0.0650343815547431	0.0	0.0	0.0	0.0	0.0	0.0	0.0	0.0	11.4	0.0	0.0	0.0	0.0
K18702	uctC; CoA:oxalate CoA-transferase [EC:2.8.3.19]	2183.9978551833883	4508.318418494975	3233.6249228996453	2427.16823359814	4075.7100944440926	4601.073194772338	2609.530629420024	3230.0636305504013	1335.0148995228988	930.1311848927802	412.313874512228	1953.9201833697905	742.0361780336405	1094.372348554601	101.87255412954052
K18703	SUGCT; succinate---hydroxymethylglutarate CoA-transferase [EC:2.8.3.13]	177.12997459507875	70.37802453378687	26.853413347154756	36.69234672855999	9.767193784824736	14.720899424291805	10.936742208470992	164.37524381743538	16.30147083414837	9.008439186098306	1.0936638844275397	10.943332118299304	3.724233405880483	0.8270547592883185	0.708993555486531
K18704	tarL; CDP-ribitol ribitolphosphotransferase / teichoic acid ribitol-phosphate polymerase [EC:2.7.8.14 2.7.8.47]	1957.6593675155812	7037.552877217191	1999.6787113267435	1376.3696080132922	3066.9449784215863	2455.5075092001034	1776.2290795516303	4303.082899769257	950.7366792811772	844.8922980545321	219.322536131414	662.377044673335	429.1287170723175	989.1144450446792	123.56281445933662
K18707	mtaB; threonylcarbamoyladenosine tRNA methylthiotransferase MtaB [EC:2.8.4.5]	51507.08851509607	44314.0217155831	91527.5294453084	33021.7204628345	84200.2743261095	47673.94164999754	16410.493464326293	66709.46266563515	27960.85913305163	11548.530712858364	5303.793077406002	5165.685991091117	5519.5180514926415	36529.62687636876	1398.952004827884
K18709	TUT1; speckle targeted PIP5K1A-regulated poly(A) polymerase [EC:2.7.7.19 2.7.7.52]	706.0087993691908	95.75293583956964	34.18526208904281	15.293680151018648	18.50517521285077	35.81900100540249	58.54940418283688	242.3658299023893	97.35448527600984	38.96099814539981	5.089483891451804e-06	0.8332203940801988	4.262164078924525	3.096226218335129	1.4554710229517236
K18710	SLBP; histone RNA hairpin-binding protein	0.0001532950509987	0.000679908662638	0.0001634965041846	0.0032034064278508	0.0016030490915581	0.0019444273469257	0.002060696649621	0.0004434184038961	0.0004158896651412	0.0005923298087371	0.0002860961112223	0.0002962975644081	0.0004632552759237	0.0021117918938838	0.0
K18715	NUP159; nucleoporin NUP159	0.0	3.2752874015166186e-19	0.0	0.0	0.0	0.0	0.0	0.0	0.0	0.0	0.0	0.0	0.0	0.0	0.0
K18726	FAF2, UBXD8; FAS-associated factor 2	4.711511910830387e-13	2.0896941821831897e-12	5.02505281042219e-13	9.84564566286674e-12	4.926959376257224e-12	5.976182887247074e-12	6.333535718237652e-12	1.3628431432238213e-12	1.2782337708476945e-12	1.8205212306738482e-12	8.793142550159388e-13	9.10668344975119e-13	1.4238116208249168e-12	6.490576568782088e-12	0.0
K18730	GIGYF; PERQ amino acid-rich with GYF domain-containing protein	0.0015019576981197	0.0066554956571033	0.0015986052674699	0.0313212676129497	0.0156735497628613	0.0190231687175301	0.0203080585900177	0.0043485319865582	0.0040748016503451	0.0057966307170594	0.0028052365079807	0.0029148941770368	0.0045447095778739	0.0206928868232197	0.0007327555920802
K18749	LSM14, RAP55, SCD6; protein LSM14	0.0001235576909432	0.0716345813260378	0.0001317801873102	0.0025819848638241	0.0012920772257884	0.0015672322858939	0.0016609467696624	0.0003574006711252	0.0003352121701073	0.0004774250895092	0.0002305969740063	0.0002388194703733	0.0003733894332366	0.0017021301631128	0.0
K18757	LARP1; la-related protein 1	0.0	0.0	0.0	0.0	0.0	0.0	0.0	0.0	0.0	0.0	0.0	0.0	0.0	0.0	1.6728045040101652e-06
K18765	csrD; RNase E specificity factor CsrD	10.00000552435778	53.53175186699255	21.86866290582646	74.64588627836213	207.60350148469013	158.63051685919086	356.77375331099023	121.62275824397652	227.51650958896985	133.40493944806886	47.484113920636446	641.6698162732016	118.35447730607056	347.9629669894429	15.500022004127816
K18766	blaZ; beta-lactamase class A BlaZ [EC:3.5.2.6]	2.4590912064707997e-08	1.0906793158704305e-07	2.6227383931165094e-08	5.138762488518425e-07	3.3300002571540244	3.1191640951832884e-07	0.0172689825050529	7.113121334994259e-08	6.671517519631145e-08	9.501892034386116e-08	0.0054371256252962	4.753074090700839e-08	20.000000074313355	3.3876428771256973e-07	0.0
K18767	blaCTX-M; beta-lactamase class A CTX-M [EC:3.5.2.6]	8.074971975959894e-09	4.3539265141444674e-08	1.7904303345681633e-08	6.074674349427696e-08	1.2816661103772285e-07	1.2939630220157458e-07	6.882171547023687e-08	5.741018146969253e-08	1.597452688610279	6.074674349427696e-08	2.6331786788612365e-08	2.124086537026608e-08	6.039423202730613e-08	5.723802470675328e-08	1.2641225164396098e-08
K18768	blaKPC; beta-lactamase class A KPC [EC:3.5.2.6]	0.0	0.1331800502548918	0.0	0.0	0.0	0.0	0.0	0.0	0.0	0.0	0.0	0.0	0.0	0.0	0.0
K18770	pbpD; penicillin-binding protein 4 [EC:2.4.1.129 3.4.16.4]	0.0939101927719184	0.416519340706904	0.1001597124335077	1.962441143443612	0.9820450707980468	1.1911770522993308	1.2624048744529237	0.2716428711637902	0.2547784704776999	0.3628675952722343	0.1752655469379654	0.1815150665995547	0.2837951517753875	1.293706369231687	0.0
K18775	lf2; levanbiose-producing levanase [EC:3.2.1.64]	6.923833464894462	1.7784660422937073	46.90085384337507	1.1277537924274732	0.7142655756430492	0.1758835126299625	0.9057586374780048	24.472516151688083	8.142873801359562	1.675876371597325	0.0245413489695472	0.4512044898544005	0.0397380773190439	0.2867465560984816	0.0975631933372785
K18778	zapD; cell division protein ZapD	201.0000055239813	243.85974283280189	997.1186629049918	226.13187222927277	397.8994874324575	254.75369016187588	575.2784967175527	806.6227582413001	389.87650958621145	175.95493944523673	62.81411391940882	851.4709474421574	125.0244773032549	474.5089158158418	66.6131218371869
K18779	tgtA; 7-cyano-7-deazaguanine tRNA-ribosyltransferase [EC:2.4.2.48]	0.0	0.0099146442679515	0.0	0.0	0.0	0.0	0.0	0.0	0.0	0.0	0.0	0.0	0.0	0.0	0.0
K18780	blaNDM; metallo-beta-lactamase class B NDM [EC:3.5.2.6]	2.2131015273216908e-35	1.1932773818888832e-34	4.907019020985352e-35	1.6648814535486021e-34	3.5126527185936363e-34	3.546354772309195e-34	1.8861916062807711e-34	1.5734365478003861e-34	1.5974526294457378	1.6648814535486021e-34	7.216733102291645e-35	5.821468078467514e-35	1.6552201981501422e-34	1.5687182602802075e-34	3.4645711219594386e-35
K18781	blaVIM; metallo-beta-lactamase class B VIM [EC:3.5.2.6]	0.0	0.0	0.0	0.0	0.0	0.0	0.0	0.0	0.0	0.0	0.0	0.0	0.0	0.0	0.0013858005954233
K18783	E2.4.1.279; nigerose phosphorylase [EC:2.4.1.279]	260.9332962212765	70.37163920023002	41.060268218660816	16.885039993634752	70.76170372107642	41.41155218738199	5.955592409093093	244.72251890072803	284.22494708165254	138.70137886649297	3.796258796953859	4.730571715620679	17.299580747308745	0.0981402140841077	0.0
K18784	E2.4.1.282; 3-O-alpha-D-glucosyl-L-rhamnose phosphorylase [EC:2.4.1.282]	6.626523429134013	2.604722060335738	3.01906229413003	1.2383683218067314	5.151592273132875	3.0625690712214397	0.4453295146252872	1.667414163339802	18.89788209462374	9.430531127304665	3.765704566567066e-05	0.106230359475054	1.114487114213851	0.0071663978797646	0.0
K18785	mp2; beta-1,4-mannooligosaccharide/beta-1,4-mannosyl-N-acetylglucosamine phosphorylase [EC:2.4.1.319 2.4.1.320]	20963.192468808084	17722.307284858318	58747.980472867566	19581.798382094268	56043.43163933652	27173.74520281043	8348.605434345982	31920.988556837885	17812.26101895188	7583.506093978049	3561.621403385972	1956.5769646559727	1125.5799227711937	27595.93122766437	805.6784144346533
K18786	E2.4.1.321; cellobionic acid phosphorylase [EC:2.4.1.321]	0.0061478648575654	0.0272675898285884	0.0065569919306773	0.1284719217872311	0.06428993702492	0.0779808381051405	0.0826437934444522	0.017783199162333	0.0166791650499367	0.0237552589011038	0.0114738226486115	0.5819575166444196	0.0185787526236352	1.4441775396121197	20.9116424658641
K18787	ACL5; thermospermine synthase [EC:2.5.1.79]	0.1518056389424704	0.6733026818662393	0.1619079749861761	3.1722821865672186	1.5874738943926434	1.9255353245529752	2.040674956720149	0.4391101583758829	0.4118488883692123	0.5865747425905777	0.2833164063685678	0.2934187424122735	0.4587542956989926	2.091273760476041	0.0
K18788	wbbD; UDP-Gal:alpha-D-GlcNAc-diphosphoundecaprenol beta-1,3-galactosyltransferase [EC:2.4.1.303]	0.0003148944646064	0.0014509645082812	0.0004011874510484	0.0058209637417114	0.0036003920237334	0.0041838429720517	0.0039536774216921	0.0011503029616996	0.0011162867266816	0.0014244976970539	0.0006668764119382	0.0006482559877459	0.0012046864769017	0.0039582583215174	8.888817538356618e-05
K18790	blaOXA-1; beta-lactamase class D OXA-1 [EC:3.5.2.6]	8.904665288056498e-13	4.801287040088128e-12	1.974394821229989e-12	6.69883957203032e-12	1.4133557067357898e-11	1.426916110727754e-11	7.589306100835971e-12	6.3309006103816906e-12	6.524362374000381e-12	6.69883957203032e-12	2.903734508145936e-12	2.3423337828786178e-12	6.659966413920023e-12	6.311916044792941e-12	1.3940095303739208e-12
K18792	blaOXA-10; beta-lactamase class D OXA-10 [EC:3.5.2.6]	0.0	0.0	0.0	0.0	0.0	0.0	0.0	0.0	1.5974526294457378	0.0	0.0	0.0	0.0	0.0	0.0
K18795	blaCARB-1; beta-lactamase class A CARB-1 [EC:3.5.2.6]	0.0002871683001625	0.0012736759187166	0.0003062787277431	0.0060009554947932	0.0030029989859462	0.0036425043885515	0.0038603121899027	0.0008306576662326	0.0007790879576063	0.0011096140625702	0.0005359451163461	0.0005550555439267	0.0008678181667419	0.0039560291380086	6.5242519871273065e-18
K18797	blaPER; beta-lactamase class A PER [EC:3.5.2.6]	3963.888613617137	3165.993373701104	8355.057362676485	3315.497756283416	386.0327563324013	389.01387284779616	169.0027105764788	5597.92947792636	3202.834575271516	1040.3858466969127	1.714836663982122	202.03713353402327	33.94741469994237	86.4881047102835	198.6118408560349
K18799	wzxB, rfbX; O-antigen flippase	3.772878538171832e-12	2.0342901437797565e-11	8.365448454179982e-12	2.8382771540967787e-11	5.988343458454663e-11	6.04579846157403e-11	3.2155650079139624e-11	2.6823825789662277e-11	2.7643517167498596e-11	2.8382771540967787e-11	1.2303031334627334e-11	1.3791951321601547e-11	2.8218067198692272e-11	3.596654059079894e-11	1.6173739639657002e-05
K18800	ubiI; 2-octaprenylphenol hydroxylase [EC:1.14.13.-]	14.960923796150606	64.31635680491829	27.05866290494396	85.02588628811779	184.47350148045552	242.5105168564849	226.9537533144923	80.54535338781125	82.07650958545487	93.5349394452557	32.484113919558254	130.79546505941073	79.73933468036257	107.75296699427103	15.613121836597491
K18801	GXM; glucuronoxylan 4-O-methyltransferase [EC:2.1.1.112]	0.000105924376017	0.0004698057789164	0.0001129734135178	0.0022135015108985	0.0011076807349073	0.0013435675326219	0.0014239077214126	0.0003063948734231	0.0002873729646521	0.0004092902215562	0.0001976877391975	0.0002047367766983	0.0003201018279397	0.0014592137005079	0.0
K18802	DUG3; glutamine amidotransferase	0.0	0.0	0.0	0.0	0.0	0.0	0.0	0.0	0.0	0.0	0.0	0.0	0.0	0.0	0.0007590424185906
K18814	ictB; putative inorganic carbon (hco3(-)) transporter	2053.34157533279	1866.2312601255007	1354.402535510341	1863.7644163264783	748.3171517951248	952.5053031145906	1848.255802039965	3233.0845457189853	799.5367715408834	381.2193959657232	116.3201573563848	461.5218909887201	1035.9590529141808	549.4143036100122	43.31726887489856
K18815	aac6-I; aminoglycoside 6'-N-acetyltransferase I [EC:2.3.1.82]	670.8516840380878	1899.8417709407115	739.3390667879219	2626.148378495082	989.6303744238394	965.5649039499295	971.2152160461436	2143.5959634050323	417.7116343391029	369.12156994649234	115.20119397886776	45.90454728249343	419.8898606474489	79.50046655008236	69.24702193766018
K18816	aac6-I, aacA7; aminoglycoside 6'-N-acetyltransferase I [EC:2.3.1.82]	4648.720187244013	1142.6648112496146	642.1495869775804	1315.926661722038	7098.2056190941	6143.446079170378	308.2157883562878	6226.047459086208	573.427840959855	340.7013351923996	24.555410177459468	128.94572084051364	454.4980960728412	67.23735415005109	73.38392103037188
K18817	hph; hygromycin-B 4-O-kinase [EC:2.7.1.163]	7.41343868206596	8.25912321408528	28.816884851222987	2.256142856915369	1.0260235331876215	1.2903151301698972	2.80494122943887	6.587866221069204	1.183289516983559	0.5672419230168482	0.2040091924828486	5.422443095866786	0.2755689092662589	1.1641631245008712	2.4898626144086346e-05
K18818	mgs; mannosylglycerate synthase [EC:2.4.1.269]	0.0	0.0	0.0	0.0	0.0	0.0	0.0	0.0	0.0	0.0	0.0	0.0	0.0	0.0	0.1815800902565748
K18820	agd31B; oligosaccharide 4-alpha-D-glucosyltransferase [EC:2.4.1.161]	3296.715615035096	2633.1163182342125	6948.794670321166	2757.457206845997	321.058521004896	323.5378775975054	140.55739937473157	4655.726565662675	2663.756675805462	865.2756423792725	1.4262077869604324	168.03170771510443	28.23363193075374	71.93105384798413	216.5036048394236
K18821	lipL; lipoyl amidotransferase [EC:2.3.1.200]	0.4105573927531882	2.8279382623298264	0.7227757049239205	3.1195607378220997	20.64260630017334	11.740026359018662	0.6625435094664266	2.9705899182288165	0.8535634207955254	6.637779375846784	2.0205437483519755	0.534081866455222	0.1276604948875707	7.842826829626245	0.0401369383346413
K18824	sul2; dihydropteroate synthase type 2 [EC:2.5.1.15]	10.306100771070708	53.2190426278807	21.00599181710896	73.9697056542983	150.71981500275749	155.34999504865442	120.74608587571365	70.40036950255829	71.31014742899765	72.53212849354848	32.849587055859566	29.330471169373	74.42981130596488	79.6039838739254	15.20320081982893
K18825	sul3; dihydropteroate synthase type 3 [EC:2.5.1.15]	0.191588605753297	0.5381296332126733	0.0363194484102513	0.6915124407140123	0.3336735508264373	1.0072078386147976	8.561002714917532	0.7574266695309099	0.519197242405379	0.3888671087854587	0.4652353319125843	0.9714796226974868	0.8747303880496043	2.737187981140741	0.1099081563058515
K18827	wbdD, wbbD; O-antigen chain-terminating methyltransferase [EC:2.1.1.- 2.1.1.294 2.7.1.181]	511.4130210014642	1249.7429373762195	228.77512489576563	204.688920911985	168.75283812391626	266.1942172791654	282.5572777007896	239.071897467622	228.6597979986574	107.4906041725128	14.724413122158651	43.14057396844686	81.57864505962294	420.0861257879379	19.77778726623805
K18828	mvpA, vapC; tRNA(fMet)-specific endonuclease VapC [EC:3.1.-.-]	1456.2969306261823	1356.905485903162	10060.734381458786	1365.8319722951985	670.0755075640361	729.1010909543731	1635.4708338619796	2010.0131659975052	883.3980485404668	435.3455480061177	146.0024822196724	489.65394790803646	368.1286226405216	648.6307704580519	79.46851638575197
K18829	mvpT, vapB; antitoxin VapB	1090.083714972066	1213.0338280601457	583.3600669443285	571.7310939376125	634.6669918358368	731.9430814693654	734.3784138996471	1395.2285054169492	483.2674062996385	336.68489045386025	97.64569724677632	173.38625727564505	300.4125482314475	335.1393816454292	72.72573876776272
K18830	pezA; HTH-type transcriptional regulator / antitoxin PezA	2.299566451137321	2.725584532287296	13.440000000000602	1.1802467643775132e-11	5.880000000005905	7.163949178674691e-12	56.2700000000076	6.218001610637669	11.20000000000153	2.182349807780667e-12	11.132776243809417	1.0916636697902017e-12	5.3200000000017065	29.58000000000778	0.0
K18831	higA; HTH-type transcriptional regulator / antitoxin HigA	3083.2197233609395	4445.476826394732	20781.07570308861	2106.9764248570773	12080.68092018524	5015.617084988448	757.0269494084386	4725.143995948012	2241.959857692392	427.42390704878346	869.0546648114628	680.0602890218215	241.25392452188493	6668.457281941042	46.81169165631224
K18833	cmr; MFS transporter, DHA3 family, multidrug efflux protein	0.0318639897455546	0.1894732785628352	127.10970343407028	308.6295240493628	228.34628061890373	93.92738019449187	11.327649568208908	0.1259711428873809	0.0863501017864714	26.311424217671988	12.292673481823996	24.760988634588944	9.553995275843938	5.328539411127109	0.0173196974630375
K18836	vcaE; reductase VcaE	0.0	0.1207417761231926	0.0004294578223846	0.0	0.0011352859784174	0.0	0.0018167285167754	0.0	0.0	0.0	0.0	0.0	0.0	0.0	0.0
K18837	cbtA; cytoskeleton-binding toxin CbtA and related proteins	34.93764950231151	187.99273701559468	77.16217255833647	262.2444056644883	552.4172097336697	558.2413003687578	311.3120988558548	247.92163432024893	258.23341277660165	262.00785530023967	113.80397892057748	92.2673928278088	260.868950805488	248.72736289074044	54.539864670540325
K18838	cbeA; cytoskeleton bundling-enhancing protein CbeA and related proteins	59.53926345031898	321.02845500979174	132.01396078730627	447.9045098140748	945.0120251596824	954.0789180708985	507.4437732643938	423.3030070483085	439.1784409349768	447.9045098140748	194.1524002055072	156.61546355307257	445.30533384619287	422.0336420407382	93.2076591273014
K18841	chpB, chpBK; mRNA interferase ChpB [EC:3.1.-.-]	10.471194356464144	54.82387658883964	29.15094821996377	95.04634086040636	200.62643506228173	161.01467626421385	181.8868591982296	81.75736473258837	87.59518740373974	83.8232878073832	33.59199787498353	50.5751442813076	82.39865187678275	128.7953587692368	15.742469476424882
K18842	chpS, chpBI; antitoxin ChpS	15.365008157887855	55.152963579842975	54.30288346199218	95.47630109095778	200.837720199834	161.65485787270683	217.12997887198676	82.18764621354569	87.9151260060873	85.7507124043699	33.888210945931434	51.10871458111859	82.95565064604004	132.6949029713344	15.807712821775937
K18843	hicB; antitoxin HicB	428.9472565570702	417.69627177251937	1976.657124527837	352.1452567747458	196.52862283148716	236.3196479104061	301.9558639427318	1471.5621277490227	366.1528013817527	107.30460569165264	44.96008852356429	331.04172193944504	133.72582838390406	190.43890835017703	15.267037936750883
K18844	aph, spcN; spectinomycin phosphotransferase	0.1531635005442525	1.3362894172246294	0.0414981785758633	0.5649842371502237	0.303486318153265	0.8073013160082189	14.881386805803029	0.5965898061346032	0.4105813966007005	3.110075128940963	0.3656986372984567	0.7622241699632537	0.6886194511489039	2.1535669972018265	0.08024736779111
K18845	rmt, armA; 16S rRNA (guanine(1405)-N(7))-methyltransferase [EC:2.1.1.179]	9.17629850732598	7.926985762104562	3.529154529533698	65.73717220845052	0.1339198755406017	9.922348568039022	2.5061030272723883	1.005297094495378	7.228155292751827	8.42333328763032	0.016651548555048	2.0168820871562314	1.723809883677864	4.648604131032201	0.0029772524852299
K18846	npmA; 16S rRNA (adenine(1408)-N(1))-methyltransferase [EC:2.1.1.180]	36.73408410272484	16.012165739788596	24.636047969461632	145.01862296769025	28.66022135638444	26.110562649941294	8.09404031609844	19.845663633766467	116.98641803240749	71.06723891701199	0.0239296901357822	5.139620268135449	7.533635307350076	0.2146428394069605	0.0
K18847	E2.2.1.8; fluorothreonine transaldolase [EC:2.2.1.8]	0.0	0.0165436199865444	0.1189840603024308	0.0	0.3145383045218833	0.0	0.5033363560427752	0.0	0.0	0.0	0.0	0.0	0.0	0.0	0.0
K18850	ycfD; 50S ribosomal protein L16 3-hydroxylase [EC:1.14.11.47]	20.67000552398131	86.36175223049224	42.30994361305231	132.51588627553002	425.7768870728939	338.64051685315826	719.707668311343	151.08275824129998	259.4365095862115	202.84819485894823	62.81411391940882	917.9998162722114	131.1344773032549	651.2550920451538	67.05611761472161
K18851	fbp; diacylglycerol O-acyltransferase / trehalose O-mycolyltransferase [EC:2.3.1.20 2.3.1.122]	0.0	1.1990997130840757	0.0	0.0	0.0	0.0	0.0	0.0	0.0	0.0	11.4	0.0	0.0	0.0	0.0
K18855	E1.1.1.374; UDP-N-acetylglucosamine 3-dehydrogenase [EC:1.1.1.374]	80.85782765546088	43.881220871951584	28.19175760268633	34.508565065264115	20.85164611676294	23.45170516101277	5.571164967199154	32.76627201816822	5.867776920797457	6.643901977646143	2.8766647614620293	1.2002030053375794	3.866831964091568	0.9277930283450456	2.256749624490165
K18856	vanC, vanE, vanG; D-alanine---D-serine ligase [EC:6.3.2.35]	18012.469231579445	9226.142189866796	5067.438937419673	5430.209526585661	10609.990478315704	9425.418071047156	2480.981349537554	19401.784593737924	4295.7865977262445	2869.7647739799186	345.7232653052908	569.043730242815	2616.9549640695463	774.338239412144	310.7094229043224
K18862	ldrA_B_C_D; small toxic polypeptide LdrA/B/C/D	5.694498450585893	30.704041899555005	12.626177275207706	42.838815755169	90.3835419050354	91.25072441020076	48.5333142057549	40.48586055782032	44.66304093185623	42.838815755169	18.569268043941	14.979132472556396	42.5902234370216	40.36445500709716	8.914636153099947
K18866	vanXY; zinc D-Ala-D-Ala dipeptidase/carboxypeptidase [EC:3.4.13.22 3.4.17.14]	8328.340306846632	6307.492715988953	2643.290165407698	3028.749691399398	1497.888517398026	1589.7832790402445	1503.9943390902429	9614.477768445831	2778.726681834988	2004.8152325403648	196.24901419429332	366.9801685970209	2261.0009292243103	213.35747927368445	183.13245121708096
K18887	efrA; ATP-binding cassette, subfamily B, multidrug efflux pump	893.4861686363171	1702.0552014430775	624.2797892732397	6391.332656376464	58639.82903866975	23229.606477109566	1140.716587500881	1332.3606527225877	447.4340476032801	565.4080596730153	4080.1760893400087	592.0318811542479	483.7558163769408	32635.429615443994	97.57266706242342
K18888	efrB; ATP-binding cassette, subfamily B, multidrug efflux pump	1143.9188278943996	1749.5652172689763	661.7759859047636	6398.269952229943	58715.69962632087	23283.96495307124	1167.9336590002997	1635.807729581476	505.5969382707823	596.7098966376689	4074.772570741473	600.4117779140774	483.4938213882082	32643.47091408416	97.61305311072904
K18889	mdlA, smdA; ATP-binding cassette, subfamily B, multidrug efflux pump	53.57249283281905	213.57397556892963	67.63199134199209	337.1119682932958	1571.944795890765	1609.9651681893438	140.93632388391097	95.25526687320648	99.72469751764152	152.15793190219225	149.74205511962035	50.57924264529399	97.88949463470064	283.6414160465425	71.19470454019988
K18890	mdlB, smdB; ATP-binding cassette, subfamily B, multidrug efflux pump	10.000005524967	53.5317518702774	21.86866290717726	74.6458862829452	156.6035014943597	158.63051686895326	102.81518919336229	70.62275824830787	75.51650959343353	76.7355706087665	32.48411392262307	26.669816274804223	74.35447731062705	75.22752581890282	66.50002200508155
K18891	patA, rscA, lmrC, satA; ATP-binding cassette, subfamily B, multidrug efflux pump	771.0985055379782	5296.694675339905	16110.593778796623	38.56022397057595	707.19893676113	1154.7800874702991	2159.9821682811357	7653.41808174266	210.0001717203696	656.0000786912701	102.22000597529689	131.92441131166586	4.89000967537722	144.1286840108466	0.0
K18892	patB, rscB, lmrC, satB; ATP-binding cassette, subfamily B, multidrug efflux pump	744.6943884353598	5228.389017366421	16005.517515887714	39.2383242605854	705.7581858806005	1156.3234459361872	2156.358393901096	7571.019832779857	219.36593758857677	660.6675310235112	102.22415314725356	131.98092258014657	5.4447084589511965	66.86985351844291	0.0
K18893	vcaM; ATP-binding cassette, subfamily B, multidrug efflux pump	10.670699320403813	32.83109265962518	23.124471431110905	71.24805079596936	311.49485731962045	247.94786271735285	778.415170634397	125.83738731621403	263.5780128169142	153.29469386122645	41.431305148775024	1300.296347639346	99.1468706042142	808.321659997626	0.1133378284524255
K18894	K18894; ATP-binding cassette, subfamily B, multidrug efflux pump	9.482275470634309e-08	5.11272741453411e-07	2.102465952067546e-07	7.133366623086316e-07	1.5050344640395612e-06	1.5194744774466183e-06	8.081594170149748e-07	6.741560925974829e-07	6.947571783915512e-07	7.133366623086316e-07	3.092088204231208e-07	2.494271649179035e-07	7.091971917986086e-07	6.721344907204948e-07	1.4844333782454928e-07
K18895	iroC; ATP-binding cassette, subfamily B, salmochelin/enterobactin exporter	0.0047373645730912	0.0228309874448898	0.0072412288815052	0.0735596302484877	0.0598386637069516	0.066442572746127	0.0543255629329206	0.0217238855919638	0.0216279199144687	0.0252640962199551	0.0114938676475791	0.0104834560298139	0.0227936516219494	0.0525422501859355	0.0029774799330595
K18896	gsmt; glycine/sarcosine N-methyltransferase [EC:2.1.1.156]	0.0526289791004272	0.1669545052838069	0.588170759655679	1.3463447363128558	3.196527125184104	9.621360360307962	9.783757016617194	0.8163368078299148	0.8734416033303071	2.2380057097706	0.1277991478863638	11.742730645012143	0.6056961787451558	4.739097899356864	0.0285541858971323
K18897	sdmt; sarcosine/dimethylglycine N-methyltransferase [EC:2.1.1.157]	3.852868874288183	0.6306394727462119	20.15232603999496	0.6848359199058982	1.6989715458985772	2.9099831361128223	7.932515975749412	0.5857515550685595	0.4798776975970166	0.7548359635286193	0.2665083607943097	3.421591218555391	0.5923148349062918	2.563438177966023	0.0626080390830498
K18898	mdtE; membrane fusion protein, multidrug efflux system	9.85	53.110000000000376	21.84	74.1	156.34	157.84	83.95	70.03	72.17	74.1	32.12	25.91	73.67	69.82	15.42
K18899	mdtF; multidrug efflux pump	9.85	53.11	21.84	74.1	156.34	157.84	83.95	70.03	72.17	74.1	32.12	25.91	73.67	69.82	15.42
K18900	bpeT; LysR family transcriptional regulator, regulator for bpeEF and oprC	6.157627098685991	30.437765884205405	22.50923622113079	78.82163435706504	281.1862798539992	159.15396434088217	308.0749042987682	16.687127442761746	30.95547896984556	34.181071197462124	23.37776647657233	179.29234156921592	11.36383135472072	162.1562532468532	102.0842327509
K18901	bpeE; membrane fusion protein, multidrug efflux system	28.553737846830597	432.33005308906286	2985.728942245853	3029.1895764790406	415.2880950685277	453.3132249577961	440.431424903681	430.0379853155647	2362.9681325280367	376.8247107118959	32.129999999999995	810.7449137528255	146.2210607756506	813.846281662469	64.00026731284379
K18902	bpeF; multidrug efflux pump	8.553737846830595	24.99301751237066	35.43093801852041	72.93556243278336	346.45322126673454	141.97639826651377	502.59932709819617	74.3679853155647	186.71813252803636	101.96679521366258	39.795	827.7888059177266	62.22606077565059	439.92042358001584	51.00010118070096
K18903	oprC, opcM; outer membrane protein, multidrug efflux system	7.743118041185567	18.33	34.33146174300673	47.90087093531642	239.9012095166475	105.4752653231542	449.29022120969023	61.21612286192944	176.78567507458445	92.96263585402365	30.33	787.04259208581	50.79983204892465	374.4781264840222	102.0023323932769
K18904	nodT, ameC; outer membrane protein, multidrug efflux system	0.0	0.0	0.0	0.0	0.0	4.2	0.0	8.0	0.0	0.0	1.8	16.4	19.92456992536464	88.18885094212914	0.0
K18905	ameR, rmiR; TetR/AcrR family transcriptional regulator, repressor of the ameABC operon	0.0	0.0	0.0	0.0	0.0	4.2	0.0	8.0	0.0	0.0	1.8	16.4	8.0	39.0	0.0
K18906	mgrA; MarR family transcriptional regulator, multiple gene regulator MgrA	2733.337346112576	567.0004132474983	1197.9050669340254	1174.0544627084034	6905.222292217627	5918.82832004396	174.37928104552088	5973.536453319188	380.567652846365	181.84324502747745	40.54989391051412	47.32236828236292	68.17858311115077	40.52746621397537	38.19939566790254
K18907	norG; GntR family transcriptional regulator, regulator for abcA and norABC	34.83113739435298	19.35611790327662	55.23438309162687	20.81873736484423	46.46545766314669	33.198591760172306	15.432083421832916	23.250994728348733	25.026318211321502	9.138423455218676	0.7285222551792387	2.6742798075086665	1.6737140105044104	65.06106239113406	0.0003485606165312
K18908	mepA; multidrug efflux pump	2.969371425281052	2.7039893527852	1.7950672561659162	1.0497432532534294	4.73776863164375	0.7480517082450454	33.23565235699893	2.904444546381441	1.0934941965083245	1.4166872981681418	1.2318171760146457	4.086322164166107	1.7912639211725343	0.7046325019260069	0.0
K18909	mepR; MarR family transcriptional regulator, repressor for mepA	7.514512660029742e-06	3.332907500776854e-05	8.014587180483296e-06	0.0001570307586609	7.858135415773969e-05	9.531569231872396e-05	0.0001010152053909	2.173633909286921e-05	2.0386882247782908e-05	2.903596572536407e-05	1.40244113280769e-05	1.4524485848530453e-05	2.270874116988192e-05	0.0001035198906849	0.000693623686922
K18910	dpe, lre; D-psicose/D-tagatose/L-ribulose 3-epimerase [EC:5.1.3.30 5.1.3.31]	7339.021087789184	13445.137528157144	6279.534907258566	11432.507488608462	4526.07193318005	5582.319771899353	16919.904226808623	10943.939430924644	11554.381259675756	7540.542793671647	1126.3616229453485	3035.0516431702463	2081.556519936345	1756.0840806937051	477.90537478759296
K18911	egtD; L-histidine Nalpha-methyltransferase [EC:2.1.1.44]	0.0	1.7585233504319084	2.3834259255168657	0.0	6.300665380388434	0.0	10.082568347375764	0.0	0.0	0.0	0.0	0.0	0.0	0.0	0.0464841328790923
K18912	egtB; gamma-glutamyl hercynylcysteine S-oxide synthase [EC:1.14.99.50]	920.0179359968554	365.2081642064881	2256.469158447392	260.07447588280985	22.19668823851284	0.0984758076068557	15.442910413849036	1407.0703106192816	211.0486075276685	0.0374379484578744	0.043237468873535	0.0891796732356353	0.0810202641927249	10.255960245487184	1.1630195696574512
K18913	egtE; hercynylcysteine S-oxide lyase [EC:4.4.1.36]	0.0	0.0089747899744242	0.0	0.0	0.0	0.0	0.0	0.0	0.0	0.0	0.0	0.0	0.0	0.0	0.0
K18915	feR; ferric-chelate reductase [NAD(P)H] [EC:1.16.1.10]	230.759559127369	105.23091827690234	73.85794226757486	60.54537443694119	19.40045564445128	49.309627475009165	249.5375878364277	199.50586169039445	33.325978783176815	24.516682274894144	15.052753891723276	38.28984144632307	32.06173408302188	86.4047540195277	7.035804470771355
K18916	ptxD; phosphonate dehydrogenase [EC:1.20.1.1]	6.450258871509509	7.116956313291644	26.47647186768868	0.808700090756743	6.507541597953614	4.095527356938639	19.18677445632719	2.055650302772285	4.107069251074897	9.24302157605264	0.1079888055804317	42.78021968986687	0.1918268264164455	10.349886740898988	0.0143089817189879
K18917	mrx1; mycoredoxin [EC:1.20.4.3]	0.0	1.539871817468233	3.170267873172767	0.0	8.380708131604981	0.0	19.53639386371738	0.0	0.0	0.0	11.4	0.0	0.0	0.0	0.0009863351147238
K18918	relB; RHH-type transcriptional regulator, rel operon repressor / antitoxin RelB	214.3337020508037	264.5055476565898	1018.724681596634	222.3744208751051	215.64709789758012	286.9753324807459	391.98781681580215	796.9165464028316	232.42251887262532	109.99587516192364	49.41889218170921	126.52786250915572	138.61221948614772	189.48083106218985	21.681914739227157
K18919	hokC_D; protein HokC/D	28.516605690781244	152.21081283053502	62.01413264600872	212.181802272345	444.1538786231269	450.5110545159978	297.2185827193461	200.8523766655552	206.17291754055844	211.23560081535047	92.49146560422987	76.47335395373025	211.5358830086218	206.44677707816885	44.02461994604687
K18920	hokA; protein HokA	10.3606007907917	55.47628452129855	22.6684929786824	77.35513566209055	162.32829647894823	164.4096893407085	101.84578014193715	73.1875509428142	80.84484198366097	77.11858529784195	33.66034393438295	27.61852662319169	77.05258749811088	74.51725720157161	16.06493156072962
K18921	hokB; protein HokB	0.0958570003770702	0.5168492680233379	0.212539785607636	0.7211171297401936	1.5214500953249916	1.536047608072769	0.816974130117264	0.6815092118178916	0.7023349966713871	0.7211171297401936	0.3125814063057358	0.2521477035299381	0.7169325094191642	0.6794655600332027	0.1500624310471496
K18922	hokE; protein HokE	20.05890324271692	108.15516256047708	44.475781403140864	150.89997261779936	318.3765414179049	321.4311967340547	170.9588758605163	142.61167452664628	148.31219681490757	150.89997261779936	65.41035250315404	52.764079494293945	150.0243047605031	142.18402278238528	31.401856650019788
K18923	stbD; antitoxin StbD	11.03507220635704	2.559847490249705	1.1931043513885329	3.754085353424402	6.989085690905921	11.454887116545027	29.098235226495323	3.488085135049632	7.514945531520469	3.478033699017055	1.5974942151595375	2.906068989117493	5.9563516167181545	15.371576685475318	0.8974960808125162
K18924	ykkC; paired small multidrug resistance pump	118.29308932065584	136.60419237248595	474.22286651875993	26.658593620311148	15.056769596374483	16.91201378834603	83.90884090422155	51.45295129350976	15.877991053507984	8.637461842353039	55.1675019511738	2.248106259093652	23.59808171730921	21.01188610055504	0.0496841660691127
K18925	ykkD; paired small multidrug resistance pump	109.51941861467608	127.023794819917	439.1734366190937	25.916007270431088	14.64276563181202	16.53103940957535	83.44494499571134	48.82023889943451	14.854434438387822	8.243770966785544	55.12940258147969	2.2093090541140343	23.537748339516103	20.64555625274056	0.0498783766858453
K18926	lmrB; MFS transporter, DHA2 family, lincomycin resistance protein	1718.927832597919	6166.754142403288	17048.82260700829	623.4696643023573	892.8991111901272	1093.0472096435285	2631.931069465772	10941.411343029264	603.4739347842567	880.0442626046246	300.310217337587	165.76881937937364	717.5363980981364	184.6680857072662	10.979428483344709
K18928	lldE; L-lactate dehydrogenase complex protein LldE	9396.814227007464	9176.012684091556	52619.945755828194	5000.349634138153	1880.19533304672	1033.5218590572429	1906.6637193083395	22004.528286481644	8198.236920241621	1914.3679321600744	120.31724082930782	562.7592740961618	180.5341690836335	347.8939450401622	184.41843495216852
K18929	lldF; L-lactate dehydrogenase complex protein LldF	9119.591047414604	9064.539379614078	50772.58826343578	4939.643405009685	1706.0310038557766	961.170012398218	1777.242410740191	21496.75596142486	7844.92376934658	1872.6245998680647	105.06587134584906	519.163295282988	172.88688973225533	296.93773168937054	184.4171400981174
K18930	dld; D-lactate dehydrogenase	8184.505686741939	5789.185709988765	23814.89996463128	6115.403394908115	740.7425743025001	750.7988978314987	370.09275176963206	11130.341182308734	5713.046488937847	1788.1256319616753	15.353517167378126	766.9118061715923	62.89791712945018	208.65668134023343	337.03158693251885
K18932	ZDHHC; palmitoyltransferase [EC:2.3.1.225]	2.0746414588045537e-06	9.201645392457109e-06	2.212704348517037e-06	4.335377914237839e-05	2.1695104207064447e-05	2.6315197791988383e-05	2.7888745758385365e-05	0.0001855384735169	5.628504873242103e-06	8.016383898144877e-06	3.871924433811708e-06	4.009987323524191e-06	6.269534438193679e-06	2.8580250874856555e-05	1.5408090840674422e-05
K18933	mfnA, adc; tyrosine decarboxylase / aspartate 1-decarboxylase [EC:4.1.1.25 4.1.1.11]	49.87378911715774	112.0716455567933	22.95535530049102	230.59139385506103	119.08416066459064	142.48607802798483	14.042963855137112	241.43235435775895	119.92769682644196	59.33202853316054	7.109723453096887	7.045375565834366	118.48447757680324	0.0819020999050545	0.0
K18934	lmrS; MFS transporter, DHA2 family, multidrug resistance protein	682.4220133112133	4792.934475823273	14023.427722416562	31.000016350051684	38.10477392847478	6.416810851562955e-06	1346.5795240376058	7241.81392851788	90.00001244334304	146.00000572038618	16.980000445288326	126.00000046116617	7.21024011388623e-07	41.00000328685445	0.0
K18935	sdrM; MFS transporter, DHA2 family, multidrug resistance protein	1.6424529429264742e-05	1.1806378277404577e-05	2.737172513716696e-07	1.6727151190813783e-05	4.484713857638788e-06	6.645705500031452e-06	53.930009759740734	4.741736555561684e-06	1.2492300850190926e-05	5.7901142444955256e-06	16.980000478967067	4.960458042964017e-07	20.000000775557627	3.5354509599176373e-06	0.0
K18936	mdeA; MFS transporter, DHA2 family, multidrug resistance protein	0.0005779990427145	0.0025635958472088	0.0006164636254738	0.0120784450421569	3.336044297153157	0.0073314639828786	0.0077698574288318	0.0016719092449764	0.0015681121259971	0.0022333797483395	0.0010787254861356	0.001117190068895	20.001746704177805	0.0079625120649649	0.0
K18937	lfrR; TetR/AcrR family transcriptional regulator, repressor for lfrA	0.0	0.0082134577583674	0.0	0.0	0.0	0.0	0.0	0.0	0.0	0.0	0.0	0.0	0.0	0.0	0.0
K18938	qacR; TetR/AcrR family transcriptional regulator, repressor for qacA	0.0004047714874531	0.001795280662456	0.0004317081520965	0.0084585091056111	0.0042328083067447	0.0051342084713881	0.0054412144594515	0.0011708344512087	0.0010981455518547	0.0015640310380751	0.0007554291396853	0.0007823658043286	20.00122321318193	0.0055761300871073	0.0
K18939	lmrA, yxaF; TetR/AcrR family transcriptional regulator, lmrAB and yxaGH operons repressor	890.3846035314921	967.257659420641	455.7569741662597	670.095237957975	493.3976981770639	402.54235726479175	167.24331941874445	1755.4920815636242	248.8622379226906	234.4679412524657	56.9151657260492	96.32978294238336	722.226326204247	199.50951724317275	11.52417305314925
K18940	arlS; two-component system, OmpR family, sensor histidine kinase ArlS [EC:2.7.13.3]	4.279672340980698	260.46576700165645	51.36266693946541	205.6857068826396	2413.9262502473016	2279.6716601449525	104.81657457016792	45.82899882169514	21.83331786704202	204.647877744766	259.5934639011724	32.80378132743036	54.03447689257961	433.3403980451424	3.994807104423504
K18941	arlR; two-component system, OmpR family, response regulator ArlR	11.225859332596412	23.89286107899385	14.804701327051694	30.762114599058403	132.06952609120884	78.3633963655412	65.84543443262545	15.229539328340516	10.308814279831028	52.55592605553355	68.76481009212272	5.228359284177135	28.808014653165667	59.69240565893563	2.750382425237537
K18954	pobR; AraC family transcriptional regulator, transcriptional activator of pobA	12.929663232093972	29.98709184267078	22.337664741075024	51.36980800639369	388.0746304472329	238.15148443065007	762.0083180622987	137.66520233786022	335.75161194067	163.1927327130577	64.75869988250402	1415.4555319883236	112.27255206965918	711.3033753291254	0.847982729910286
K18955	whiB1_2_3_4; WhiB family transcriptional regulator, redox-sensing transcriptional regulator	0.0003857641644825	11.655281151090168	2087.8452379405467	5007.841392362128	3770.896722678509	1521.9220280156474	265.2024931595764	0.0015250806026776	0.0010454050209858	426.0407829849522	243.88093675257147	375.1219560767901	152.7217612719502	21.445511335240557	0.0002061446099299
K18956	whiB5; WhiB family transcriptional regulator, redox-sensing transcriptional regulator	0.0	9.67767265192692e-14	0.0	0.0	0.0	0.0	0.0	0.0	0.0	0.0	0.0	0.0	0.0	0.0	0.0
K18957	whiB6; WhiB family transcriptional regulator, redox-sensing transcriptional regulator	0.0	5.610039169553442e-14	0.0	0.0	0.0	0.0	0.0	0.0	0.0	0.0	0.0	0.0	0.0	0.0	0.0
K18958	whiB7; WhiB family transcriptional regulator, redox-sensing transcriptional regulator	0.0	2.0459821282220045	518.9600000000005	1251.96	934.7900000000012	380.48	53.60000000000174	0.0	0.0	106.51	49.57	93.78	38.18	5.36	0.0
K18966	GADL1, CSADC, ADC; sulfinoalanine decarboxylase / aspartate 1-decarboxylase [EC:4.1.1.29 4.1.1.11]	1.04270355939729e-05	2.9287215790407552e-05	1.976652942580524e-06	3.7634935567539705e-05	1.815987948528993e-05	5.481637043326251e-05	0.0004659247854409	4.122225751354335e-05	2.8256837642132565e-05	2.116373867166437e-05	2.5320009748767807e-05	5.287189478130921e-05	4.760640569130501e-05	0.0001489689660537	0.009073846470812
K18967	dge1; diguanylate cyclase [EC:2.7.7.65]	783.4951976888574	680.012981520026	569.5744699766874	662.1391616964618	516.4220078531471	525.3814757214152	174.06471270837395	811.9479177651401	263.49326139175616	610.0261010047204	60.573880033718616	274.77650476120647	300.8296217195806	222.23915789355203	3.3031664093209208
K18968	adrA; diguanylate cyclase [EC:2.7.7.65]	1926.4459951478373	1729.8360576925954	856.88096031511	1437.803019018531	806.5400559068172	853.2772523152902	912.3081795567364	4439.654662032053	859.4154734070324	598.0290445280243	130.98537394037447	1026.231559462442	1804.4785775467897	480.0469678529044	45.32066186102999
K18974	sul1; dihydropteroate synthase type 1 [EC:2.5.1.15]	3.0944969686818615e-05	0.0001668515066059	6.861300892996128e-05	0.0002327941374409	0.0004911610721662	0.0004958735040982	0.0002637391071277	0.0002200077387987	1.5976793602540929	0.0002327941374409	0.0001009088757706	8.139940757212897e-05	0.000231443240287	0.0002193479983282	4.8443800260989146e-05
K18975	ebr, qacEdelta1; small multidrug resistance pump	6.11610471619956e-05	0.0002713621971942	6.534540674755414e-05	0.0012767547253032	0.0006401156203379	0.0007761114142768	0.0008216801540248	0.0001773319075868	1.5976190174390377	0.0002366885751903	0.0001142839181008	0.0001182848654569	0.0001852701808818	0.0008418904479879	1.5539651527134752e-07
K18976	blaOXA-48; beta-lactamase class D OXA-48 [EC:3.5.2.6]	1.5273939586380779e-27	8.235522146524702e-27	3.3866278230107235e-27	1.1490344399500667e-26	2.4242920963804783e-26	2.4475519028572002e-26	1.3017738358138748e-26	1.0859228317098943e-26	1.1191068222833512e-26	1.1490344399500667e-26	4.9806998935487374e-27	4.017743905412447e-27	1.1423666287600731e-26	1.0826664588031531e-26	0.0997897180710619
K18979	queG; epoxyqueuosine reductase [EC:1.17.99.6]	20850.71421792613	16570.55106366585	65721.22916388328	18305.39085101553	4419.149537579821	4600.41948083782	6334.032841768632	35290.81415964074	20670.04275283909	6142.918431815549	506.52464869775287	2819.79449943263	3435.7153789636163	2187.26828506273	747.2606380895195
K18980	EO, FaQR; 2-methylene-furan-3-one reductase [EC:1.3.1.105]	0.0	0.0	0.0	0.0	0.0	0.0	0.0	0.0	0.0	0.0	0.0	0.0	0.0	0.0	3.614677374851816e-08
K18981	udh; uronate dehydrogenase [EC:1.1.1.203]	9.196892721684678	114.69945178507156	57.78104532936833	130.49954043110588	1228.8845754381082	1086.4729780647813	795.560769921588	147.6298295339454	334.428243220063	194.93272915961856	132.8208200688383	1489.5455315492245	116.3508069774843	851.2225739037975	82.52207782194988
K18982	gli; D-galactarolactone isomerase [EC:5.4.1.4]	0.0	0.0	0.0	0.0	0.0	4.2	0.0	8.0	0.0	0.0	1.8	16.4	8.0	39.0	0.0
K18983	gci; D-galactarolactone cycloisomerase [EC:5.5.1.27]	1458.3716434218036	955.4419683807516	455.86587664740375	734.9921841375099	291.5411194145853	280.80184593851766	759.9427291885713	2292.626590708076	396.5741498292527	220.00345064888887	47.56361221191564	532.4342393484851	742.6164789385099	422.3605980507353	76.09778317201675
K18986	ihk; two-component system, OmpR family, sensor kinase Ihk [EC:2.7.13.3]	6728.022856393623	2512.130773799576	1429.8222333758986	6473.548612004623	58193.51065136956	23504.697244177594	1494.1997542514428	3719.257250571137	1207.496292489202	670.5278078295987	3942.026030855861	435.5286283350421	459.7491749356402	32074.13455488089	166.47972509404397
K18987	irr; two-component system, OmpR family, response regulator Irr	10048.222705078122	2304.9108344253696	2176.36868344426	945.7138670105892	2195.712562688921	2260.6028152369445	1191.1922772700073	5108.806082645458	1853.579007156972	912.1776322176208	86.60006788076218	156.1855346863778	270.78339177879946	207.5288041545041	95.88528518446311
K18988	ampH; serine-type D-Ala-D-Ala carboxypeptidase/endopeptidase [EC:3.4.16.4 3.4.21.-]	10.000005523981311	53.77287876729317	23.43503521336425	74.64588627553002	160.74425855889197	158.6305168531582	109.34458940937716	71.75593487209312	75.51650958621148	76.67974797021816	32.48411391940882	26.66981627221141	74.3544773032549	75.14933400424606	15.50002200353846
K18989	vexF; multidrug efflux pump	3.754223688448714	0.0311932845109389	19.712120595957416	0.040084290057631	0.0193417596104042	0.0583839259772121	0.4962480727740147	0.0439050818624161	0.0300958473573213	0.022541115769606	0.0269678850172549	0.4883830303046291	0.0507047227669411	1.1890428362814898	0.0061726293135144
K18990	vexE; membrane fusion protein, multidrug efflux system	3.754223688448682	0.0311932845107971	19.71212059595738	0.040084290056963	0.0193417596100699	0.0583839259768065	0.4962480727735849	0.0439050818623238	0.0300958473572347	0.0225411157694825	0.0269678850171953	0.4883830303045672	0.0507047227668445	1.1890428362810492	0.0070936430101925
K18991	mtrA; AraC family transcriptional regulator, activator of mtrCDE	15.418163456384232	47.42154360113038	14.77547702489582	44.5509498358292	360.7817755048033	224.49264665022676	198.4145248719662	18.15889004461088	20.164184096631946	27.854283706109847	45.991129160063394	54.198215199957446	21.79237729292877	67.11444499477864	20.91172286946155
K18992	cmeR; TetR/AcrR family transcriptional regulator, cmeABC operon repressor	0.0828869374849706	0.1977706706902424	0.4071973169643088	0.53952692212184	1.0790919356671569	2.115978574122297	2.51795023603927	0.3490317133156184	0.1425381066492463	0.4944647681490826	0.0523376158567783	0.2966560060353636	0.5831796934259652	0.039272257604322	0.0712690533246231
K18993	UBASH3, STS; ubiquitin-associated and SH3 domain-containing protein [EC:3.1.3.48]	0.031195266685876	0.0876205416999495	0.0059136861223395	0.1125949788081418	0.0543301380743743	0.1639978380246254	1.3939386517288606	0.1233274121814793	0.0845378897963436	0.0633169864994394	0.0757515834182399	0.1581804188760895	0.1424272995054026	0.4456805179270986	0.0166701230303369
K18996	repC; replication initiation protein RepC	0.0118238174632036	0.0332104643156098	0.0022414408554126	0.042676425565016	0.0607575209341107	10.562159446197043	0.5283390053661198	20.046744296964235	0.0320420590643316	0.0239987847588575	4.528711820415097	41.448164870854775	16.05296810259614	82.09051956499952	0.0063184102185956
K18997	cbpM; chaperone modulatory protein CbpM	18.642301225725813	72.7027731636043	41.93089121140412	102.842143655248	183.01645200505737	209.28303873708285	429.660740673262	211.2495780019433	94.21538352560992	105.19120063660506	51.586056145734304	200.50423088166548	97.39057092621528	329.4259678416102	18.19865110962286
K19000	rof; Rho-binding antiterminator	11.064259047139595	56.50886189162499	22.206053272971964	78.57043965302992	158.7808840672433	164.80760407308	145.17289489803252	74.83757565083947	78.3721534177354	76.67808375923146	35.01684168443872	32.023441641819765	79.28444716229441	86.77105775034572	16.116736278319014
K19002	mgs, bgsB; 1,2-diacylglycerol 3-alpha-glucosyltransferase [EC:2.4.1.337]	25277.2170815556	16750.080366058504	35525.298165036096	13288.820322127634	19857.49156944009	17971.509921600365	5086.582619740683	37717.54514635488	8557.146232266006	4671.463603374171	493.9532073193476	1311.17647476426	1347.3794286151674	1110.4064647604396	603.6294987490403
K19003	mgdA; 1,2-diacylglycerol 3-beta-glucosyltransferase [EC:2.4.1.336]	46.14957507999393	36.93422156749461	178.4927647020384	75.46156339603873	22.90149454112259	69.12913762772547	680.4506308950815	132.98554903317913	50.63480768332617	26.68967302627057	36.931162622102576	66.67695183185464	60.03662309240724	187.86534159768425	7.026868421656942
K19005	ltaS; lipoteichoic acid synthase [EC:2.7.8.20]	4739.22076318127	14345.237025233431	34533.15823732148	1379.4597107183415	2270.2562924231893	3523.884691353476	5479.908038546675	20139.28529659975	1476.4514449784429	1874.984114064101	296.6340135268496	602.0282159711935	348.0332183143054	321.0160481245491	40.37655966189766
K19017	IMPG2, SPACRCAN; interphotoreceptor matrix proteoglycan 2	0.250414246092514	0.0047848827971337	0.0288016280375323	0.0434556663525212	0.0033526081051	0.0129428375777092	2.658866659173734e-05	0.0006788255381992	0.0003717014142066	0.0002691295942198	0.0211400927751114	0.0001617089386792	0.0134237500756895	1.0909033924167171e-05	0.0
K19032	PSRP3; 30S ribosomal protein 3	2.231215076725212	6.26698516926841	0.4229714003746376	8.053260669639808	3.8859171941939543	11.729806718291636	99.70028360666616	8.820888893294988	6.046501097986617	4.52869393016984	5.418067962378044	11.313720731832458	10.18699218678554	31.876922259230795	1.1923164565537048
K19033	PSRP4, RPS31; 30S ribosomal protein S31	0.0	0.0	0.0	0.0	0.0	0.0	6.123368303035155	0.0	0.0	2.8	0.0	0.0	0.0	46.54	0.649589313785337
K19046	casB, cse2; CRISPR system Cascade subunit CasB	828.4590481415266	3021.036116416804	2342.458166853	886.2630254850652	1151.763922366407	955.6998679403284	683.4037632919006	2123.625805356111	501.35002027467885	372.1415793172568	79.52187788458312	139.99576561093198	255.54501880141208	614.718116702966	37.08165804612004
K19047	tetC; TetR/AcrR family transcriptional regulator, repressor of tetCD	5.62169809366379e-08	3.031151124411005e-07	1.2464760037118498e-07	4.2291150125937765e-07	8.922804872724843e-07	9.008414488364392e-07	4.791284821960155e-07	3.99682758882513e-07	4.118963973804221e-07	4.2291150125937765e-07	1.833187236228233e-07	1.4787634274804957e-07	4.2045735894437714e-07	3.984842242635592e-07	8.800668487745753e-08
K19048	symE; toxic protein SymE	7613.71566178183	2576.313850502064	2024.1610086770768	828.3940431689257	1769.0422578513303	1955.5721792016848	941.11482511155	3473.109244543808	1246.1947516730395	583.8583011157747	83.97443703154403	124.91495450739733	408.5676573352613	156.63289726075635	62.17481298331056
K19049	cslA; chondroitin AC lyase [EC:4.2.2.5]	809.1932390338744	297.7092870094391	4099.356669458138	280.5437459874898	45.811236578865376	0.0278886213563069	0.0295562540211922	1462.2430045404883	551.1488923349483	33.586905364244465	0.0041034323704639	157.31281665034425	0.0066443989290607	6.825643675646169	0.1122099376707922
K19050	hepA; heparin lyase [EC:4.2.2.7]	1394.668491569417	420.5604319734848	2712.9196665258714	260.0	33.27208383271078	0.0	0.0	1860.9936293035075	437.0	0.0	0.0	115.48	0.0	10.0	0.0004049276244898
K19051	hepB; heparin/heparan-sulfate lyase [EC:4.2.2.7 4.2.2.8]	143.47223259557796	65.52707879810447	2488.9270958464385	70.31684057568836	95.30935444966244	42.48176621232985	1.3208626656466338	533.9146691994362	270.9215808444672	49.2319683051397	0.0004200929439278	249.7914197509989	0.0002667548694245	1.0374020643049395	0.0014225267318758
K19052	hepC; heparan-sulfate lyase [EC:4.2.2.8]	3762.719824086343	1212.1505775691585	7711.771350785838	780.0006140339269	82.37219144690424	0.0	0.0	5180.937371891847	1085.0001899074	0.0	0.0	408.2013915883781	0.0	30.00002848611001	0.0025583990622569
K19053	cslB; chondroitin B lyase [EC:4.2.2.19]	0.0	0.0	0.0	0.0	0.0	0.0	0.0	0.0	0.0	0.0	0.0	0.0	0.0	0.0	0.0002679593924325
K19055	prdX, proX; Ala-tRNA(Pro) deacylase [EC:3.1.1.-]	22551.72013514416	25674.292476682054	21517.59497786963	13393.519452637873	16823.375278924323	16106.738084318777	8730.152697152753	33442.064411837244	11007.29994421148	5944.34001331396	1025.8084341427625	2850.578878872773	3399.1367079390147	3198.498889976735	758.1162553649622
K19056	tetD; AraC family transcriptional regulator, transposon Tn10 TetD protein	0.3602207390187787	1.9422663400295448	0.79870263351981	2.709883935156498	5.717452826212779	5.772308776317161	3.070104674175277	2.5610414572066067	2.639302612688859	2.709883935156498	1.174648744901845	0.9475451114697012	2.6941585627932416	2.553361624191993	0.5639265134090236
K19057	merD; MerR family transcriptional regulator, mercuric resistance operon regulatory protein	4.3121176372708894e-05	0.0002325041296603	9.56108113685241e-05	0.000324393824286	3.570684422813615	3.57069098949022	7.619436129054609	0.0003065762417645	2.430315944700388	4.818580700166525	0.0001406144350346	38.43011342839389	0.0003225113769926	3.0593357695544485	6.75054354992052e-05
K19058	merC; mercuric ion transport protein	0.0846362663072193	0.2465610899878086	0.0205993521466615	0.3937168490991523	3.762411660989129	4.053243231303579	11.240273246697235	0.3293332809925354	2.659575367456233	4.99962333148434	12.139234338727428	45.34667495221506	0.3786831830998989	19.77475830146277	1.3467879792347606
K19059	merE; mercuric ion transport protein	0.0105026025969433	0.0466233822317685	0.0112511480364564	0.2188961598170374	3.680062136445783	3.7033612979984585	3.9279678675826615	0.0305614770154016	2.458692530879617	4.858995981605432	0.0196612508829785	38.45033012064645	0.0319309026453406	3.203425535886309	6.750543541721381e-05
K19060	mphR; TetR/AcrR family transcriptional regulator, macrolide resistance operon repressor	0.0040574276572832	0.0218771556221636	0.0089963675162502	0.0305233897872777	0.0643998213136708	0.0650177036980287	0.034580817444561	0.0288468689177201	0.029728381119404	0.0305233897872777	0.0132309214570494	0.0106728883858079	0.0303462635037618	0.02876036538391	0.0063518309111986
K19061	mrx; macrolide resistance protein	0.0040574233608855	0.021877132456511	0.0089963579900244	0.0305233574661545	0.0643997531208988	0.0650176348509829	0.0345807808270401	0.0288468383718596	0.029728349640113	0.0305233574661545	0.0132309074468675	0.0106728770843193	0.0303462313701971	0.0287603349296479	0.0063518241852645
K19062	arr; rifampin ADP-ribosylating transferase	346.75002792219	97.4596246000266	212.128261228699	84.51893570472411	236.49935522956457	284.6294933611065	481.9470138663211	194.2399674804423	181.0381740454899	117.99105003547896	49.91883171458841	42.49773627332978	52.16931745298125	53.9463178379349	24.393996380998832
K19063	sat2; streptothricin acetyltransferase [EC:2.3.-.-]	8.128332537322546	43.82697878753304	18.022617524378116	61.148166600568594	129.01355420152356	130.25137133918687	69.27649913789116	57.78955610037543	59.55550855010845	61.1481666005686	26.50579097449748	21.38122802457129	60.79332568777178	57.61626170110256	12.724760175179052
K19064	lysDH; lysine 6-dehydrogenase [EC:1.4.1.18]	4.664776760829803	13.12520921292464	0.8966446656920598	17.08017809641603	8.246912823773414	24.627909944163147	223.00257363552032	24.306610491435077	12.641396000277908	9.493907132049626	11.319585175074485	23.609308287346877	21.2761056495893	66.63754059905105	5.481151788634845
K19065	mobA; 3-hydroxybenzoate 4-monooxygenase [EC:1.14.13.23]	0.0	0.0	0.83398902326485	0.0	9.64196706979455	7.14	10.841857302443051	0.0	5.693989023264851	13.4239341395891	0.0	81.02994511632426	0.0	4.16994511632425	0.0
K19066	E1.3.8.10; cyclohex-1-ene-1-carbonyl-CoA dehydrogenase [EC:1.3.8.10]	0.0	0.0285724075284518	0.0	0.0	0.0	0.0	0.0	0.0	0.0	0.0	0.0	0.0	0.0	0.0	0.0
K19068	wbjC; UDP-2-acetamido-2,6-beta-L-arabino-hexul-4-ose reductase [EC:1.1.1.367]	6168.523936381876	5722.089407647969	18003.62369366907	5602.769791688714	3273.4075818211286	2611.8657059451	2494.840787958494	8828.483822373502	4121.380351382727	2262.8555507471656	288.43788579830425	1298.9699335094242	1757.4611194675094	1476.1267162169008	248.5665366052725
K19069	CDH; cellobiose dehydrogenase (acceptor) [EC:1.1.99.18]	0.0	0.0	0.0	0.0	0.0	0.0	0.0	0.0	0.0	0.0	0.0	0.0	0.0	0.0	0.0970335302816489
K19070	oorA; oxalate oxidoreductase subunit alpha [EC:1.2.7.10]	6.662917441081308	9.33552064827837	24.51529018889698	13.612435885644526	6.825903123084354	8.20363608832876	8.743077448100562	3.617128545522831	2.441755398569729	2.7035726905664137	1.192253008706167	1.2347656916017704	1.9305312964914247	8.857766500847054	0.0
K19071	oorB; oxalate oxidoreductase subunit beta [EC:1.2.7.10]	6.662917441081308	9.33552064827837	24.51529018889698	13.612435885644526	6.825903123084354	8.20363608832876	8.743077448100562	3.617128545522831	2.441755398569729	2.7035726905664137	1.192253008706167	1.2347656916017704	1.9305312964914247	8.857766500847054	0.0
K19072	oorD; oxalate oxidoreductase subunit delta [EC:1.2.7.10]	12.836188744586815	16.499316584010664	48.50834935168068	16.992737242072543	8.531440057490556	10.196495416313606	10.903997490412843	5.81791581072924	3.555100213318669	3.5151599508826576	1.4706744558404592	1.523114933094242	2.3813595295780248	10.970170137942464	0.0
K19073	DVR; divinyl chlorophyllide a 8-vinyl-reductase [EC:1.3.1.75]	0.0396776713592317	0.1114457232533455	0.00752169541766	6.143211039380913	0.0691032195724966	0.2085910143448688	1.772968965938339	0.1568617630166555	0.1075248576176126	0.0805337106773035	0.0963494385887454	0.2011917621882936	0.1811551617514095	0.56686693214003	0.2372376877984073
K19075	cst2, cas7; CRISPR-associated protein Cst2	4299.158869268312	9735.900258842366	3995.076379265893	1052.551639060806	2112.226373645193	2055.863359702569	512.9774111184076	3369.4610768410407	1425.4674197508637	1303.292665822437	111.97370060341515	161.26900449892065	245.907494823267	459.9353041869082	85.71061642019139
K19076	cmr2, cas10; CRISPR-associated protein Cmr2	4574.811193570664	5790.732387782308	9618.781817833858	6127.127014177848	1549.7053061665338	1743.7196738161963	4717.925975110187	7056.060934024088	5822.843041720306	2971.50685604972	324.8838672058415	771.5380258278399	356.1333873133874	608.5897319395727	283.3443032901696
K19077	graS; two-component system, OmpR family, sensor histidine kinase GraS [EC:2.7.13.3]	1.6404615548454982e-05	1.171805435578361e-05	2.524781449821756e-07	1.631101085638152e-05	3.3300042764688533	6.393113559341679e-06	53.93000949204476	4.684134035542215e-06	1.2438274466640544e-05	5.713167303714289e-06	16.98000044180159	4.575551006278647e-07	20.000000715378185	3.26111743254136e-06	0.0
K19078	graR; two-component system, OmpR family, response regulator protein GraR	1.640425424427711e-05	1.171645186543065e-05	2.52092796794844e-07	1.6303460683572544e-05	4.272690594892646e-06	6.388530699559616e-06	53.93000948718787	0.0058035707067478	1.243729424795397e-05	5.71177122971725e-06	16.980000441127284	4.5685675096023836e-07	20.000000714286333	3.2561401079044338e-06	0.0
K19079	vraF; cationic antimicrobial peptide transport system ATP-binding protein	0.0005638978673833	0.0024400117418109	0.0005841802185155	0.0114572765913231	0.005729566060852	0.0069509150938131	53.9373692698223	0.0015883528975789	0.0014977881516427	0.0021212189910816	16.981022234020255	0.0010586842623013	20.001655231527227	0.0075455255522464	0.0
K19080	vraG; cationic antimicrobial peptide transport system permease protein	2.066755539182377e-09	9.166669018275092e-09	2.204293638046564e-09	4.318898709304215e-08	3.3300000216126397	2.6215171094002282e-08	2.77827378472446e-08	5.9782585051305434e-09	5.607110363441385e-09	7.98591282141354e-09	3.857206861896522e-09	3.994744960760709e-09	20.000000006245703	2.8471614483626512e-08	0.0
K19081	braS, bceS; two-component system, OmpR family, sensor histidine kinase BraS/BceS [EC:2.7.13.3]	159.99204502929504	1397.854846810278	591.6764646267977	62.67469651241561	39.2798833075919	25.266615878444995	62.72279989201614	223.33629588337973	72.14709298660449	41.93353191550548	9.716133115951154	10.65150120410392	44.88841094075535	5.999187622568634	1.9032371547198017
K19082	braR, bceR; two-component system, OmpR family, response regulator protein BraR/BceR	159.99204502932366	1397.854846810405	591.6764646268282	62.67469651301411	39.27988330789142	25.266615878808288	62.72279989240117	223.33629588346255	72.14709298668221	41.93353191561615	9.716133116004606	10.65150120415928	44.8884109408419	5.999187622963196	1.9032371547198017
K19083	braD, bceA; bacitracin transport system ATP-binding protein	3.382980229750099e-05	2.986444145677775e-05	1.66043873169933e-06	8.24562582382987e-05	1.8081228476524225e-05	4.30489946296413e-05	3.69866648654104e-05	8.502659937513092e-06	3.50885668486871e-05	1.0814053277995697e-05	0.0076940983282484	5.5000030091404986	20.00000470473058	2.1446948186322543e-05	0.0
K19084	braE, bceB; bacitracin transport system permease protein	134.8850567618312	125.62318786845071	168.68750131923844	33.920769993368914	24.81703873268291	13.517065487027187	17.53518575562986	170.04652116430546	20.50081116069877	27.68769235565426	0.0237091998351664	6.575274550846039	30.396506773966276	3.087951400963878	1.9032371547198017
K19085	csa1; CRISPR-associated protein Csa1	78.56796783447177	90.06357990976846	306.8476558161177	33.62889137603256	18.20858881950885	20.467148886998608	21.51311105451328	27.68035574628388	12.44768578312138	8.461911086328126	2.757550329770432	2.855877498485582	4.465106965046933	21.08802375158692	0.0
K19088	cst1, cas8a; CRISPR-associated protein Cst1	4008.7462784651457	9984.75197103138	3330.657430967131	968.9469601278548	2055.3790444225474	2072.3125124342573	515.8273710773005	3576.183760022753	1413.580855423033	1496.2602227126044	108.64416797900452	137.68271697856756	239.8336884703987	440.9604129869151	97.40271263459016
K19090	cas5t; CRISPR-associated protein Cas5t	4305.289810345298	10134.019626920071	3126.26150568835	1066.399696516233	1883.340009500333	1981.70490325206	499.2128370706008	3473.1030097570983	1273.7425773901996	1354.2492257843448	110.7485735541188	145.43744189743032	263.9311357943375	459.4363321133637	98.18424655100544
K19091	cas6; CRISPR-associated endoribonuclease Cas6 [EC:3.1.-.-]	13077.773084524615	19884.09024324918	21412.503437023148	9688.18371931232	4898.155010395039	4738.879924204732	5127.576292516009	15632.644457020077	9834.237812091733	5467.2010259075	503.4653499701983	1191.0347724620456	832.1518894519152	1351.1683753487282	535.2527988687161
K19092	parE1_3_4; toxin ParE1/3/4	13293.232156252228	10867.23069095171	6701.121916274732	2495.998202893722	3860.6976034853096	3812.169455684072	2236.4571900747155	10763.332212294525	2918.772679567961	1541.6744417825398	257.8358472840956	512.2025704341054	1363.9120439516632	861.6121256318804	188.84691892521076
K19096	blaCMY-2; beta-lactamase class C CMY-2 [EC:3.5.2.6]	4.29670365119855e-09	2.316730263098021e-08	9.526904339307245e-09	3.2323425436935286e-08	6.819762932267833e-08	6.88519496756527e-08	3.662012908813384e-08	3.054803621253142e-08	1.597452660927271	3.2323425436935286e-08	1.4011179825025122e-08	1.130229356371111e-08	3.213585360241596e-08	3.0456431363115004e-08	6.7264132285768166e-09
K19097	blaVEB; beta-lactamase class A VEB [EC:3.5.2.6]	835.6841911891789	648.0728918212135	8462.69198962181	3061.5616370530925	174.48105469808547	348.4540707029409	16.44257427095821	1764.8457703323563	3158.7042985306766	424.8885719887492	0.0	33.94985584560504	88.72422989043291	406.2153342699364	13.0198803839697
K19101	blaFOX; beta-lactamase class C FOX [EC:3.5.2.6]	4.1675669308173786e-18	2.2471013167077253e-17	9.24057479888848e-18	3.1351950210514485e-17	6.614796080852679e-17	6.67826156710878e-17	3.551951714133187e-17	2.9629920016765577e-17	3.0535360954019305e-17	3.1351950210514485e-17	1.359007612364002e-17	1.0962604992637388e-17	3.117001581658033e-17	2.954106833600704e-17	6.5242519871273065e-18
K19102	nocA; nocardicin nonribosomal peptide synthetase NocA	0.0	0.0320820666836957	0.0729519814854341	0.0	0.192850979447299	0.0	0.3086075936024199	0.0	0.0	0.0	0.0	0.0	0.0	0.0	0.0
K19103	nocB; nocardicin nonribosomal peptide synthetase NocB	0.0	0.0160306226528836	0.0	0.0	0.0	0.0	0.0	0.0	0.0	0.0	0.0	0.0	0.0	0.0	2.062345010629965e-10
K19104	nat; isonocardicin synthase [EC:2.5.1.38]	0.0	0.0338301470890486	0.0	0.0	0.0	0.0	0.0	0.0	0.0	0.0	0.0	0.0	0.0	0.0	2.062345010629965e-10
K19105	nocJ; nocardicin-A epimerase [EC:5.1.1.14]	0.0	0.0145607145044049	0.0	0.0	0.0	0.0	0.0	0.0	0.0	0.0	0.0	0.0	0.0	0.0	0.0
K19106	nocL; nocardicin N-oxygenase [EC:1.14.13.-]	0.0	0.7187716598096491	0.5559369987553381	0.0	1.46963787052673	0.0	2.3517713417378814	0.0	0.0	0.0	0.0	0.0	0.0	0.0	0.0
K19107	tabB; putative acetyltransferase [EC:2.3.1.-]	0.0	0.0007177018181959	0.0	0.0	0.0	0.0	0.0	0.0	0.0	0.0	0.0	0.0	0.0	0.0	0.0
K19108	tabA; decarboxylase [EC:4.1.1.-]	0.0	0.0007177018181959	0.0	0.0	0.0	0.0	0.0	0.0	0.0	0.0	0.0	0.0	0.0	0.0	0.0
K19109	tblS; putative beta-lactam synthetase	0.0	0.0007177018181959	0.0	0.0	0.0	0.0	0.0	0.0	0.0	0.0	0.0	0.0	0.0	0.0	0.0
K19110	tblC; putative 2-oxoglutarate oxygenase	0.0019850396197055	0.0077684425581319	0.0003763039235905	0.007164724577119	0.0034571743754491	0.0104356282413939	0.0887001056597324	0.00784765848746	0.0053793757335635	0.0040290319703744	0.004820279174235	0.0100654500470362	0.0090630362385682	0.0283598628831964	0.0010607652440928
K19112	tblF, tabS; L-Amino acid ligase [EC:6.3.2.-]	0.0	4.272108219779068e-17	0.0	0.0	0.0	0.0	0.0	0.0	0.0	0.0	0.0	0.0	0.0	0.0	0.0
K19113	ttr; acetyltransferase [EC:2.3.1.-]	0.0	0.0	5.19	10.38	27.87	83.88	93.57000000000492	5.46	6.56	19.13000000000284	0.0	103.01	3.28	35.79000000000398	51.0
K19114	csh1; CRISPR-associated protein Csh1	1618.177432605682	2858.3275022940134	1600.167747240712	2688.0000621124746	1589.3867276939272	1620.860748350094	4008.134652394304	2069.919761521076	2712.2410143272127	2183.245525627771	307.9531050044755	554.6870400963574	324.0152326984235	578.6964094855864	82.29294157799309
K19115	csh2; CRISPR-associated protein Csh2	1851.5354916967444	2953.1395647568065	2218.992115465997	2649.5380502960384	1760.873876298091	1690.5413908666046	4209.475157338502	2382.2529473864697	2909.812317823629	2178.5700315889617	306.83463675156406	549.5374669161688	304.4957765993189	546.5909535125098	79.819198010622
K19116	cas5h; CRISPR-associated protein Cas5h	1673.8116571168018	2857.379677821872	2023.0147430077152	2609.385969914738	1465.596114666496	1495.0827545616685	4010.639337141375	2212.1900838221345	2782.5277683091367	2149.1802115746605	297.775511363275	548.8326653284574	304.5772396331688	544.3143333512083	79.81651741354882
K19117	csd1, cas8c; CRISPR-associated protein Csd1	19389.52054724668	9376.5164567227	14525.40291894363	9445.663265707368	18816.022332565542	17387.17045416024	5315.320133148885	24010.089507568147	5984.100288475003	3299.0358017136027	390.8737013930409	1580.7668047037944	1724.9908725923135	1798.8918938109791	469.600444169116
K19118	csd2, cas7; CRISPR-associated protein Csd2	19010.852499517365	10607.898578119471	14651.173798424734	9335.466328182534	18950.157070711328	17435.354834876256	5035.111935650442	23112.12815950794	5781.881059336549	3123.737449406898	352.4619414137488	1689.4914271118002	1704.4896032545323	1843.1794942574295	458.9880686463719
K19119	cas5d; CRISPR-associated protein Cas5d	19106.98364268477	9178.628749278065	14683.26539632306	9559.914712459318	18932.616080687723	17427.33654323342	5180.709999688842	23192.98209135204	5790.938647104673	3139.226693492559	366.7431871106143	1719.3505140770608	1720.6351495179888	1942.6454298923163	467.34910747833055
K19120	csc1; CRISPR-associated protein Csc1	8.77754387425951	8.145582498353	0.3037460858491111	11.32996686658676	3.743651825518912	7.841967933541397	55.20018789697254	5.7242226647135706	8.37729535055001	4.571722502563142	2.345437752857386	4.640269276595319	4.346058063691158	14.165534155593663	0.4623355511668131
K19121	csc2; CRISPR-associated protein Csc2	5.587627201759614	8.727457487618054	1.0732580122502149	23.67506288589057	10.858121913415784	16.10193889564188	62.31320309526978	6.761995053878332	7.439881328542073	6.170977661776689	3.639062690809121	5.915518947879499	6.424740677959985	23.80611014650531	0.4494148242837281
K19122	csc3; CRISPR-associated protein Csc3	0.913889234187122	2.6028069608874977	0.1926002358925999	3.6800818873690586	1.783991454768196	4.968352527351707	46.01809515637357	3.5895594756398483	2.476669383518342	1.895401011303888	2.2067978696461155	4.564767629096805	4.138448810301878	13.045279098013946	0.4765706440467474
K19123	casA, cse1; CRISPR system Cascade subunit CasA	954.0340032622456	3706.5831019016296	2950.583276213046	2775.985125242009	1986.9786680442585	2042.128877627303	2279.63193193189	2650.5617453874343	1067.4698622630196	597.3963150439432	133.1817189606856	784.9401209051149	659.8732303954383	857.8726273463633	53.499466837335966
K19124	casC, cse4; CRISPR system Cascade subunit CasC	1013.1284310243356	3984.431863772608	3248.1786773592685	3359.1681076522705	2253.939781064036	2398.328037680547	2780.1961648841066	2859.959960182915	1266.3364948961969	675.5674879614546	145.4412830754943	991.2960560450928	789.2422937588371	934.623407995266	59.401134578479656
K19125	casD, cse5; CRISPR system Cascade subunit CasD	949.2129154581834	3737.761256103028	3096.5165554762	2775.8761499628567	1986.2489638068455	2042.0616687908264	2443.348499644824	2695.1796853304704	1103.4445787148886	755.047684230276	133.283443154847	785.1839084638364	659.9244089737158	857.5790298436975	53.61921559170591
K19126	casE, cse3; CRISPR system Cascade subunit CasE	953.1344002439704	3747.9702541172137	3113.9069881050395	2773.3315270858006	1985.6613208185656	2040.9222957306504	2439.638203906812	2706.544208323383	1103.6664992950043	755.1279519992632	133.1762996754026	784.7725553511879	660.0598919526298	856.110867163071	53.71663718853162
K19127	csy1; CRISPR-associated protein Csy1	21.61618087750316	14.812376669315192	7.249565939640798	16.967051417130225	8.204919426691932	24.561877969051565	230.51192602063517	18.872936303527904	14.818223836065217	9.522905190046409	11.304394557074309	23.59553001447876	21.255525592044357	66.53789202354969	2.4858161229721163
K19128	csy2; CRISPR-associated protein Csy2	21.9957365419736	15.228427793018714	8.764453209002593	17.009094485393838	8.22788575471023	24.58459385857365	230.5383777759132	18.988143156543188	14.863748791798734	9.541802845182442	11.306930603944767	23.598156490272963	21.259632034063824	66.560247684838	2.4858161229721163
K19129	csy3; CRISPR-associated protein Csy3	21.840588244548744	15.058361503600112	8.145223402592011	16.991908836304084	8.218497970457001	24.575308444301783	230.52756527809152	18.94105086213116	14.845139876075525	9.53407818370553	11.305893961915752	23.59708288424928	21.25795347266313	66.55110951852575	2.4858161229721163
K19130	csy4, cas6f; CRISPR-associated endonuclease Csy4 [EC:3.1.-.-]	21.840588244548744	15.058361503600112	8.145223402592011	16.991908836304084	8.218497970457001	24.575308444301783	230.52756527809152	18.94105086213116	14.845139876075525	9.53407818370553	11.305893961915752	23.59708288424928	21.25795347266313	66.55110951852575	2.4858161229721163
K19131	csb1; CRISPR-associated protein Csb1	4.192975695489089	1.967313421146592	20.092473755774783	7.481910389966504	3.73693063491048	4.881755864477904	9.514817608169205	1.41899085569621	1.2201267038913322	1.5346548429003557	0.9019498862737654	1.2177767010161336	1.5307973911848043	6.253931340161281	0.0593111140187199
K19132	csb2; CRISPR-associated protein Csb2	13.987890872652184	6.190398966007333	67.71366159722066	27.40738441481004	13.708756352799014	16.94221432035259	21.86207224227235	4.138736344026633	3.782105745861766	5.203869863716211	2.658105286086649	3.008168686441476	4.367378573112572	19.25722622968383	0.053376479509199
K19133	csb3; CRISPR-associated protein Csb3	0.0	0.0003111035218421	0.0	0.0	0.0	0.0	0.0	0.0	0.0	0.0	0.0	0.0	0.0	0.0	0.0
K19134	csx10; CRISPR-associated protein Csx10	1928.6495103852485	428.5321374999038	2173.6683045567647	559.9003982374238	412.9736928220408	449.7278305578953	586.9510232924624	1297.254350531758	697.3199248913132	209.68986797400623	37.4482200013477	565.2820678857382	199.75656686653448	59.94577498277711	22.727667006534727
K19135	csx14; CRISPR-associated protein Csx14	4.374417311228396	2.7999980405281155	20.383326165949605	13.192259804714483	6.601672492033806	8.007535512515751	8.486355444677042	1.826084487916404	1.712715709420806	2.4393310380474365	1.178200241951591	1.220211839244994	1.9077766413772024	8.696775743281641	0.0845465599749247
K19136	csx17; CRISPR-associated protein Csx17	0.1897400076377994	0.6855233108870286	0.1147699518984019	2.238222759155297	1.1136009655234929	1.6648502628406074	5.671180369593301	0.6547983111487133	0.5144609906253419	0.5499350460945116	0.4102483767030388	0.6801589678356482	0.7275822531109671	2.664879065131545	0.053376479509199
K19137	csn2; CRISPR-associated protein Csn2	398.7521624466845	988.3932547490648	704.4032063865855	180.2786127518564	796.4466610821078	521.2053264908678	232.97683552164105	701.4738014028139	222.2788803711413	246.5825762819881	66.44331573163552	32.5655591729753	23.297033893395728	426.03408755376665	31.14282959110568
K19138	csm2; CRISPR-associated protein Csm2	278.0945084484648	797.8060185571828	552.3215061142912	79.91093910626394	100.20226313070408	110.40372584982303	111.2367885050125	328.63908573697927	72.56163021033677	95.90233224254088	9.889975849390936	51.16315396549369	56.85587672892856	39.57653961272817	31.5482198951786
K19139	csm4; CRISPR-associated protein Csm4	332.7089300633438	1245.5153841612332	694.3855875212341	668.3599602454605	290.92687005024635	376.3817322219111	683.3221774470776	666.4921485249502	192.11884815949384	264.325564539973	54.59700421109417	129.40400767304834	181.8700878348239	210.64697170862289	50.210351505922375
K19140	csm5; CRISPR-associated protein Csm5	338.1451106451956	1104.6337485313184	719.0049913786651	589.9143127276419	189.0053207361514	191.6741478548853	175.994014022216	685.7003000047143	152.0431547311739	205.84686256994	19.55350621098343	17.24746976785941	90.12918112730354	41.21010580136667	38.999529617560725
K19141	cmr5; CRISPR-associated protein Cmr5	439.4133431820762	1426.7409577148885	808.6669652229637	1429.9689079769878	779.7298856586067	855.1954075461422	2422.0785209732785	958.5115593925436	1409.180855949556	933.07011354597	161.4236810506959	314.61059830094	176.89323006101498	201.43383328115812	43.848182580367954
K19142	cmr6; CRISPR-associated protein Cmr6	4427.303633932659	4595.594617909079	9184.882191906852	4748.369448965008	1440.7112660615655	1410.2138531912778	2707.5389661848767	6549.944358824615	4619.52353743621	2077.109281449092	192.64817364598423	504.4491772516953	223.78559231480784	427.0374682046969	243.2650361984942
K19143	csx1; CRISPR-associated protein Csx1	0.4131605275707515	1.8324885240928317	0.4406554646402252	8.63381486310997	4.32053483837065	5.24061685778297	5.55398565950791	1.195100432105872	1.1209050281889383	1.596446164955985	0.771085690493007	0.7985806275624806	1.248564731565563	5.6916974638905975	0.4521859885962596
K19144	csx3; CRISPR-associated protein Csx3	1.3139883543307225	3.865862500471645	0.3435360096892929	6.604393890439135	3.227066500442952	7.707653476896064	55.35018581335204	5.080481898003018	3.5611820405480845	2.8645377196884474	3.130240799557672	6.324866206887501	5.832995294916458	18.717678670749866	0.6446733138364331
K19147	mcrC; 5-methylcytosine-specific restriction enzyme subunit McrC	9319.727027193485	6147.048617489821	21334.24563195179	5735.388151758398	15672.443940879542	8267.041213515235	3227.7633691887795	10255.559098248574	4305.756600916242	1954.8254043671664	1006.4640595239554	1166.399076699225	1507.5475554264915	7380.115094298439	139.147073351562
K19148	tisB; small toxic protein TisB	1.6245904990056996	8.759594050984031	3.6021377155618763	12.221538677799222	25.785632346654936	26.03303191503144	13.846129176804924	11.55026118227098	14.843217899821456	12.221538677799222	5.297649424168839	4.27341521109012	12.15061746819796	11.515625242698269	2.543267562910445
K19154	shoB; small toxic protein ShoB	4.296397355593576e-09	2.3165651122393384e-08	9.526225202656214e-09	3.2321121223297874e-08	6.819276777395937e-08	6.8847041482933e-08	3.661751857889144e-08	3.0545858559616055e-08	3.147928905108512e-08	3.2321121223297874e-08	1.40101810214889e-08	1.1301487866338024e-08	3.2133562760058765e-08	3.045426024035974e-08	6.725933728249031e-09
K19155	yhaV; toxin YhaV [EC:3.1.-.-]	18.71820791839221	80.11371073482069	23.596855106451915	91.6711222137234	250.99051245070223	255.43284749656732	315.2377452808866	180.92281088698107	86.19663227240618	90.66504881900345	64.84284711355002	73.95971376768826	102.56663182174792	145.89443977035225	18.1345722217567
K19156	prlF, sohA; antitoxin PrlF	27.773588376085296	101.1266891803383	55.99093816366619	91.84445447398711	252.288457398266	255.68476904327787	319.8804209026685	114.24231198635977	86.33190848407831	90.76021341786138	59.43686895999496	56.09995840684414	102.81309786601608	148.77891599526964	18.159501282794984
K19157	yafQ; mRNA interferase YafQ [EC:3.1.-.-]	19633.52309537534	20748.42179775666	22844.56449082301	8019.219297213423	11596.556885492124	11609.477477334254	4295.745255221089	25863.521647977068	7726.933547759483	3916.208886715504	478.3688395419731	1597.8145197718668	1830.957296699949	908.016554637048	561.4114194994186
K19158	yoeB; toxin YoeB [EC:3.1.-.-]	16068.885297701972	6009.582055779745	25947.573614781588	3347.9073318392625	4705.736533769648	5040.0797174699255	3830.156782547688	11793.620449052796	4674.935116309171	2218.6802108111224	317.1600221990717	1019.253809357286	997.0934020770928	1133.3709371284062	350.64501115984945
K19159	yefM; antitoxin YefM	6588.167724180203	3940.823455310422	17459.507942656714	1574.590057767829	1885.5397668868893	2256.559678524186	3300.55299408606	4594.244587794984	2120.328599355413	1621.370977010312	193.38394756974725	509.0129165691027	484.7479781389416	723.59344807866	151.93695722330668
K19160	yafO; mRNA interferase YafO [EC:3.1.-.-]	9.486663762622756	51.15093527237546	21.03438950006914	71.36667866094885	201.57309773080627	152.01776733932752	342.7979789493705	118.44680845649458	221.50787043131825	132.64148718593026	45.93519188380131	639.9542597045235	114.95254003983943	346.43092172877334	14.851203575598264
K19161	yafN; antitoxin YafN	9.486658277569772	51.150905697637626	21.03437733828668	71.36663739775838	150.57301067159983	152.0176794448338	80.85329567532817	67.44676945971688	69.507830242864	71.36663739775838	30.93517399751686	24.9542452763282	70.95249901609799	67.2445158314641	14.851194988845268
K19162	tomB; hha toxicity modulator TomB	10.000005523981152	53.53175186496184	21.868662904991385	74.64588627552884	156.60350147871227	158.63051685315568	98.7737533077803	70.62275824129885	75.51650958621033	74.40493944523557	32.48411391940831	26.669816272210998	74.35447730325372	71.96296698677322	15.500022003538216
K19163	ccdB; toxin CcdB	19.55413335651343	91.60759531833784	51.19204724886325	127.8722583535501	269.7780589506977	272.5990900869415	144.81464867424847	120.81231786912046	125.79747133876032	127.86204550363662	55.387426812672544	45.28352044358485	129.1775220999125	130.08565980417532	26.60056123928643
K19164	ccdA; antitoxin CcdA	19.739340474203846	92.13327013650668	51.16513984839494	128.50258260312566	269.95226814648925	273.3065145136006	173.2486553109527	121.54104452388736	126.31222933849908	128.18616822879767	55.86071253995346	46.99236630106465	129.99062728253296	134.70185257158923	26.695232503556795
K19165	phd; antitoxin Phd	11051.240829980845	7809.6053293162	4287.53761710151	3854.780460123636	9122.11411086576	8234.461635356693	3320.9721989680197	13467.3098199061	3133.336899349717	1783.742666907132	264.26380211385367	606.0724555862606	2100.610406802808	943.5300645293444	183.4269792307836
K19166	higB; mRNA interferase HigB [EC:3.1.-.-]	927.8754768028064	295.8140627897883	12689.678408323642	479.1707692081205	303.65563551138723	251.7121577950037	378.10004286965807	1580.6181233653483	739.9870478431696	182.42516827816183	38.79545309532374	380.0653436257453	88.4864132091779	167.0830537827251	17.339038790560483
K19167	abiQ; protein AbiQ	9384.361204500306	4582.621388269807	2588.8162359819976	6554.064231731768	48284.43244414556	20327.83194517594	2348.848782600458	5713.323934150575	1959.2400953905749	1085.7456617967036	3277.0389477040403	567.1132696916052	857.2144059882113	26273.583128239705	173.61613980868327
K19168	cptA; toxin CptA	10.154465694152073	53.67666152902649	27.09557346186263	85.13580408979492	184.4764067192573	241.6994237561125	210.94310321153657	76.05973878190188	82.10251996716059	97.30590222544564	32.96231767312122	129.99063649615263	77.9163146234412	112.99761283143889	15.500022002949065
K19169	dndB; DNA sulfur modification protein DndB	3248.336990294645	2191.875845893618	2422.1255824245945	1281.273024686287	963.232462737916	932.3094802223978	657.706619164846	4378.671983270368	985.0268573018712	508.9280706223584	67.5624707497705	126.8209449660553	892.9175710463343	174.15733983652444	59.73017538492408
K19170	dndC; DNA sulfur modification protein DndC	3133.043636754758	2289.789684991115	2463.0676669353784	1512.9813869279712	1201.5082340122074	1301.9730300563065	652.4406298341155	4768.798057081206	904.5571377335853	505.8837949336395	163.321627599384	131.342260808596	980.2783336583892	301.5654515818768	92.38715006565278
K19171	dndD; DNA sulfur modification protein DndD	14389.753534987594	10195.753652594178	25123.68876101469	9910.21139647893	2995.7260228443583	3050.1188833887736	1526.4296783597806	19489.701065567897	9499.210602577736	3672.1508082098826	175.4645292626571	824.3329472884759	1240.9781147312897	666.9777966358264	565.847682458328
K19172	dndE; DNA sulfur modification protein DndE	3011.728832564746	2229.245278982464	2623.2984750756577	1428.1861841096638	1199.6485426046374	1262.0758829664642	627.9462353665414	4665.112503911951	870.2669637587669	472.1450376075472	163.33654531050777	106.67337174901046	988.875279802812	287.94876992369814	58.09117711422723
K19173	dptF; DNA phosphorothioation-dependent restriction protein DptF	21.544186631686287	985.8319873500776	458.47338244163313	6129.818286153198	58034.12093210182	23156.76470992619	508.0048755499672	50.33991072886852	46.99551578788234	58.53723114555133	3965.973586995984	268.21301019908265	240.90993806578533	32089.92097203503	61.90294660760794
K19174	dptG; DNA phosphorothioation-dependent restriction protein DptG	17.032014658442822	203.3260013965496	113.20103270609329	374.7269273047607	827.3089138500601	879.1854642535643	42.81248621547447	33.94582759300932	51.54476787567346	77.37761695863792	91.88087982389332	20.660409865985624	34.603030748820785	194.32590641793388	2.902078440198862
K19175	dptH; DNA phosphorothioation-dependent restriction protein DptH	17.002985913187317	199.5883621469987	24.398776080541964	228.6064634765792	828.6429990450655	858.624837649227	43.68402898456862	32.149832096997045	39.19708954429563	58.86176615356345	92.13912118721662	16.369136621425433	31.123216207038723	185.87136967320504	3.1287823101967014
K19176	FAAH2; fatty acid amide hydrolase 2 [EC:3.5.1.99]	0.2429758387815792	1.077663218868831	0.2591420494414508	5.077400562286629	2.5408332544226906	3.081929732809747	3.266364695673599	0.7028313742897998	0.6591937431286008	0.9388481341366806	0.4534703942519773	0.4696496150115548	0.7342750477777997	3.3472359248396595	0.000337977607197
K19179	GDE1; glycerophosphoinositol glycerophosphodiesterase [EC:3.1.4.44]	1.6293977902965768e-17	7.226858696924727e-17	1.7378306794904072e-17	3.4049522936026524e-16	1.7039067018170008e-16	2.0667631484714606e-16	2.1903476632073362e-16	4.7131656421905517e-17	4.4205582435524736e-17	6.295968951344882e-17	3.04096165140912e-17	3.1493945406029506e-17	4.92401495035555e-17	2.244657621391927e-16	0.0
K19180	tll; dTDP-6-deoxy-L-talose 4-dehydrogenase (NAD+) [EC:1.1.1.339]	704.6959588519388	2505.307289735504	860.6628452088096	224.47875464197529	506.0062061654851	449.62017000993865	585.289289483074	844.018660932994	216.49286804394148	215.03294513709383	73.45146063208902	471.7721876222126	268.18358126975465	172.439406727525	31.60682179678277
K19181	afr; 1,5-anhydro-D-fructose reductase (1,5-anhydro-D-mannitol-forming) [EC:1.1.1.292]	0.0	0.0061761526477218	0.0	0.0	0.0	0.0	0.0484069329617007	6.089060576253655	0.0	0.0279155007183279	0.0	0.0	0.0	0.0391017660555914	0.0336608500494407
K19185	kdhA; 6-hydroxypseudooxynicotine dehydrogenase subunit alpha [EC:1.5.99.14]	0.0	0.0035414516846819	0.0	0.0	0.0	0.0	0.0	0.0	0.0	0.0	0.0	0.0	0.0	0.0	0.0
K19186	kdhB; 6-hydroxypseudooxynicotine dehydrogenase subunit beta [EC:1.5.99.14]	0.0	0.0001306732356688	0.0	0.0	0.0	0.0	0.0	0.0	0.0	0.0	0.0	0.0	0.0	0.0	0.0
K19187	kdhL; 6-hydroxypseudooxynicotine dehydrogenase subunit gamma [EC:1.5.99.14]	0.0	0.0908498104830446	0.0	0.0	0.0	0.0	0.0	0.0	0.0	0.0	0.0	0.0	0.0	0.0	0.0
K19188	dhponh; 2,6-dihydroxypseudooxynicotine hydrolase [EC:3.7.1.19]	3.7300628912553646e-05	0.0001573181258697	5.742263031241049e-07	3.709052492185529e-05	9.725186739734969e-06	1.4538277595069256e-05	2.158467047197906e-05	1.0651088915470215e-05	2.8282275969375256e-05	1.2991017889209712e-05	1.0048160546589492e-06	1.0406452167480298e-06	1.627027842723787e-06	12.716804412762755	0.0
K19189	dhpH; 2,6-dihydroxypyridine 3-monooxygenase [EC:1.14.13.10]	0.0	0.0127463680515869	3.1181437189144168e-06	0.0	8.242916203313192e-06	0.0	1.319063320840452e-05	0.0	0.0	0.0	0.0	0.0	0.0	0.0	0.0
K19190	nboR; nicotine blue oxidoreductase [EC:1.1.1.328]	0.0654343381034995	2.0072173504261417	518.9616936725583	1252.196483195662	934.8757609091506	380.8241292924057	56.47795744925557	0.3513517374374994	0.1773244192736358	106.64284455794986	49.72888446767302	94.1117391890506	38.47872418996966	6.294838191064572	1.192948657485014
K19191	mabO; 4-methylaminobutanoate oxidase (formaldehyde-forming) [EC:1.5.3.19]	660.9048141905216	237.81126180357472	4434.067812306028	58.29339477424629	12.274072771326798	2.215296594865493	14.39116725102508	1204.202906574665	807.6355369174335	60.26107801264717	0.0269679267918104	1.6965001004684388	2.726009868932348	1.4538118669992748	0.0070058770112823
K19200	IAL; isopenicillin-N N-acyltransferase like protein	1733.3593614900738	894.685173336288	3028.384159180193	525.5394655359256	279.2162939328136	213.79846637848223	1028.9244586350687	3041.410858066973	785.3249325983584	180.97464451387432	47.12898587684077	1118.9890152365747	81.75245807503589	612.1347084552694	48.34521056051645
K19203	pimS1; pimaricinolide synthase PimS1	0.0	0.3774345997676635	1.0768059396190628	0.0	2.8465721684567025	0.0	4.55519484236329	0.0	0.0	0.0	0.0	0.0	0.0	0.0	0.0
K19204	pimS2; pimaricinolide synthase PimS2	0.0	0.2512808964613531	0.9859473932954675	0.0	2.6063845917400688	0.0	4.170837395612687	0.0	0.0	0.0	0.0	0.0	0.0	0.0	0.0
K19205	pimS3; pimaricinolide synthase PimS3	0.0	0.0459889573045116	0.0003607564550825	0.0	0.000953671638357	0.0	0.0015261022279675	0.0	0.0	0.0	0.0	0.0	0.0	0.0	0.0
K19207	fscD; candicidin polyketide synthase FscD	0.0	0.0955973982114267	0.0158691899708279	0.0	0.0419507293235135	0.0	0.0671311790248587	0.0	0.0	0.0	0.0	0.0	0.0	0.0	0.0
K19208	fscE; candicidin polyketide synthase FscE	0.0	0.1247405727280499	0.0265275551936198	0.0	0.0701264708272979	0.0	0.112219089951559	0.0	0.0	0.0	0.0	0.0	0.0	0.0	0.0
K19209	blaOXA-42; beta-lactamase class D OXA-42 [EC:3.5.2.6]	0.0	0.0	0.0	0.0	0.0	0.0	0.048406933005394	0.0	0.0	0.0279155007435251	0.0	0.0	0.0	0.0391017660908856	0.0
K19210	blaOXA-61; beta-lactamase class D OXA-61 [EC:3.5.2.6]	6.02528645042631e-33	1.437651068502454e-32	2.960032727714028e-32	3.921974139882272e-32	7.844225177119804e-32	1.538164808461312e-31	2.664029454942625e-32	2.5372104662342035e-32	1.0361499033775389e-32	3.594404568611393e-32	3.804569661252642e-33	2.1564766027536808e-32	4.239298509008584e-32	2.8548117327157746e-33	5.1807495168876946e-33
K19212	blaOXA-63; beta-lactamase class D OXA-63 [EC:3.5.2.6]	0.003347902371298	0.0085623581188034	0.0153695725068523	0.0258233233610815	0.0428681110102635	0.0818681814924076	0.0173300526331903	0.0137284296070997	0.0060355968714739	0.0193832090830062	0.0024599673889008	0.0115210606042962	0.0224307174826676	0.0053132711417072	0.0026377330560082
K19216	blaIND; metallo-beta-lactamase class B IND [EC:3.5.2.6]	0.0	0.0	0.0	0.0	0.0	0.0	0.0	0.0	0.0	0.0	0.0	0.0	0.0	0.0	0.0016272687442412
K19218	blaCARB-5; beta-lactamase class A CARB-5 [EC:3.5.2.6]	0.0165271235583773	0.0464210014137377	0.0031330465039293	0.0596523551329968	0.0287838829505846	0.0868853778245334	0.7385029453956513	0.06533835404527	0.0447878251562228	0.0335450781606595	0.0401328762950707	0.083803333166079	0.0754573955310224	20.236119699232376	0.0088317623897888
K19219	JMJD7; jumonji domain-containing protein 7	0.0002030079852058	0.0005702041214221	3.848421995954368e-05	0.0007327291034983	0.00035356171106	0.0010672410981684	0.009071269690928	0.000802572060682	0.0005501432910935	0.0004120450063142	0.0004929650539852	0.001029383350314	0.0009268675085246	0.0029003343648552	0.0001084833838286
K19220	cwlS; peptidoglycan DL-endopeptidase CwlS [EC:3.4.-.-]	140.31944167070844	1396.0316360878776	4360.06066915057	16.533278955139128	3.105255157499616	3.763082369397125	423.65801006477005	2727.4945822682994	30.80586592447618	49.8146147375071	0.5536865307906105	42.57481246984419	0.8965455891757546	17.75410239957901	7.54567328951084e-08
K19221	cobA, btuR; cob(I)alamin adenosyltransferase [EC:2.5.1.17]	28814.61286508973	28732.01807303194	21752.123274585392	22801.840848466916	74624.46934419964	38712.33163095484	15814.572835637038	30631.291029407526	12808.132855089898	8042.641961936735	5073.462548471123	4901.053189159881	5126.110394761821	36036.15712764727	859.9205969709477
K19222	menI; 1,4-dihydroxy-2-naphthoyl-CoA hydrolase [EC:3.1.2.28]	10.004495514244756	53.5419361690091	21.891713550627856	74.67139878025513	156.6626171284693	158.74845482972404	98.79127690117262	70.64200559639028	75.52397449047402	74.43226707050003	32.4866303117582	26.686311049803606	74.38710421679227	118.50166088039592	16.306382778606793
K19223	lytF, cwlE; peptidoglycan DL-endopeptidase LytF [EC:3.4.-.-]	17.528542339175043	41.933274428675865	78.98264532483714	85.65814222349114	165.4768344414774	321.60896335872394	58.64793334889675	66.51516019975723	22.049064668665093	75.34024966458378	8.283804732836982	50.620923251894496	88.5397982810199	8.771066310322725	10.748052560753012
K19224	lytE, cwlF; peptidoglycan DL-endopeptidase LytE [EC:3.4.-.-]	2165.994859710697	1436.0156600165108	746.6275591683998	485.07602981334486	125.2566597829326	145.01259887933628	493.58833870287066	2198.825989600044	546.9304785931307	314.66177337377707	115.39666833038616	76.17794881610206	80.38662996956496	117.81474710561508	61.48787243431232
K19225	gluP; rhomboid protease GluP [EC:3.4.21.105]	11337.762982524742	16485.787802115112	29439.89239874847	12676.088560578744	61114.45002235037	26559.948368132664	7077.360237416764	21042.231524101808	6797.252241716262	4889.748896428537	4502.406363328515	1804.0673245121343	1217.6955759374457	33286.72182161904	434.9608685278797
K19226	sapA; cationic peptide transport system substrate-binding protein	8.541672987644436	24.204773082744243	3.846045382799105	13.497719682376456	53.08994729283588	28.379145529766063	193.1072541782912	44.33320214793231	91.96100104332494	42.75677285208319	13.478322948125518	314.28858825023286	38.39115162285514	152.34670529265853	2.888361663550888
K19227	sapB; cationic peptide transport system permease protein	8.541672987644436	24.204773082744243	3.846045382799105	13.497719682376456	53.08994729283588	28.379145529766063	193.1072541782912	44.33320214793231	91.96100104332494	42.75677285208319	13.478322948125518	314.28858825023286	38.39115162285514	152.34670529265853	2.7752618299024574
K19228	sapC; cationic peptide transport system permease protein	8.541672987644436	24.204773082744243	3.846045382799105	13.497719682376456	27.589947292835884	28.379145529766063	64.10725417829119	18.833202147932308	15.96100104332494	13.256772852083182	5.978322948125516	6.788588250232883	16.39115162285514	14.34670529265854	2.7752618299024574
K19229	sapD; cationic peptide transport system ATP-binding protein	138.63204459809972	84.46524999869457	147.67860372391883	29.27155927980542	318.1521283594915	221.57431957152627	262.9374921919003	148.35662754837512	104.29224031454434	17.513745327930383	15.543121264474827	7.093438273911836	16.39538170745979	14.843864292681683	2.7752618299024574
K19230	sapF; cationic peptide transport system ATP-binding protein	8.541672986658766	24.204773077429632	3.846045380613619	13.497719674961417	27.58994727719125	28.37914551397133	64.10725416989048	18.833202140924545	15.961001036103031	13.256772844668143	5.978322944911332	6.788588247640122	16.391151615483132	14.34670528567179	2.8883616620078394
K19231	bmaC; fibronectin-binding autotransporter adhesin	0.0	0.0	0.0	0.0	0.0	2.1	0.0	4.0	0.0	2.63355459342649	0.9	8.609228933040287	0.0	3.975908166141136	0.0
K19233	btaF; ECM component-binding autotransporter adhesin	4.985613244258222e-10	1.4003474872235472e-09	9.451226094910227e-11	1.7994877980543931e-09	8.683017801179086e-10	2.6210059414413907e-09	2.227786373401745e-08	1.9710130570239892e-09	1.3510806855871995e-09	1.0119291803363535e-09	1.2106583391848363e-09	2.5280322148616173e-09	2.276266582069529e-09	7.122845639563753e-09	2.6642114331111053e-10
K19234	ynhG; L,D-transpeptidase YnhG	9.85	53.11	21.84	74.1	156.34	157.84	83.95	70.03	75.11	74.1	32.12	25.91	73.67	69.82	15.42
K19235	ybiS; L,D-transpeptidase YbiS	10.000005523981311	53.53175186496268	21.868662904991734	74.64588627553002	156.60350147871478	158.6305168531582	98.77375330778165	70.62275824129998	75.51650958621148	74.40493944523675	32.48411391940882	26.66981627221141	74.3544773032549	71.96296698677435	15.586106335808012
K19236	ycfS; L,D-transpeptidase YcfS	10.01139594618128	53.55892975030706	21.92462044521983	74.72002871220946	156.75179158745678	158.9212971531689	98.8241151004208	70.67072260013987	75.5360973490327	74.47288938729463	32.491306219842	26.710583094848708	74.43461855547568	71.96836383395973	15.509815882881131
K19237	kgp; gingipain K [EC:3.4.22.47]	0.0	0.0	0.0	0.0	0.0	0.0	0.0	0.0	0.0	0.0	0.0	0.0	0.0	0.0	1.4761132592265751e-05
K19238	pmrD; signal transduction protein PmrD	9.85	53.11	21.84	74.1	156.34	157.84	83.95	70.03	72.17	74.1	32.12	25.91	73.67	69.82	15.42
K19240	sic; inhibitor of complement-mediated lysis	2.0487225888134364e-26	2.4282692923508886e-26	4.774200278450224e-39	9.35414731715654e-38	4.681003705524024e-38	5.677849583031012e-38	6.017363225888998e-38	5.53972265106375e-26	1.2144238587997722e-38	1.729640124056209e-38	1.895659491985548e-27	8.652074376489458e-39	1.3527344075876235e-38	6.166564537931389e-38	0.0
K19242	citR; LysR family transcriptional regulator, repressor for citA	366.6335209936548	2036.8613725132263	420.8377365072276	229.49017655205108	293.76295606604555	239.99099436038625	457.4412618695387	653.4666272740673	147.9380756645578	134.52271538858213	17.13503350518496	202.45673653682763	134.5312757677212	76.35197390688928	15.09815711742148
K19243	azf; NAD+ dependent glucose-6-phosphate dehydrogenase [EC:1.1.1.388]	7.123875861923773e-23	0.0033504507958812	7.59795435065548e-23	1.4886762213530965e-21	7.4496356238674485e-22	9.036077128243513e-22	9.57639990680468e-22	2.0606390380300198e-22	1.9327084125810497e-22	2.7526550917774135e-22	1.3295361902734745e-22	1.3769440391466451e-22	2.152824280079876e-22	9.813848001111269e-22	0.0
K19244	ala; alanine dehydrogenase [EC:1.4.1.1]	968.541693770802	883.8543043152133	620.6652471703133	1200.351916559115	834.2650302226737	961.0674200250912	1024.2936916055564	957.1015438331424	511.9980106083179	274.9287952944508	79.87062096825474	524.2304558631863	336.9393513735004	336.9566461794035	85.83040155303607
K19246	loxA; arachidonate 15-lipoxygenase [EC:1.13.11.33]	0.8515140410163116	2.403822048419955	0.1614215008335075	3.07342156643522	1.4830094541756949	10.50157543186472	38.04930876900857	3.366376834415129	2.307568032174179	1.7283167854283383	2.06773474833136	4.317733489607085	3.887732282404103	12.165410305473362	0.4550319754832553
K19265	gpr; L-glyceraldehyde 3-phosphate reductase [EC:1.1.1.-]	28159.35098405261	18687.94348904172	48308.48304724279	19346.869307196725	24173.530864089087	16198.99435371361	5710.573957974771	34975.231566523464	16458.598565150627	6197.993029881622	1235.237923158038	2616.905281125356	1881.5939249660369	8792.689117662458	926.278159832784
K19266	E1.2.1.22; lactaldehyde dehydrogenase [EC:1.2.1.22]	25.06519870905023	0.4789425532404322	2.88289720401196	4.349692276523595	0.3355791040612383	1.2955125389487203	0.0026613909628931	0.0679470008964761	0.0372054304134144	0.0269385103398302	2.116016298610491	0.0161862463668556	1.343649446140296	0.0010919390861328	0.0
K19267	qorB; NAD(P)H dehydrogenase (quinone) [EC:1.6.5.2]	1017.5032972491276	1276.4607520744546	1553.1973422110216	206.11328904690768	551.3431266122883	391.009908277604	549.6423022045752	1982.952337425861	419.58863509837136	262.7435653517897	110.72819397828444	820.1130294257997	212.65338863373088	618.8921130310349	27.03443178018604
K19268	glmE, mutE, mamB; methylaspartate mutase epsilon subunit [EC:5.4.99.1]	4659.894446524733	2638.542653407057	5804.901641071972	2925.148241850087	9635.477550495993	8562.071126400087	719.4218274643748	10637.418330471572	1763.9289068576657	860.1148179864758	275.0568384821512	475.25817926697846	1725.5945213701298	452.20057528906193	122.03692757803792
K19269	PGP, PGLP; phosphoglycolate phosphatase [EC:3.1.3.18 3.1.3.48]	189.7494670692628	949.9921793985068	434.73973605319225	942.2423223476462	279.3449208089826	342.4473298071844	1641.2675531753812	468.85135939177405	970.20740474688	658.2480389439017	103.75994155036472	190.12657209959175	82.43013569124633	129.14122943054556	27.11480888939616
K19270	yfbT, yniC; sugar-phosphatase [EC:3.1.3.23]	25.373357903418714	124.61783586141566	60.8634806326852	182.7069172675181	390.4315670013775	436.7903297385977	567.986253408697	190.6212569053298	171.92177162968025	182.3267410204059	78.2250443724462	199.1932616328748	184.4778437309318	295.3587807953424	84.9865297003242
K19271	catA; chloramphenicol O-acetyltransferase type A [EC:2.3.1.28]	22055.15093352968	18680.81465981936	38327.42891962272	14338.376446506449	8475.158577273909	9060.359116559985	6646.474557889508	28893.06498115317	13128.464205674229	4892.091605220786	709.0964307532938	3201.0081324265525	3559.079960384003	2580.3913527096315	642.5296480447837
K19272	aph3-I; aminoglycoside 3'-phosphotransferase I [EC:2.7.1.95]	4.248170777902378e-07	1.9751427927002893e-06	5.624993466882429e-07	7.605763723981498e-06	4.957279488832122e-06	15.025053875615267	0.0484121758548837	1.6297836879156287e-06	1.5912271411711373e-06	0.0279174900952847	9.254417658988296e-07	6.312968514502817e-05	2.03670119645481	8.440640806140994	20.91193564317511
K19273	sat4; streptothricin acetyltransferase [EC:2.3.-.-]	559.89562701369	492.0218735838259	405.42387273961504	286.8412206142504	120.08527255820472	79.06113100932754	85.6605786785316	1361.4033026714724	110.76186040131526	94.40490523761156	10.824776379871324	3.3679549371959028	40.15583759603218	15.15165568990803	8.627282973409239
K19274	aph3-VI; aminoglycoside 3'-phosphotransferase VI [EC:2.7.1.95]	0.0	0.0	0.0	0.0	0.0	0.0	0.0	0.0	1.5974526294457378	0.0	0.0	0.0	0.0	0.0	0.0
K19275	aac3-II; aminoglycoside 3-N-acetyltransferase II [EC:2.3.1.81]	0.0019018160330717	0.010254360356999	0.0042168184936332	0.0143070627462554	0.0301857785391307	0.0304753951939132	0.0162088787793272	0.0135212362229456	0.0139344226504353	0.0143070627462554	0.0062016579677426	0.005002645016943	0.0142240393052178	0.013480689891276	0.0029772592111641
K19276	aac3-IV; aminoglycoside 3-N-acetyltransferase IV [EC:2.3.1.81]	3.2733494859937294e-21	1.7649501644784463e-20	7.257863225797264e-21	2.4624893087526432e-20	5.195486889748829e-20	5.2453348514644697e-20	2.789824257352016e-20	2.3272351726308718e-20	2.3983515980118524e-20	2.4624893087526432e-20	1.0674110202042496e-20	8.610404587014977e-21	2.4481995597274932e-20	2.320256457990682e-20	5.124370464367849e-21
K19277	aac3-VI; aminoglycoside 3-N-acetyltransferase VI [EC:2.3.1.81]	1.1167463015326333e-30	6.0213600075531125e-30	2.4761156574083973e-30	8.40110669477849e-30	1.772508799813319e-29	1.7895150886691458e-29	2.4096051144868477e-12	7.939669390490387e-30	8.182292444833518e-30	1.389580566022726e-12	3.641613320327734e-30	2.9375529616965003e-30	8.352355333391788e-30	1.946411592479272e-12	30.08836005382107
K19278	aac6-Ib; aminoglycoside 6'-N-acetyltransferase Ib [EC:2.3.1.82]	0.7191085008247191	2.020864843810237	0.136887282646151	2.6066775668626336	52.258034062942194	3.785245552142354	290.112700265794	53.842240053798825	153.94875642669447	60.46075708827002	16.745851233029867	618.6443259815738	47.28221614135962	286.27342929845867	0.3839323454071289
K19285	nfrA1; FMN reductase (NADPH) [EC:1.5.1.38]	17482.230337573437	8717.21669461861	16990.047304545926	7488.596108706696	7304.031744673539	6102.211291898931	2246.915745222902	17032.49362637396	7889.528876423528	3847.456245426589	574.3391469644795	935.2050670903218	1105.8882880048743	1657.3092198307552	497.432807012358
K19286	nfrA2; FMN reductase [NAD(P)H] [EC:1.5.1.39]	29361.59938272497	15607.994782520673	64995.35567906294	13014.466995473382	8388.43728572199	6965.5484559339575	2504.7865334502985	35255.21620263485	19255.99284224297	6229.95748493927	555.0984237785223	1322.607446560267	895.7446093260564	1972.6895617979412	798.8839833221803
K19290	alg8; mannuronan synthase [EC:2.4.1.33]	5.63022796283855	13.43768737264982	33.67409640172232	48.73617452964188	105.72346431841888	241.44140934961152	103.08457322843672	30.078326212282715	17.34688423339857	55.87764993840843	3.571259006268088	140.71948696923502	43.41915240736776	45.36479552293436	4.8381407719831895
K19291	alg44; mannuronan synthase [EC:2.4.1.33]	3.095296397571076	7.385468242733927	21.263210397161693	32.26187171120165	72.82290284011725	176.9105403708088	118.39292212446658	19.406201464626395	12.978744186322327	40.79079037648337	1.9544748392751183	131.29618870792643	25.60595678385863	43.235344485951565	2.661442812433586
K19292	algK; alginate biosynthesis protein AlgK	0.0	0.0	6.056997855785405	12.11399571157081	32.52572837008463	97.89228904494792	104.70733083722791	6.372101790479444	7.655858561455155	22.325697298877607	0.0	120.21798634382554	3.827929280727577	41.76877712110976	0.0
K19293	algX; alginate biosynthesis protein AlgX	0.0	0.0	6.056997855785405	12.11399571157081	32.52572837008463	97.89228904494792	104.70733083722791	6.372101790479444	7.655858561455155	22.325697298877607	0.0	120.21798634382554	3.827929280727577	41.76877712110976	0.0
K19294	algI; alginate O-acetyltransferase complex protein AlgI	57910.74864508114	48542.21289060707	46575.43701760774	40058.451563221344	195781.51969685164	96934.0433655963	18242.158143569435	61792.71688639095	16589.531936052554	7727.8462125799	12704.917980541875	6256.79302085606	7564.255393975548	97701.5940596007	1586.2171230429158
K19295	algJ; alginate O-acetyltransferase complex protein AlgJ	0.0	9.9979909678392	6.635191731752989	33.2463694172487	55.60658201616195	141.21014488086416	188.0625323441944	6.980375116641873	8.386677795818805	24.45688204791805	0.0	225.9322508843164	4.193338897909403	116.486219061759	8.234367260990647e-05
K19296	algF; alginate O-acetyltransferase complex protein AlgF	0.1422170309396042	3.716608257286404	12.795283379020471	137.7500965682619	32.724027029239664	116.8016348394213	109.4670228578922	8.267984680814399	18.392896017371648	38.40042666581992	0.0199760808418294	124.14619331829816	7.095980711871251	50.82553902895218	0.0
K19297	subA; subtilase cytotoxin, subunit A	3.295231410146123e-19	1.7767486313996e-18	7.306381116506735e-19	2.4789507359576417e-18	5.23021805748472e-18	5.280399246471717e-18	2.8084738769722547e-18	2.3427924431729242e-18	2.4143842727943728e-18	2.4789507359576417e-18	1.0745465268415581e-18	8.667964044353915e-19	2.4645654617813696e-18	2.3357670767147442e-18	5.158626227863271e-19
K19298	subB, artB; subtilase cytotoxin, subunit B	2.6196800152723525e-14	1.4124995493514177e-13	5.808508785131795e-14	1.9707440520982877e-13	4.1579773968292354e-13	4.197871001122722e-13	2.2327120536255231e-13	1.8624994057819581e-13	1.919414281240667e-13	1.9707440520982877e-13	8.542550466045478e-14	6.890955248295093e-14	1.9593078855341545e-13	1.8569143011808695e-13	4.101062521370525e-14
K19299	aph3-III; aminoglycoside 3'-phosphotransferase III [EC:2.7.1.95]	5673.288173592385	2957.9363078941046	1944.4443865906496	712.9744816447219	1540.700932516937	1449.122883858405	358.86512534929574	4636.012356911417	1138.5996562341466	525.3185327883674	24.750273786840932	71.84367118981905	163.51243314041486	306.6230020165633	50.92920268214911
K19300	aph3-II; aminoglycoside 3'-phosphotransferase II [EC:2.7.1.95]	0.3539818032434583	0.4863483926350198	0.0851860758608719	1.790453639811164	0.7040865125292313	1.4777835136175113	1.2590074907831943	3.7093621382714574	0.5183357654715613	3.122122812028516	0.0956033623789815	1.09353257525583	0.1741116246010497	21.84200048560272	0.0001618752229878
K19301	aac6-II; aminoglycoside 6'-N-acetyltransferase II [EC:2.3.1.82]	0.7184632193150189	2.018002830422154	0.1361990590514321	2.5931931202188645	52.2512861742714	3.777060662899343	290.1040259515455	53.8403735245454	153.9470057771514	60.45826373006484	16.74464693759198	618.643078744051	47.28026611060601	286.26453990344834	0.3839322926569447
K19302	bcrC; undecaprenyl-diphosphatase [EC:3.6.1.27]	64866.67897391233	63048.59186804898	143825.53915440763	38876.15834468073	104537.95593393716	57797.81707234354	20245.767328794544	90008.36065316442	35687.13287372377	15594.628964143718	6872.295298248272	7156.7091515420125	6996.304435627648	46611.52348900101	1643.730374814465
K19303	mepH; murein DD-endopeptidase [EC:3.4.-.-]	10.018838674990276	53.615282517261065	21.88874936135602	75.03944260109779	156.80044499006362	158.86940058496836	99.02692137115434	70.67723466246505	75.56760394846025	74.47771046205938	32.51926242048971	26.70621807864763	74.4113907946581	72.22241238555203	15.50002200353846
K19304	mepM; murein DD-endopeptidase [EC:3.4.24.-]	81.36051690558311	64.26572425285214	78.97872343981908	78.65872693280467	160.3839365082021	158.6306031938241	98.77384481128836	153.32180536087853	75.51652805344334	74.40496574714521	32.48412662326673	74.93709755503977	74.35449787371698	71.96306075912257	15.50807575841764
K19309	bcrA; bacitracin transport system ATP-binding protein	43218.05701670274	12402.749165010628	11373.780153346965	4871.033918013587	10400.457230829275	10942.44576206918	4670.434229630195	22141.44836654948	8032.356925975446	3852.8617290938423	272.12507170573747	1728.5172962838285	2079.1065121810107	1061.9378255266015	494.3516235599977
K19310	bcrB; bacitracin transport system permease protein	24717.148156125462	8707.527667973005	6499.935797419873	3520.392370560457	5262.61734695333	5677.335579956849	3917.123867622805	14373.663711625197	4950.793416908829	2394.347234081604	266.2677729727686	1741.175781744303	1794.751111550337	860.2290077753705	428.4406078296397
K19311	lipV; lipase [EC:3.1.1.-]	0.0	1.2477775686058703	0.0	0.0	0.0	0.0	0.0	0.0	0.0	0.0	0.0	0.0	0.0	0.0	0.0
K19312	pccB; acetyl-CoA/propionyl-CoA carboxylase carboxyl transferase subunit [EC:6.4.1.2 6.4.1.3 2.1.3.15]	2195.9124087451187	384.23811778086304	557.2679015453432	109.09845033062594	549.5609945107949	550.0821390793045	56.37691415927236	921.863391827265	355.21770370773686	125.20243273630206	5.026699746751112e-06	7.537881197873109	32.55631290939756	24.87844053023456	12.070054505453792
K19314	sat3; streptothricin acetyltransferase [EC:2.3.-.-]	0.0	0.0003722907827587	0.0	0.0	0.0	0.0	0.0	0.0	0.0	0.0	0.0	0.0	0.0	0.0	2.3671913899543388e-05
K19320	blaOXA-211; beta-lactamase class D OXA-211 [EC:3.5.2.6]	0.0	0.0	0.0	0.0	0.0	0.0	45.99900323053413	7.999826648788544	0.0	0.0	0.0	0.0	0.0	133.98709658389714	0.0
K19326	SYNE1; nesprin-1	0.0111056472631154	0.0311932845107971	0.0021052973440104	0.040084290056963	0.0193417596100699	0.0583839259768065	0.4962480727735849	0.0439050818623238	0.0300958473572347	0.0225411157694825	0.0269678850171953	0.0563129000838166	0.0507047227668445	0.158664154853401	0.0059346345095196
K19329	WWOX; WW domain-containing oxidoreductase	0.0082483577938783	0.0231677962197147	0.0015636410327547	0.0297713008949648	0.0143654619895029	0.0433627594554966	0.3685720932586614	0.0326090695652386	0.0223527104031899	0.016741679573908	0.0200295182528236	0.041824572426759	0.0376592813828485	0.1178426333277062	0.0123298877327319
K19332	MKS1; Meckel syndrome type 1 protein	0.0132510655608346	0.2266425442077568	127.61012168158592	308.6053312555074	233.4298727523259	103.4430460387242	20.788956342816164	0.0497489138865143	2.963950338184886	31.928678839866983	12.246078177517951	67.0856563151427	9.465176226518782	11.183682287068205	0.3345375098388856
K19333	kdgR; IclR family transcriptional regulator, KDG regulon repressor	2203.0347069142463	1276.481734075026	688.9517197432026	2959.2387618146304	944.6628879883194	963.676243150458	1574.774523893473	3794.338234633022	984.7048986443752	509.1878778742517	185.2414569594328	935.7024947380792	683.2531780209467	563.1473582072981	163.96744704514128
K19334	tabA; biofilm protein TabA	71.80920774756854	329.507986720314	267.2895033090439	271.1140006301597	186.3249696399142	181.7031109878749	124.9457564083962	332.4359892019225	121.81303388191895	99.86883506793956	44.70056371027981	93.30613287348424	101.28562085074236	77.20120785022522	25.562424524821285
K19335	bdcR; TetR/AcrR family transcriptional regulator, repressor for divergent bdcA	9.854837712626168	53.149568315718746	21.845166913946635	74.20109367792436	156.39060850635198	162.10136258455984	103.18109843050374	78.05141634125584	72.1831247186285	74.11869284859297	33.929028671689856	42.43018866706738	81.6846194911022	109.15096521827962	15.419999999396538
K19336	bdcA; cyclic-di-GMP-binding biofilm dispersal mediator protein	9.849999999623504	53.10999999797307	21.83999999916521	74.09999999716767	156.33999999402425	162.0399999939669	95.44999999679118	78.03742286293827	72.16999999724145	74.09999999716767	33.91999999877227	42.42083805483499	81.66999999718412	109.0843209068905	15.4199999994106
K19337	hexR; RpiR family transcriptional regulator, carbohydrate utilization regulator	239.89389211917864	147.71748086492045	105.24402122646784	201.91324340294733	572.5783076402846	475.4450809086154	845.4235607373679	394.79657974694567	387.0184090465202	285.47423907059505	83.60079664696879	1344.8045281781535	167.07611764715656	658.9845956020547	70.29152422523971
K19338	nac; LysR family transcriptional regulator, nitrogen assimilation regulatory protein	135.04294262195984	82.35114895693114	79.3078190928287	105.26804818596187	425.8787162670977	188.94637534893195	1260.675908716922	427.8211622975246	718.9712248000176	350.9723984560681	96.72604042351183	2658.52110141302	264.90204990486336	1309.187432931814	45.729022524404485
K19339	nosR; NosR/NirI family transcriptional regulator, nitrous oxide reductase regulator	0.0	5.0	0.0	9.99	9.99	16.99	46.5765435296394	0.0	0.0	4.9632554137246885	0.0	46.96	0.0	61.92212505839783	0.0027021901628216
K19340	nosF; Cu-processing system ATP-binding protein	232.418021684266	203.31983480967787	1105.1634133340026	167.05380773893103	45.42396245872958	63.759405399091534	104.36234969779296	727.0711570117779	165.1691550151969	19.78050154636965	4.940847963114925	91.97948631600556	9.67803580034445	99.17070862884071	3.673799337137373
K19341	nosY; Cu-processing system permease protein	208.4816962575396	184.2376233476741	1099.9247813723427	125.17059095054375	15.695145083322044	22.73027375996097	84.20002848365884	715.373475674636	162.22638911170054	16.350121009730426	0.7793793061161512	87.03750654682399	1.2619939990152007	75.1678447235626	3.753479921791549
K19342	nosL; copper chaperone NosL	237.31640176109948	198.8779292466308	1216.1968600651871	158.2149563297814	78.54533333721507	145.12280050112915	97.18959621225837	758.0761236350297	187.88662677615665	43.202118909962905	3.824831637234437	105.04687771419972	34.99663166717434	70.84931099531435	8.237522618484977
K19344	nirC; cytochrome c55X	0.0	0.0	0.0	0.0	0.0	0.0	8.606543529539751	0.6191832588646234	0.0	4.963255413667224	0.0	0.0	0.0	6.952125058317343	0.0
K19345	nirF; protein NirF	4.80714784455508	11.46999614380973	23.61599745326002	31.290644333767528	62.58349783474304	122.71923840304902	29.860941237473767	20.242599126681156	8.266703692244995	33.64045494039953	3.0353957437585843	17.204994215714596	33.822349954107665	29.22977644974027	4.133351846122498
K19349	vga; pleuromutilin/lincosamide/streptogramin A transport system ATP-binding/permease protein	81.41692991433946	298.3304204399564	171.17513197597728	384.416941789164	2502.0012854803786	1431.757339067591	133.98787999867443	117.43421667268436	118.0840135851595	802.2417408100255	279.059299929459	114.4660993453131	16.179999370819004	984.8153014860694	11.452844990777894
K19350	lsa; lincosamide and streptogramin A transport system ATP-binding/permease protein	22431.185050789933	17942.080970520787	19309.93560600389	9302.954190411489	16226.661204864478	16235.367633057536	8931.104525217317	27514.25128623326	8182.612947080652	6123.37991279261	982.5838145774916	1994.0297204764445	2859.387844085879	2219.842001189491	525.7188194614344
K19351	mpl; zinc metalloproteinase [EC:3.4.24.-]	7.625837925205483e-09	3.3822835319470164e-08	8.133320900620227e-09	1.5935712254368745e-07	7.974551349650972e-08	9.672776588927395e-08	1.0251171554879466e-07	2.2058356477487463e-08	2.068890783147952e-08	2.946612490271212e-08	1.4232178801586708e-08	1.4739661777001449e-08	2.3045164401423113e-08	1.050535070088468e-07	0.0
K19353	eptC; heptose-I-phosphate ethanolaminephosphotransferase [EC:2.7.8.-]	12211.308506926807	7240.384430407965	51128.32326757732	6209.9668442269085	971.465770148715	930.0314721526956	579.0791037875861	19278.81570297203	12124.634801878095	2552.956810039277	35.34024190205618	735.9201857822454	151.7447780592297	283.22853426495533	350.63282662841993
K19354	waaH; heptose III glucuronosyltransferase [EC:2.4.1.-]	10.000069014208853	71.67852085726969	28.639973604757795	103.79263625400488	350.09011065784165	268.6391722873188	103.80854307792777	73.88305014114515	83.50607360536276	136.61953358679995	51.418933726477405	31.66781622776274	75.53675890218621	145.42769046339288	15.876332352717334
K19355	MAN; mannan endo-1,4-beta-mannosidase [EC:3.2.1.78]	8083.899454508073	3413.502404597677	25440.010705759923	4249.23450722558	7836.376877384281	6760.093695317004	312.68622382554224	13655.45264676959	4708.541086478293	1542.1354179734308	20.172144968449658	478.8084198949703	153.96316727826422	190.42405845306791	181.0299467031144
K19360	NPHP3; nephrocystin-3	355.5327580357464	139.31601001785003	2354.959169159707	47.74586235289593	14.621639703132026	25.64216033862706	215.59533374758027	657.718181140221	441.3910304494445	41.43897352370007	11.315329766941822	24.4988550362861	22.6952971898627	67.26075945234432	2.490085762344923
K19363	LITAF; lipopolysaccharide-induced tumor necrosis factor-alpha factor	0.1683789647140447	1.0461090541739444	7.9778457815771375	138.1829917870166	0.2347772465232197	9.211283881976868	5.635274548359057	2.244645357764751	12.7121993686599	19.03180140227797	0.0236508369565086	4.553403572785896	1.3841583972028564	0.1745764580823475	0.0
K19372	DNAJC27; DnaJ homolog subfamily C member 27	3.5566393486999757e-06	1.577474215446106e-05	3.7933259839075794e-06	7.4323086602868e-05	3.719276936722057e-05	4.511317728593883e-05	4.78107723766969e-05	1.0287868609975569e-05	9.64916700259981e-06	1.374280181543068e-05	6.637792153456104e-06	6.874478788663708e-06	1.074810916665958e-05	4.899624676150263e-05	0.0
K19373	DNAJC28; DnaJ homolog subfamily C member 28	5.544763146184813	16.325201599633488	18.67859249582393	60.624367509234176	65.01843257882396	112.47076037710345	40.44180271640103	15.608944713771136	6.696648074826413	25.140718986158834	6.249849907224215	16.18072265454626	30.077684099488454	32.23634949408303	2.853681810921551
K19405	mcsB; protein arginine kinase [EC:2.7.14.1]	10083.336232100346	15773.791938373692	9098.544669551218	10733.09944689025	11865.670357367948	11534.756854356709	7272.880160132936	12698.594857210115	7704.089029098675	4007.056265682116	635.2449546014185	1871.668644721883	1292.783450210584	2067.1659634262032	300.0307343086193
K19411	mcsA; protein arginine kinase activator	12233.944374839011	19213.884471997557	10618.435627499955	13765.239569916786	12743.28038963626	12578.626648311549	10613.482894724038	17879.03683744216	10034.489434923296	5569.4582834937455	899.3065636346078	2340.929398269229	2954.148999969735	2327.0314195301744	376.3814391037666
K19412	argX; glutamate--LysW ligase ArgX [EC:6.3.2.-]	0.0	0.0001823493668256	8.621322756442337e-09	0.0	2.2790752270973753e-08	0.0	3.647064295390906e-08	0.0	0.0	0.0	0.0	0.0	0.0	0.0	0.0
K19413	KDM1B, AOF1, LSD2; lysine-specific histone demethylase 1B [EC:1.-.-.-]	0.0	0.0	0.0	0.0	0.0	0.0	0.0	0.0	0.0	0.0	0.0	0.0	0.0	0.0	0.0003567182842319
K19414	PHF2, JHDM1E; lysine-specific demethylase PHF2 [EC:1.14.11.-]	0.0	0.0	0.0	0.0	0.0	0.0	0.0	0.0	0.0	0.0	0.0	0.0	0.0	0.0	1.931871497512072e-06
K19416	yccA; modulator of FtsH protease	34.76173888190135	425.9872519164428	134.6247487263187	404.6558162843027	3434.1403658465297	3483.564323106792	775.3699290060703	225.90374142476003	285.4926988334175	368.11732156287314	303.3365948509657	985.0566635007946	228.07396361872227	921.2887409521536	79.09260031259991
K19417	slrR; HTH-type transcriptional regulator, biofilm formation regulator	0.0040832793703552	0.0181105198677528	0.0043550054793234	0.0853281444732225	0.0426999203221191	0.0517931072972044	0.0548901377461547	0.011811199659557	0.0110779285065552	0.0157777067257957	0.0076206530420918	0.0078923859745064	0.012339586555899	0.0562511431967204	0.0
K19418	epsK; membrane protein EpsK	0.0009052621132292	0.0040151038714715	0.0009655053435807	0.0189172608868601	0.0094665783323022	0.0114825390489143	0.0121691508734697	0.0026185442957254	0.0024559772457299	0.0034979194102641	0.00168949987977	0.0017497431101215	0.002735688121143	0.0124708865687577	2.3947125486382142e-05
K19419	epsG; transmembrane protein EpsG	96.3946172995847	1024.0560084802792	2433.8513783989333	6085.775195893128	58722.816324983854	23761.876245453903	503.7825043524695	457.9835385123094	443.2709391311796	207.8295273604196	3988.774825483073	284.5576532341522	240.25769797798216	32084.256817692534	61.26903379685798
K19420	epsA; protein tyrosine kinase EpsB modulator	0.0005374585150397	0.0023837866767599	0.0005732252136044	0.0112312697022114	0.0056203535513456	0.0068172392237879	0.0072248840000813	0.0015546424711469	0.0014581256236967	0.0020767317492864	0.0010030642874271	0.0010388309859918	0.0016241913294664	0.0074040259484232	0.0
K19421	epsC; polysaccharide biosynthesis protein EpsC	1.6837322595716174e-05	7.467848057633049e-05	1.7957809898580232e-05	0.0003518495025083	0.0001760725771346	0.000213568215613	0.000226338776337	4.87033251408572e-05	4.567967726671475e-05	6.505916536631109e-05	3.1423666234785806e-05	3.254415353764986e-05	5.08821287711304e-05	0.0002319508760437	0.0
K19422	epsD; glycosyltransferase EpsD [EC:2.4.-.-]	10989.557548816068	8882.253392939985	3910.2405243833546	3327.3908796074893	8996.534372591294	8031.3626323797025	1136.6999661527914	13035.772933706854	2059.694887538386	986.385732695243	204.49796522506728	308.89958220908545	1157.4825823112424	521.6031833833483	203.4001381265678
K19423	epsE; glycosyltransferase EpsE [EC:2.4.-.-]	2700.2411318167938	720.6022949755251	2407.94927823518	2385.783138927848	18597.153674198984	10495.824114502217	255.14077668030703	5798.557943115103	430.6267580348373	327.29781467648417	825.6692524559664	108.7556407239728	121.1899320496872	6541.738281218329	56.207672939822224
K19424	epsF; glycosyltransferase EpsF [EC:2.4.-.-]	404.7627478235455	1130.7077335368954	265.89346359768746	1463.3463898500509	11785.930194957316	4738.36186926145	215.91034730600785	423.708042488644	78.53605606955465	90.77457741174868	820.3143566102855	100.09779174116991	361.1461009034107	6446.882398283553	34.294479026755035
K19425	epsH; glycosyltransferase EpsH [EC:2.4.-.-]	8817.197473485418	6191.055374151563	3797.914167874306	732.1707221597458	1644.7701149164895	1531.7600191568083	614.4516001674771	5072.839330594654	2035.3800378681128	799.4942149173185	81.81911204549152	93.80521506690468	152.88249285600608	266.19619910182155	130.25317643766647
K19426	epsI; pyruvyl transferase EpsI [EC:2.-.-.-]	75.35759074664803	502.47274453006105	164.95822285246462	2468.7187733800915	23092.49192203822	9091.70950085178	213.67700353131016	161.93472434901526	184.48679787676537	507.44353154171273	1585.4560215232802	108.76993550045243	166.08007657251312	12831.53672930743	25.21709980488921
K19427	epsJ; glycosyltransferase EpsJ [EC:2.4.-.-]	654.1821879496185	2120.151805190924	2846.072970417805	440.65003902649033	1906.1164087327736	1774.3101232109234	81.71812628016252	1123.9851566586467	295.1587906344249	201.2818656672432	171.6300356602147	83.70359732363657	250.39545001821543	243.9700744478232	33.20441526557199
K19428	epsL; sugar transferase EpsL [EC:2.-.-.-]	1.6164267691678609	5.0618573101967055	4.4261801107055145	10.23663316670064	6.48041623669149	6.87797807373239	26.084945179981712	5.772761145327898	3.315029888542469	4.211372174492677	0.8094840703796496	0.8571892711973803	4.299988398729747	5.927102813458892	0.0308593787110813
K19429	epsM; acetyltransferase EpsM [EC:2.3.1.-]	7.968289866859612	22.687997169017255	3.922774895974344	42.82623855322068	103.95265630354594	85.79604888633867	214.93023927537453	39.32688562133786	30.619362069685625	33.9794603716604	17.484442373080604	27.750708096670365	29.552725457848855	122.1903283068424	2.7510072956516494
K19430	epsN; pyridoxal phosphate-dependent aminotransferase EpsN [EC:2.6.1.-]	13.425997181128569	19.352513804733874	48.66034943204458	29.874394847436108	15.212696561523694	18.41227995487645	22.461966703423965	8.011189109531443	5.299571259931316	5.975486184773106	2.7923058778702665	3.0887187725102896	4.5701912787417776	20.444279781358468	0.1880503544020134
K19431	epsO; pyruvyl transferase EpsO [EC:2.-.-.-]	102.779379799999	5.436801207173777	229.55126920969647	0.3688074551849581	0.6554389788504618	0.475956005081237	29.723399881446444	18.374516632016928	226.22251517193052	4.04421794288225	0.2060712807876511	0.8078783621605015	3.14761703804754	15.035828291612718	0.0442118436132004
K19432	slrA; anti-repressor of SlrR	6.02877350905921e-05	0.0002673938465192	6.429975311206943e-05	0.0012598327007394	0.0006304456558734	0.0007647025786586	0.0008104288618907	0.0001743871774999	0.0001635607007244	0.0002329509163064	0.0001125156125487	0.0001165276305702	0.0001821886040824	0.0008305235520352	0.0
K19433	tapA; TasA anchoring/assembly protein	0.0070948377451158	0.0314676932587638	0.0075669838101503	0.1482608126562746	0.0741926965545149	0.0899924455729183	0.0953736488928289	0.0205223952654986	0.0192483036785819	0.0274143480641081	0.0132411677702964	0.0137133138353308	0.0214404900604035	0.0977384510519971	0.0
K19449	sinR; XRE family transcriptional regulator, master regulator for biofilm formation	2.6181200472127286	2.4784248969653424	0.2121259673607088	5.856650892363849	2.3493336181871647	3.0300852571768155	3.6177694615550022	1.173741770146492	2.304651635491411	1.4865119751070708	0.3711908988746443	0.3844266138297414	0.6010432701930725	18.01920442262915	9.98037724379748e-15
K19465	MGME1, DDK1; mitochondrial genome maintenance exonuclease 1 [EC:3.1.-.-]	0.4336525764470767	1.2180333010288116	0.08220751080846	1.5652086948582735	0.7552557441461367	2.279771662389063	19.377461773874447	1.7144027194120128	1.1751806479725164	0.8801839908866176	1.0530401823472288	2.198902380922776	1.9799146456690304	6.195507376728371	0.2318443447607026
K19473	SIX3_6, OPTIX; homeobox protein SIX3/6	0.0	6.5279566525220985e-22	0.0	0.0	0.0	0.0	0.0	0.0	0.0	0.0	0.0	0.0	0.0	0.0	0.0
K19475	WIPF; WAS/WASL-interacting protein	0.006588876398537	0.1397466961210989	0.9394758919710798	0.0237816334745023	2.491709009904965	0.0346386358947478	4.263385230583001	0.0260484734302042	0.0178555840688943	0.0133734326484067	0.0159997933392321	0.0334099156496466	0.0300826366277994	0.0941339554948309	1.0084215589609715
K19479	COL10A; collagen, type X, alpha	0.0004620393636291	0.0020492806061632	0.0004927870812324	0.0096552358195927	0.0048316744559204	0.0058606065110598	0.0062110483177385	0.0013364864411654	0.0012535133715657	0.0017853132642205	0.0008623087588586	0.0008930564764619	0.0013962758190241	0.0063650520770892	0.0
K19485	PLAGL1; zinc finger protein PLAGL1	0.0	7.093951250245199e-18	0.0	0.0	0.0	0.0	0.0	0.0	0.0	0.0	0.0	0.0	0.0	0.0	0.0018420273933558
K19504	gfrE; glucoselysine-6-phosphate deglycase	1122.2051728347074	727.6165892716713	360.91868666712	465.9740208561509	1212.0259220579735	783.4088420401202	346.3419977513152	1643.3817919710596	352.0646012104935	479.8469911333772	113.92625634312486	200.4804727196368	74.62785915348279	402.384550785303	12.83632022469784
K19505	gfrR; sigma-54 dependent transcriptional regulator, gfr operon transcriptional activator	994.9105807571542	2377.537279742178	1010.8910048954882	1291.105925994084	2227.682686082588	1814.4151389751032	1052.956571431161	2764.7324779338333	898.4112275899299	988.7052351223616	191.8389450873288	543.1302277946575	324.5271277804961	948.0116381367394	60.20142227741972
K19506	PTS-Gfr-EIIA, gfrA; PTS system, fructoselysine/glucoselysine-specific IIA component [EC:2.7.1.-]	3367.4744421669843	2694.205776666138	1827.4495253119967	2224.312791694508	4193.371346850576	3328.224461907713	1885.5186129379697	3752.7323125168914	1503.9710287364044	1471.6624444989247	350.29483345330084	905.5717954592776	584.7611426000874	1322.038673842	70.0194449078935
K19507	PTS-Gfr-EIIB, gfrB; PTS system, fructoselysine/glucoselysine-specific IIB component [EC:2.7.1.-]	3299.3160692878846	2306.1602489149386	1639.2353281420833	1600.9878986731728	4173.530664235992	3413.623628146851	1561.538326431004	3257.5081768258865	1181.0310197725485	1261.7893966670877	369.7693814227201	663.452137432298	451.955667555331	1101.965316100664	50.7032964535311
K19508	PTS-Gfr-EIIC, gfrC; PTS system, fructoselysine/glucoselysine-specific IIC component	3559.1832836645244	2871.221287315679	2038.680972292384	2429.062682723479	5111.121321419875	4204.989821511448	2374.880971115216	3932.815252394216	1697.327966312983	1914.7929408630453	436.4721050908562	1184.9089119229805	618.9414177491129	1571.4586878263976	84.59509862515554
K19509	PTS-Gfr-EIID, gfrD; PTS system, fructoselysine/glucoselysine-specific IID component	3459.210260454649	2456.180689789024	1828.752830596092	2097.3088372819825	5423.707005623985	4164.561595320869	2221.4901723982166	3721.193059758699	1562.1813410980503	1911.5414211180696	444.2344646694362	1169.899878408804	523.2575760555952	1717.546334179861	81.32738336756057
K19510	gfrF; fructoselysine-6-phosphate deglycase	4271.856460245448	2258.78429793762	1898.077808570192	1763.3836086378378	1858.422507372132	1883.0224820512196	1570.8072956882193	3324.541336692936	1016.4053484362184	668.5021156642641	130.6315779515091	480.4587772394289	720.7023774827024	284.74910154065446	98.8106644491212
K19511	PXDN, VPO1; peroxidase [EC:1.11.1.7]	0.0667490930096251	0.1874833046428695	0.0126536243137321	0.2409215727680882	0.1162512081101709	0.3509092277976671	2.982636489403324	2.750564952830995	0.1808872969631789	0.1354805350278919	0.1620870735976043	0.3384615877203589	0.3047543448666917	0.9536309031511782	0.0356693726595918
K19515	bamB; benzoyl-CoA reductase subunit BamB [EC:1.3.-.-]	0.7901761518920114	2.579430903100559	0.5555057644783572	10.884090430632302	5.7781582608523285	6.8139881012178005	7.001549503546392	1.828057346389306	1.4130522699862829	2.012536138718886	0.9720577193462504	1.006718803257992	1.5739845783492616	7.175153843693989	0.0
K19516	bamC; benzoyl-CoA reductase subunit BamC [EC:1.3.-.-]	0.7901761518920114	2.579430903100559	0.5555057644783572	10.884090430632302	5.7781582608523285	6.8139881012178005	7.001549503546392	1.828057346389306	1.4130522699862829	2.012536138718886	0.9720577193462504	1.006718803257992	1.5739845783492616	7.175153843693989	0.0
K19517	MIK; 1D-myo-inositol 3-kinase [EC:2.7.1.64]	177.12946670990578	70.37495900740346	26.85287388398145	36.68183311980787	9.76192541758111	14.714516623623048	10.929567106357243	164.3737882109546	16.300103448918218	9.00649521198291	1.0927096940349392	10.942309704679724	3.7227034533635943	0.820124733267052	0.708993555486531
K19519	TGFBI, BIGH3; transforming growth factor-beta-induced protein	0.0	2.2432377528266016e-14	0.0	0.0	0.0	0.0	2.4162401687026767e-12	0.0	0.0	1.393406895215585e-12	0.0	0.0	0.0	1.951771203630815e-12	30.112482451664032
K19523	CPT1B; carnitine O-palmitoyltransferase 1, muscle isoform [EC:2.3.1.21]	0.0	3.4856659475880166e-17	0.0	0.0	0.0	0.0	0.0	0.0	0.0	0.0	0.0	0.0	0.0	0.0	0.0
K19525	VPS13A_C; vacuolar protein sorting-associated protein 13A/C	0.0	0.0250583608276364	0.0	0.0	0.0	0.0	0.0	0.0	0.0	0.0	0.0	0.0	0.0	0.0	0.0
K19533	SYCP1; synaptonemal complex protein 1	0.0	0.0	0.0	0.0	0.0	0.0	0.0	0.0	0.0	0.0	0.0	0.0	0.0	0.0	4.670181404233105e-09
K19538	RP1; retinitis pigmentosa 1	39.55390723426992	0.2183745242475352	2.7695296235352567	0.0860331604342838	0.4924013671434326	5.803852525746897	25.95579057911758	11.653514702619349	0.1640781590769081	0.0122826513397338	0.9648005809213802	3.149785328512476	0.6126388379154336	0.0004978711484046	0.0
K19540	frlA; fructoselysine transporter	706.3971289398602	534.803469430346	494.2078357285105	501.111427380417	450.00191778539227	424.27225757269815	660.3765451622456	652.546998151924	264.0224260931453	199.1806271391212	38.0167610511253	232.0355538582624	371.17329378952985	194.9875284804748	60.70988987233607
K19541	lmrA; MFS transporter, DHA2 family, lincomycin resistance protein	0.0	0.5951330833558551	0.0010270470719372	0.0	0.0027150329535754	0.0	0.0043447007049458	0.0	0.0	0.0	0.0	0.0	0.0	0.0	0.0
K19542	otrB, tcr; MFS transporter, DHA2 family, tetracycline/oxytetracycline resistance protein	0.0	0.0207617859755065	0.0	0.0	0.0	0.0	0.0	0.0	0.0	0.0	0.0	0.0	0.0	0.0	0.0
K19543	aph3-VII; aminoglycoside 3'-phosphotransferase [EC:2.7.1.95]	9.252179460034231e-33	2.2075972314566966e-32	4.545303236570126e-32	6.022420490437722e-32	1.204526617294622e-31	2.3619419531475256e-31	4.090772912913113e-32	3.8960349444987895e-32	1.591068728834931e-32	5.519418270712516e-32	5.8421390524297026e-33	3.3113958471850447e-32	6.509690603544306e-32	4.383730249676146e-33	7.955343644174655e-33
K19545	lnuA_C_D_E, lin; lincosamide nucleotidyltransferase A/C/D/E	6554.452062858419	5053.113039612511	19345.671559200146	5963.626807069833	2226.4907501255884	2172.2107506685857	2768.546963395004	9422.15040867263	4715.627432185787	1599.643253891564	152.22332545365563	1426.5615934078928	769.8621363645211	616.4195766934631	267.7196873841808
K19546	bacA; prephenate decarboxylase [EC:4.1.1.100]	2.5474895757893283	6.092155756513854	12.534747077668465	16.56883992110091	33.261780868258626	64.61802997486791	12.545247768505778	10.718751891152262	4.4021803995155455	15.11756998810536	1.6456790692663108	9.140777498486852	17.866137127287843	1.5031158873627228	2.18188755061942
K19547	bacB; 3-[(4R)-4-hydroxycyclohexa-1,5-dien-1-yl]-2-oxopropanoate isomerase [EC:5.3.3.19]	0.019674901101123	0.05988740366789	0.0062234545987672	0.1201711671262046	0.0590490642123921	0.1245525500404149	0.7903237320538642	0.074766343445334	0.053326823832023	0.0451499064239116	0.0461786091732013	0.0908423102833517	0.0854396440049787	0.2796388954231456	0.0089943637433095
K19548	bacC; dihydroanticapsin dehydrogenase [EC:1.1.1.385]	258.1635136155696	503.2427092204679	303.4901204343455	2498.808542153948	621.4660402724961	686.1253214467242	735.9390227108229	1288.7608298315204	71.24159892496967	173.11638078054526	104.7486962908626	29.0083338933996	438.1074551128039	22.409097539017864	43.29484577112654
K19549	bacF; bacilysin biosynthesis transaminase BacF [EC:2.6.1.-]	8.089542951150186e-06	3.5879503568017505e-05	8.627884490382996e-06	0.0001690471657059	8.459460624770088e-05	0.0001026095000188	0.0001087451548356	2.339966098238425e-05	2.194694014699131e-05	3.125787426147309e-05	1.5097596202948743e-05	1.5635937742181553e-05	2.4446473826232823e-05	0.000111441505242	0.0
K19550	bacG; bacilysin biosynthesis oxidoreductase BacG [EC:1.3.1.-]	0.0346209707558473	0.1030673238341237	0.0095005258633796	0.1828643606506213	0.0894894299146533	0.2068841610259266	1.4423703341895826	0.1333173886054136	0.0938315973539327	0.0764140590216447	0.0821878412008988	0.1650409606557302	0.1528973738890101	0.4929119310585506	0.0167108499641201
K19551	pelC; pectate lyase C [EC:4.2.2.2 4.2.2.10]	0.006378745650866	0.0282916140901609	0.0068032373400502	0.1332966373439778	0.0667043218569626	0.0809093796689322	0.0857474504615921	0.018451040636591	0.0173055449310063	0.0246473788080126	0.0119047178189959	0.0123292095081801	0.0192764708142035	0.0878735697654954	1.1601605965188276e-11
K19552	bacE; MFS transporter, DHA3 family, bacilysin exporter BacE	8.089542704051535e-06	3.587950247206228e-05	8.627884226840469e-06	0.0001690471605423	8.459460366372141e-05	0.0001026094968845	0.0001087451515139	2.3399660267631298e-05	2.194693947661235e-05	3.1257873306687554e-05	1.5097595741786024e-05	1.5635937264574954e-05	2.444647307950452e-05	0.000111441501838	0.0
K19560	bioK; pimeloyl-[acyl-carrier protein] methyl ester esterase [EC:3.1.1.85]	0.0375902876609186	0.1055827283245464	0.0071259901290017	0.1356769180783894	0.0654678012353021	0.1976173491059003	1.6796956867781765	0.1486094973016352	0.1018681336399786	0.0762969510824553	0.0912806369035132	0.1906073606534974	0.1716248562029418	0.5370448998704042	0.0200874936048225
K19563	bioA, bioK; lysine---8-amino-7-oxononanoate aminotransferase [EC:2.6.1.105]	0.0770450636291582	0.3417175299115603	0.082172245522483	1.6100105675675136	0.8056817128476972	0.9772561324721072	1.0356923035416108	0.2228591133238485	0.209023354014067	0.2977009858196012	0.1437899850619048	0.1489171669552297	0.2328289920486622	1.0613724303280052	0.0
K19566	elmGT; 8-demethyltetracenomycin C L-rhamnosyltransferase [EC:2.4.1.331]	0.0	0.0173697805690589	0.0	0.0	0.0	0.0	0.0	0.0	0.0	0.0	0.0	0.0	0.0	0.0	0.0
K19567	elmMI; 8-demethyl-8-alpha-L-rhamnosyltetracenomycin-C 2'-O-methyltransferase [EC:2.1.1.305]	0.0	0.0266193498908464	2.6692551776824162e-20	0.0	7.056264476018501e-20	0.0	1.1291707234296909e-19	0.0	0.0	0.0	0.0	0.0	0.0	0.0	3.206589538251709e-05
K19569	elmMIII; 8-demethyl-8-(2,3-dimethoxy-alpha-L-rhamnosyl)tetracenomycin-C 4'-O-methyltransferase [EC:2.1.1.307]	0.0013830531288851	0.0992406827011756	1.21742222722906	0.0289016589528701	3.228859499201969	0.0175429428969434	5.162393545913145	0.0040005936716016	0.0037522248689486	0.005344096824836	0.0025812061068497	0.0026732452930857	0.0041795651892511	0.0190529333292937	0.0
K19570	elmD; 8-demethyl-8-(2,3,4-trimethoxy-alpha-L-rhamnosyl)tetracenomycin-C O-methyltransferase [EC:2.1.1.-]	0.0	0.0015146646007471	7.293565433200394e-13	0.0	1.928078180764016e-12	0.0	3.08538525107941e-12	0.0	0.0	0.0	0.0	0.0	0.0	0.0	0.0
K19572	CECR1, ADA2; adenosine deaminase CECR1 [EC:3.5.4.4]	0.0216532431908334	0.0559145130881953	0.0589012427260499	0.1117975080007914	0.1685473021103029	0.3490175038927976	4.493483110011447	9.487794908761613	0.0471902934987897	2.3923361932756317	0.0317337963739941	0.0924908077440452	0.1275199515769118	3.3745692680936417	51.13890097648512
K19575	bmrR; MerR family transcriptional regulator, activator of bmr gene	0.19918611745128	0.3100095482722663	0.0344070930194503	0.6741422606667962	0.5428358802154165	0.5377889560326861	0.433664203781982	0.2925566755995593	0.0875220816842823	0.1246531045360639	0.0602076207098014	0.0623544699678395	0.0974899582712671	0.4444169647108392	0.0
K19576	norA; MFS transporter, DHA1 family, quinolone resistance protein	0.0008146347252729	0.0036131447361814	0.0008688468995038	0.0170234205102344	3.3385188624668065	0.0103330017978782	53.9409508757008	0.0023563972045113	0.0022101050288242	0.0031477365242237	16.981520361064817	0.0015745732390451	20.00246181355481	0.0112224041030622	0.0
K19577	ydhP; MFS transporter, DHA1 family, inner membrane transport protein	24.6581626851831	108.58529087013471	98.54685967303668	237.98519985495312	964.24715242392	621.2633030023679	1750.3929202720856	291.0136782380314	616.7814801938881	367.0658265820798	153.84899274675783	2541.119355167006	243.88257078558323	1589.6937719906118	15.50002200364327
K19578	bmr; MFS transporter, DHA1 family, multidrug resistance protein	0.241041581537982	0.4956508486656743	5.78904794746724	1.5487958246432072	0.980530138730467	1.0686926509543595	0.9963139047986944	0.4136270099563253	0.2010760081152893	0.2863819984276164	36.31832289860423	0.1432551382233603	0.2239765241328037	1.0210176390127912	0.0
K19580	rppA; 1,3,6,8-tetrahydroxynaphthalene synthase [EC:2.3.1.233]	0.0006180530771498	0.6954343346397137	2.754687951245061	0.0022307766695741	7.282875525373329	0.0032491906370826	11.68023375257876	0.0024434119240981	0.0016748984213057	0.0012544614135179	0.0015008206117312	0.0031339336065199	0.0028218265166911	0.008830000342818	0.0003302751324139
K19585	oqxB; multidrug efflux pump	4.151907335717986	18.75698148035144	14.571056082286532	48.28448469497808	188.73770181637207	98.90833687361705	181.74927005752693	10.842872390027104	25.10086824291259	29.47750563650226	15.700315563366376	170.79239393151113	7.445907954823971	89.76380849763677	0.0829992560236921
K19586	oqxA; membrane fusion protein, multidrug efflux system	4.151907335717986	18.75698148035144	14.632138778082652	48.40665008657032	189.0657123620056	99.8955462230156	182.58233658709037	10.907132798321287	25.17807488731	31.1305679498762	15.700315563366376	172.00475009605032	7.484511277022675	90.22413370578828	0.0829992560236921
K19587	oqxR; Rrf2 family transcriptional regulator, repressor of oqxAB	0.1519073357179863	0.4800470079740509	0.0328798254396658	0.5601933059551529	0.2936874837636195	0.8209921795050774	14.839962621537708	0.6072000836310834	0.4204439773826228	0.3192464756618791	0.3703155633663765	1.077603572897608	0.6987013104265631	2.902360474203988	0.0829992560236921
K19591	cueR; MerR family transcriptional regulator, copper efflux regulator	0.0018834881687381	0.0083538242986831	5.19200883022156	10.419359249155182	27.88969616095356	83.90389056841067	90.35074778229568	8.881175355835868	6.565109905758147	21.440001796170364	0.0035151731063615	103.26861671792274	3.285691872148664	116.85863103630028	30.48838917987521
K19592	golS; MerR family transcriptional regulator, gold-responsive activator of gol and ges genes	0.0128995296049613	0.0134111039470023	0.0010354498495821	0.0488498926632878	20.440358633876727	0.0270664120486672	16.49488645433742	2.867957063498454	0.0167577742937228	2.803751320645329	0.0018118930236977	6.755699286151588	0.0029338707158633	84.10718499543697	30.08836005382107
K19593	opmE; outer membrane protein, multidrug efflux system	0.0	0.0	0.0	0.0	0.0	0.0	2.634479073639023e-12	0.0	0.0	1.5192617663006388e-12	0.0	0.0	0.0	2.1280584848721438e-12	0.0
K19594	gesB, mexQ; gold/copper resistance efflux pump	0.0	5.0	0.0	9.99	9.99	16.99	54.44460573171774	2.865148822906976	0.0	1.5192617663006388e-12	0.0	46.96	0.0	102.95765936678184	0.0
K19595	gesA, mexP; membrane fusion protein, gold/copper resistance efflux system	0.0	4.997990967839215	0.0	9.985985953742752	9.985985953742752	16.98317330871765	54.42934914148874	2.865148822906976	0.0	1.5192617663006388e-12	0.0	46.94113116994591	0.0	102.94360819584932	0.0
K19597	golT; Au+-exporting ATPase [EC:3.6.1.-]	11.83872188392074	12.976361248876955	47.20304004908783	1.3563089063570954	0.7252274129721606	0.7334521259661757	17.318032050523584	6.457516809359476	1.4343848606691303	3.3923834396866224	0.0807373821845636	0.1660102254095656	0.1307323545974819	48.89338236689734	30.08836005382107
K19607	RPGR; X-linked retinitis pigmentosa GTPase regulator	0.0001699338744972	0.0007537067413042	0.0001812426053016	0.0035511078950521	0.0017770459082857	0.0021554777573621	0.0022843670656821	0.0004915475542525	0.0004610308141089	0.000656621976529	0.0003171493165751	0.0003284580473794	0.0005135375434896	0.0023410082473079	1.6167382205101384e-07
K19609	pfeS, pirS; two-component system, OmpR family, sensor histidine kinase PfeS [EC:2.7.13.3]	0.0	0.0	1.5368255455621047	3.073651091124209	8.252664345821938	24.837943499373665	46.64184370758947	1.6167760074699598	1.942500111538999	5.6646382825824775	0.0	30.502581781956145	0.9712500557694996	10.59787789511902	0.1130998336484305
K19610	pfeR, pirR; two-component system, OmpR family, response regulator PfeR	2.2555220667653905e-86	5.381741990186538e-86	1.5368255455621047	3.073651091124209	8.252664345821938	24.837943499373665	46.641841834802605	1.6167760074699598	1.942500111538999	5.6646382825824775	1.4242129226726317e-86	30.502581781956145	0.9712500557694996	10.59787789511902	0.1130998336484305
K19611	fepA, pfeA, iroN, pirA; ferric enterobactin receptor	17.67591940943554	53.540875968468136	21.872610382966123	74.65481971233892	156.63103068159094	158.65776127716197	134.9056131666117	76.9166013292145	78.13709148481924	77.21826934809137	32.489842607715964	26.67432707854844	76.40464088686566	205.5803155006979	36.52774324413092
K19612	PDE12; 2',5'-phosphodiesterase [EC:3.1.13.4 3.1.4.-]	0.0011555695954263	0.0032457370838599	0.0002190613065976	0.0041708678248702	0.0020125571070206	0.0060749894285313	0.0516358183453758	0.0045684305005173	0.0031315460801746	0.0023454578930046	0.0028060739946535	0.0058594941497252	0.0052759496664806	0.0165093910232092	0.0006175131477428
K19613	SHOC2, SUR8; leucine-rich repeat protein SHOC2	0.0251782572523795	0.0997722050456844	0.0110807025741918	0.0947501074215794	0.0589114244059063	0.1594377316941636	1.071302207613965	0.0998836946966376	0.0669095218159534	0.0563605303547981	0.0587407589381116	0.1256782156014776	0.1182545078821447	0.3412696260080644	0.0718748853721355
K19616	fitF; two-component system, sensor histidine kinase and response regulator FitF [EC:2.7.13.3]	0.0	0.0	0.0	0.0	0.0	0.0	0.0	3.549891050646815	0.0	0.0	0.0	0.0	0.0	0.0	0.0
K19619	TDP2; tyrosyl-DNA phosphodiesterase 2 [EC:3.1.4.-]	0.0021962921328459	0.0061688944143077	0.0004163510585564	0.0079272111581676	0.003825094878359	0.011546211964917	0.0981397763093381	0.0086828244767361	0.005951861356299	0.0044578108828028	0.0053332644464114	0.0111366385498839	0.0100275455426012	0.0313779851649479	0.0011736543378127
K19620	phcB; extracellular factor (EF) 3-hydroxypalmitic acid methyl ester biosynthesis protein	0.0	0.0	0.0	0.0	0.0	0.0	3.9930434587606105	0.0	0.0	2.302724025699772	0.0	0.0	0.0	3.225468783527353	0.0
K19621	phcS; two-component system, sensor histidine kinase PhcS [EC:2.7.13.3]	0.0	0.0	0.0	0.0	0.0	0.0	3.9930434587606105	0.0	0.0	2.302724025699772	0.0	0.0	0.0	3.225468783527353	0.0
K19622	phcR; two-component system, response regulator PhcR	0.0	0.0	0.0	0.0	0.0	0.0	0.0484069329617258	0.0	0.0	0.0279155007183424	0.0	0.0	0.0	0.0391017660556117	0.0
K19623	phcQ; two-component system, probable response regulator PhcQ	0.0	0.0	0.0	0.0	0.0	0.0	3.9930434587606105	0.0	0.0	2.302724025699772	0.0	0.0	0.0	3.225468783527353	0.0
K19626	INVS; inversin	4.044433748764803e-06	1.793825386621933e-05	4.313582043394428e-06	8.451652537637313e-05	4.229377142042687e-05	5.13004662100341e-05	5.436803746365366e-05	1.1698853588922962e-05	1.0972553820236816e-05	1.562763215933896e-05	7.548167798496878e-06	7.817316093126503e-06	1.2222216307913124e-05	5.571610009810574e-05	0.0
K19628	CYP158A1; biflaviolin synthase [EC:1.14.21.7]	0.0	0.0004474079643378	1.5675858554315787	0.0	4.1439651320241735	0.0	6.631333224396678	0.0	0.0	0.0	0.0	0.0	0.0	0.0	0.0
K19630	tsaC1; 4-formylbenzenesulfonate dehydrogenase [EC:1.2.1.62]	4.299788214061781e-07	1.2077145430583225e-06	8.151107713405144e-08	1.5519487867080728e-06	7.488574780042575e-07	2.2604582232636347e-06	1.9213302601905837e-05	1.699878890949666e-06	1.1652249228968608e-06	8.727273757318534e-07	1.044119189164477e-06	2.1802740384543745e-06	1.963141491754737e-06	6.143021175348777e-06	2.297720332208437e-07
K19633	sr; sorbose reductase [EC:1.1.1.289]	0.0	0.0	0.0	0.0	0.0	0.0	9.310850756642133e-13	0.0	0.0	5.369418078830412e-13	0.0	0.0	0.0	7.52104473036533e-13	0.0
K19640	hypX, hoxX; putative two-component system protein, hydrogenase maturation factor HypX/HoxX	10.575019830422043	28.185842339778507	28.010614428416904	58.89466264196509	85.63000373599513	172.33438865640744	290.3581723645257	43.74380341047917	25.72912394232319	49.7299346957638	16.642822161097108	67.39629379844885	60.65721790031153	92.98736947048612	7.497606715232628
K19641	hupR, hoxA; two-component system, NtrC family, response regulator HupR/HoxA	3.5968819588144334	0.0	19.939984701386628	0.0	3.0	0.0	13.0	0.0	1.0	6.0	0.0	5.0	0.0	5.0	1.1537043804897074
K19646	fexA_B; MFS transporter, DHA2 family, florfenicol/chloramphenicol resistance protein	0.0056093478945245	0.0941966304682205	9.492927280073044	0.117218533698884	0.0586585149876984	0.0711501732996037	107.90086737708232	0.0162254950442493	0.0152181678554883	0.0216744372623647	94.07126838117652	0.0108420729060536	0.0169513626806605	0.0772743499314029	0.0
K19647	hgd; 2-hydroxymethylglutarate dehydrogenase [EC:1.1.1.291]	130.52210356567292	53.33255858019562	82.06867808968191	59.23503108292954	33.10780907237756	29.1722984530952	11.517157844745036	45.56389698612458	20.081118481662088	13.103227765556063	7.187745592374018	2.216774603984236	11.150922521958163	2.2687557688844024	6.6885181918043735
K19648	apdH, APDH; D-arabitol-phosphate dehydrogenase [EC:1.1.1.301]	6.86633766576128e-10	3.0454228164134633e-09	7.32327754607338e-10	1.4348584687492857e-08	7.18032075120197e-09	8.709410149607454e-09	9.230199494903745e-09	1.986144019997384e-09	1.862838267742536e-09	2.6531427138620547e-09	1.281471575053843e-09	1.3271655630850532e-09	2.074996635060123e-09	9.459063504496452e-09	0.0
K19649	camD; 5-exo-hydroxycamphor dehydrogenase [EC:1.1.1.327]	0.0	5.978008071079138e-07	0.0	0.0	0.0	0.0	0.0	0.0	0.0	0.0	0.0	0.0	0.0	0.0	0.0
K19652	tal; dTDP-6-deoxy-L-talose 4-dehydrogenase [NAD(P)+] [EC:1.1.1.344]	0.0	0.0061209408631307	0.0089541511254076	0.0	0.0236705950886169	0.0	0.0378786014484908	0.0	0.0	0.0	0.0	0.0	0.0	0.0	0.0
K19653	geoA; geraniol dehydrogenase (NAD+) [EC:1.1.1.347]	0.0	9.23122810806296e-25	0.0	0.0	0.0	0.0	0.0	0.0	0.0	0.0	0.0	0.0	0.0	0.0	0.0
K19657	NPHP1; nephrocystin-1	0.000365884925603	0.0016228073171663	0.0003902337738903	0.007645896686775	0.0038261606867366	0.0046409629700059	0.0049184747676105	0.0010583519080591	0.0009926462609058	0.0014137739384945	0.0006828547542003	0.0007072036024876	0.0011056985927611	0.005040428995904	0.0
K19658	ECH2; peroxisomal enoyl-CoA hydratase 2 [EC:4.2.1.119]	3.4587040828581754e-09	1.534037043019622e-08	3.688873338520752e-09	7.227653351412272e-08	3.6168632985019524e-08	4.387094534243813e-08	4.6494259724233266e-08	1.0004582887561312e-08	9.383468503847914e-09	1.3364381397375836e-08	6.4550145717513555e-09	6.685183827413931e-09	1.0452150306248772e-08	4.764709100479312e-08	0.0
K19659	phaJ; enoyl-CoA hydratase [EC:4.2.1.119]	0.1048951324560688	0.1149811261288051	0.4186587519314858	0.011619147406286	0.0063470427265812	0.0062778307988186	0.007310285771805	0.031838908592618	0.0125814121846581	0.0052226121861977	0.0007008694568238	0.0007258606631799	0.0011348685314887	0.0061782770525977	9.529094231200843e-06
K19660	araDH; L-arabinose 1-dehydrogenase [NAD(P)+] [EC:1.1.1.376]	0.0	0.0033504507958812	0.0	0.0	0.0	0.0	0.0	0.0	0.0	0.0	0.0	0.0	0.0	0.0	0.0
K19661	hupT, hoxJ; two-component system, NtrC family, sensor histidine kinase HupT/HoxJ [EC:2.7.13.3]	0.0	0.0	1.0	0.0	3.0	0.0	13.0	0.0	1.0	6.0	0.0	5.0	0.0	5.0	0.0
K19664	carS; CDP-2,3-bis-(O-geranylgeranyl)-sn-glycerol synthase [EC:2.7.7.67]	0.0	0.0	0.0	0.0	0.0	0.0	0.0	0.0062494735999721	0.0	0.0	0.0	0.0	0.0	0.0	0.0
K19666	solR, cepR, tofR; LuxR family transcriptional regulator, quorum-sensing system regulator SolR	4.0	13.33	14.25	37.5	221.17	72.0	383.2500018727868	61.0	171.5	76.0	30.33	658.1108380558253	50.67	327.2643209095592	0.0
K19668	CBH2, cbhA; cellulose 1,4-beta-cellobiosidase [EC:3.2.1.91]	33.79509356326823	15.863456365345575	180.21817847251052	4.664438962054778	15.11703444896413	3.358831167088034	18.134524141446107	54.5106737010339	32.528921763577365	2.7446514448821007	23.952404227443157	0.295676426082389	15.35059745625012	0.2764852263490695	0.1399288454080652
K19669	pphA; phosphonopyruvate hydrolase [EC:3.11.1.3]	0.0	0.0	0.0	0.0	0.0	0.0	0.0	0.0	0.0	0.0	0.0	0.0	0.0	0.006291285944986	0.0
K19670	phnA; phosphonoacetate hydrolase [EC:3.11.1.2]	223.05921142804584	54.36258829342347	50.03414428367565	76.3181435806456	375.7101692505832	158.89002735213992	444.4469869036059	264.94674952373674	106.15703103292184	57.48828631612372	39.60587852363096	273.97578270222004	15.554767466275958	273.4770136390794	22.358050619212538
K19676	IFT172; intraflagellar transport protein 172	0.0169008726084617	0.0474707790789842	0.0032038981043655	0.0610013503763339	0.0294348098267918	0.0888502283512123	0.7552036600330845	0.0668159340774051	0.0458006697113174	0.034303676052983	0.0410404525190551	0.0856984854624896	0.0771638104314703	0.2414593769435391	0.0090314863642659
K19686	vapC; ribonuclease VapC [EC:3.1.-.-]	5.015709597765165	4.055774907710895	20.209533186151017	15.68450580013361	45.70293008539646	19.02739101554568	53.53518285528936	16.814547007278108	3.449566771770105	3.1231803816538948	4.72472998338057	26.327003015857407	31.39028146944514	141.91248783812583	2.2837311164026115
K19687	vapB; antitoxin VapB	3.610630277909626	2.970191456276698	13.647489653329664	9.814706316766705	42.74069949741077	8.531181737592172	47.22649834142173	7.762092196789798	2.864135022945681	2.1451729989629884	2.566455865345687	7.282814059822254	22.860090669708228	94.08010521841057	2.2266936429965263
K19688	bssR; biofilm regulator BssR	9.850000000000096	53.11000000000053	21.840000000000217	74.10000000000073	156.34000000000157	157.84000000000157	83.95000000000084	70.0300000000007	75.11000000000072	74.10000000000073	32.12000000000032	25.91000000000026	73.67000000000074	69.82000000000069	15.420000000000154
K19689	ampS, pepS, ampT; aminopeptidase [EC:3.4.11.-]	9511.251517589128	13864.058171541825	21985.194389905213	18958.022872547517	74727.62981994715	37404.63274591632	10499.702444019254	23708.58745145336	7676.101566037865	6441.617627587811	5241.235693322842	2204.265203536227	2226.811519548166	35872.33482794713	398.8777848874888
K19691	NIK1, TCSC; osomolarity two-component system, sensor histidine kinase NIK1 [EC:2.7.13.3]	0.0	0.0	0.0	0.0	0.0	0.0	0.0	0.0	0.0	0.0	0.0	0.0	0.0	0.0	0.002910138245389
K19694	chiS; two-component system, sensor histidine kinase ChiS	10.110851802884197	70.2881266538453	43.017167698092464	53.53848531905077	16.602125872882546	31.47323979920452	282.7133708000002	621.4291141832196	24.48732044263513	21.444897213809384	12.15733146631462	29.271629313664437	31.157743555840632	161.56049206984932	5.958446153059906
K19696	mtiP; 5'-methylthioinosine phosphorylase [EC:2.4.2.44]	0.0	0.1448728219855251	0.0	0.0	0.0	0.0	0.0	0.0	0.0	2.8	0.0	0.0	0.0	0.0	0.0442712075866352
K19697	pduW; propionate kinase [EC:2.7.2.15]	3.923217144692789e-06	1.7400561851874863e-05	4.18427881633044e-06	8.198307188888576e-05	4.102598027275589e-05	4.976269185820454e-05	5.27383100996056e-05	1.1348221179478475e-05	2.9400106436423488	1.5159180823710394e-05	7.321906888186002e-06	7.58298550948352e-06	1.1855845158694496e-05	5.404596342987256e-05	0.0
K19698	megDVI; TDP-megosamine glycosyltransferase auxiliary protein	0.0	0.0326354898648428	5.48349503007869e-06	0.0	1.4495800741974584e-05	0.0	2.319674080547484e-05	0.0	0.0	0.0	0.0	0.0	0.0	0.0	0.0
K19701	ywaD; aminopeptidase YwaD [EC:3.4.11.6 3.4.11.10]	114.13491262155736	98.75197286146354	44.15221188546048	67.82037609826101	598.5865659453867	637.4765041622778	240.1122189710396	208.01304516738924	34.29259994137233	41.364369513170246	60.28525179377082	207.3522342077916	70.71390688387024	84.81859251234606	1.0774586668218191
K19702	E3.4.11.24; aminopeptidase S [EC:3.4.11.24]	0.0	1.2530431311746215	517.5544519387116	1251.96	931.074387143976	380.48	47.65413264925019	0.0	0.0	106.51	49.57	93.78	38.18	5.36	7.32359426955944e-16
K19703	FA2H, SCS7; 4-hydroxysphinganine ceramide fatty acyl 2-hydroxylase [EC:1.14.18.6]	36.3952710609882	9.807947155370629	31.508492010941215	25.24771034840092	35.282920735369004	68.83356369997992	41.36240082736799	37.36453571509325	11.86131465789796	20.099402806786134	7.94940178960476	156.44888011845535	60.66297996251966	1.2018088141627894	2.179824284753744
K19706	FAH; dihydroceramide fatty acyl 2-hydroxylase [EC:1.14.18.7]	0.0	1.4266207415048092e-25	4.998459289292489e-22	0.0	1.3213592695353649e-21	0.0	2.1144901914641097e-21	0.0	0.0	0.0	0.0	0.0	0.0	0.0	3.2886764422417485e-05
K19707	rsbQ; sigma-B regulation protein RsbQ	0.2049979001525255	1.4360727538301483	7.701258187534995	10.753125983156758	32.015152605613835	71.46229670323395	105.78055842163376	5.27677599111337	6.827550970424298	18.03571741727762	0.3633444743292998	84.89823274651752	11.317279948029968	70.13021947999587	81.53914130540498
K19709	ydiF; acetate CoA-transferase [EC:2.8.3.8]	133.99774688981094	296.3230254654279	94.612976007578	111.67334310299805	211.94840378636775	235.4858506497412	128.20679950289005	327.4165763630824	124.08303594828428	133.57994463583816	36.1377498804256	39.78183103396371	88.26288232339255	95.73696068082847	22.13517338380879
K19710	E2.7.7.53; ATP adenylyltransferase [EC:2.7.7.53]	52.33300315302084	35.349357423444665	581.1746073181712	1349.5471120347488	1105.5967886494127	709.3296977594548	125.42542063818176	289.16954340514	28.73777082632023	184.0559905113592	82.73505695653989	182.8066518205792	128.44488634769658	22.425039339402296	18.903169278373408
K19711	E1.1.1.387; L-serine 3-dehydrogenase (NAD+) [EC:1.1.1.387]	0.0	4.384359300707088e-25	0.0	0.0	0.0	0.0	0.0	0.0	0.0	0.0	0.0	0.0	0.0	0.0	0.0
K19713	tsdA; thiosulfate dehydrogenase [EC:1.8.2.2]	0.1762087092668735	15.541764259356173	2.3719459649854957	35.43678627824033	48.56383476483116	89.87248557232043	137.5588168880571	101.31086741786967	7.413547237349059	18.56606851311346	5.757941568102272	271.891534432504	2.097998381140325	157.7776901858666	1.8159703163612424
K19714	kdnB; 3-deoxy-alpha-D-manno-octulosonate 8-oxidase [EC:1.1.3.48]	0.0275218691586269	0.0656679892792238	0.1352062414088796	0.1791451078873125	0.3583028636924369	0.7025918344493229	0.1216856172679916	112.79589287091017	0.0473285084520138	0.1641826211158715	6.867378239073508	23.69850198391884	0.1936396216997144	0.0130400032640369	0.0487077485456552
K19715	kdnA; 8-amino-3,8-dideoxy-alpha-D-manno-octulosonate transaminase [EC:2.6.1.109]	0.0052290047322079	0.0231921730054021	0.0055780371639205	0.1092704812870053	0.0546839373369359	0.0663258095087901	0.07029634977353	0.2870630576046853	0.0141862963764255	0.0202047945793725	0.0097589453750611	0.0101069275740118	0.0158019734822716	0.072034744984603	0.1661044408560449
K19719	COL2A; collagen, type II, alpha	4.8349047531258105e-06	0.1565803511346612	3.1977518660297285e-06	1.3681266889508177e-06	8.522271060043239e-06	2.0030366301624616e-06	0.0004138645214244	4.926622409846536e-07	2.609223087618802e-06	1.9532262936949002e-07	1.5342565792119417e-05	5.008888840800952e-05	9.74237771348487e-06	7.917305405747564e-09	0.0
K19720	COL3A; collagen, type III, alpha	0.2317737580349912	1.1068378090442472	0.2480447370767867	4.843375839330838	2.425961722184923	2.939868120247489	3.119243754468166	0.6705142160883916	0.6288024955123007	0.895570371467981	0.4325617195412404	0.447985760479992	0.7004167162008115	3.192914188972991	0.0
K19721	COL5AS; collagen, type V/XI/XXIV/XXVII, alpha	0.1464345683488261	0.1701954858401224	0.0894335734966795	0.0643722127875684	0.2469898549555481	0.0743177966058416	12.421133261833294	0.0180262444185791	0.0814435593001898	0.0101699709269699	0.4632254920136449	1.507664040123416	0.296187399341568	0.0155655722790006	0.0
K19723	dcsB; Nomega-hydroxy-L-arginine amidinohydrolase [EC:3.5.3.25]	0.0	0.005822777719041	0.0	0.0	0.0	6.025048169556843	4.476784577194005e-11	0.0	0.0	2.5816897587652475e-11	0.0	0.0	0.0	3.6162213242722546e-11	0.0
K19724	dcsC; O-ureido-serine racemase [EC:5.1.1.19]	0.0	7.97547575265869e-05	0.0	0.0	0.0	0.0	0.0	0.0	0.0	0.0	0.0	0.0	0.0	0.0	0.0
K19725	dcsD; O-ureido-L-serine/cysteine synthase [EC:2.6.99.3 2.5.1.47]	0.0	7.975475752659909e-05	0.0	0.0	0.0	0.0	0.0	0.0	0.0	0.0	0.0	0.0	0.0	0.0	0.0
K19726	dcsE; serine/homoserine O-acetyltransferase [EC:2.3.1.30 2.3.1.31]	0.0	7.97547575265869e-05	0.0	0.0	0.0	0.0	0.0	0.0	0.0	0.0	0.0	0.0	0.0	0.0	0.0
K19727	dcsG; O-ureido-D-serine cyclo-ligase [EC:6.3.3.5]	0.0	7.975475752659909e-05	0.0	0.0	0.0	0.0	0.0	0.0	0.0	0.0	0.0	0.0	0.0	0.0	0.0
K19731	cciR; LuxR family transcriptional regulator, quorum-sensing system regulator CciR	0.0	0.0	0.0	0.0	0.0	6.025048169556843	15.330179364818171	0.2710170980916477	0.0	0.0	0.0	0.6232278779140227	0.0	1.486241871767236	0.0
K19732	traR; LuxR family transcriptional regulator, activator of conjugal transfer of Ti plasmids	0.0	0.0	0.0	0.0	0.0	0.0	0.0	0.0	0.0	0.0	0.0	6.212939285571256e-05	0.0	0.0001481629888552	0.0
K19734	expR; LuxR family transcriptional regulator, quorum-sensing system regulator ExpR	0.2997529335581707	0.842358916584045	0.9851310702067207	2.942539837939019	5.508042698850384	16.577258122127066	41.56602730379831	2.161132064463904	4.925384113573333	4.029725654252299	0.7277461172820469	19.93947615429839	1.954707191693358	10.682378757426436	0.1600440070769244
K19736	aefR; TetR/AcrR family transcriptional regulator, regulator of autoinduction and epiphytic fitness	244.7029393645841	99.32726760777108	87.86658089359537	91.97573888901132	280.1193758058018	199.601233549654	531.3758755909118	237.9337552572516	199.9051190802935	109.58131273475124	31.46371331340108	818.4279179670326	57.69902015374933	402.8476376105849	21.56065956648039
K19737	PRMT9; type II protein arginine methyltransferase [EC:2.1.1.320]	1.7151534057219232e-19	0.0243382494992974	0.843707796166535	3.5841557890110355e-18	2.2303695053235217	2.1755374126757447e-18	3.570731439475329	4.961220735093372e-19	4.653213335487054e-19	6.6273273804140615e-19	3.2010082277911834e-19	3.315147967209397e-19	5.183167095366431e-19	2.3627945164386682e-18	0.0007623269261864
K19741	dcsA; Nomega-hydroxy-L-arginine synthase [EC:1.14.-.-]	0.0	0.0001059268299914	0.0	0.0	0.0	0.0	0.0	0.0	0.0	0.0	0.0	0.0	0.0	0.0	0.0
K19742	lhpI; 1-pyrroline-2-carboxylate reductase [NAD(P)H] [EC:1.5.1.49]	0.0371179374995609	0.164628975826576	0.0395880557407676	0.7756534786997986	0.3881526220286262	0.4708118903082369	0.498964636808802	0.1073666533572919	0.1007010108731565	0.1434231612604935	0.0692735838895549	0.0717437021307616	0.1121698337033672	0.5113365305569347	0.0
K19743	lhpI; 1-piperideine-2-carboxylate/1-pyrroline-2-carboxylate reductase [NAD(P)H] [EC:1.5.1.1]	4.0	13.33	14.25	37.5	170.17000000000002	72.0	133.85654352953978	10.0	19.5	21.963255413667248	15.33	43.0	6.67	77.95212505831736	6.007730487643492e-06
K19744	dauB; L-arginine dehydrogenase [EC:1.4.1.25]	4.0	13.358669596003864	15.915428942609935	40.1627801558078	178.20253056260913	93.51772634577632	170.66431842068144	11.400653145540518	21.182836013689705	21.907416606994524	15.33	69.42514295277084	7.511418006844853	60.18120441005405	0.0
K19745	acuI; acrylyl-CoA reductase (NADPH) [EC:1.3.1.-]	21.428367247466127	72.03346914668242	71.47672512673148	141.66846551494095	361.9963351136634	244.93172851065947	303.2314351861454	93.22196990054712	99.08706510967662	104.56494427649488	49.9300033266064	76.8788878762738	92.45537438013956	310.9715327716042	36.859156043868296
K19746	dauA; D-arginine dehydrogenase [EC:1.4.99.6]	6.38381868532994e-14	5.462014165977345	1.6026142284470832	12.836047783427333	25.305486460935168	56.12869827300396	96.86394133800584	1.4970540363687737	6.824669306145204	14.661238702121404	1.1914185674760157e-13	153.43992205334013	0.8993291647051328	66.91522521870502	20.91163994617893
K19755	RSPH1; radial spoke head protein 1	0.0	0.0	0.0	0.0	0.0	0.0	0.0	0.0	0.0	0.0	0.0	0.0	0.0	0.0	1.724995810836597e-07
K19761	GGACT; gamma-glutamylaminecyclotransferase [EC:2.3.2.-]	2.660458676262303	6.347932650346452	13.069992302042287	17.3174341408912	34.63609091904172	67.91749975476606	11.762993071838055	11.20302520707329	4.575108624344456	15.87105426312544	1.6799035942943037	9.521898975519676	24.68187695119693	25.859153622780177	2.287554312172228
K19775	exuR; GntR family transcriptional regulator, hexuronate regulon transcriptional repressor	10.000005523604814	53.53175186293297	21.868662905273712	74.6458862726977	156.60350147569122	158.6305168471251	110.79928995861574	70.62275823862322	75.51650958345293	74.40493944240443	32.484113918181095	26.67715876515105	74.35447730043902	71.98047698696121	15.500022002949065
K19776	dgoR; GntR family transcriptional regulator, galactonate operon transcriptional repressor	10.210739097398823	55.05506126611192	22.639854938711643	76.81378346368048	162.06568810505414	163.6206151404498	87.02453512700643	72.59472680110048	77.7531005745455	76.81378346368048	33.296339066847736	26.858908630822693	76.36803546247425	72.37703591679043	15.9847306479076
K19777	hdeA; acid stress chaperone HdeA	9.85	53.11670090159651	21.84	74.1	156.34	157.84	83.95000000000009	70.03	72.17	74.10000000000005	32.12	25.91	73.67	69.82000000000006	15.42
K19778	hdeB; acid stress chaperone HdeB	9.85	53.11	21.84	74.1	156.34	157.84	83.95	70.03	73.76745262944574	74.1	32.12	25.91	73.67	69.82	15.42
K19779	ralR; endodeoxyribonuclease RalR [EC:3.1.-.-]	0.0898768133663421	0.4846048282118202	0.1992801628346103	0.6761291239031421	1.4265320813902462	1.440218905760755	0.7660059372694843	0.6389922071111612	0.6585187432130873	0.6761291239031421	0.2930805325204983	0.2364170796265912	0.6722055675835963	0.6370760516992898	0.140700554528832
K19780	ralA, rcbA; antisense regulator of RalR protein	0.0941050321072138	0.5074028685496574	0.2086552183981268	0.7079373481365018	1.4936427126539906	1.5079734282033124	0.8020423802437157	0.6690533399460085	0.6894984941297077	0.7079373481365018	0.3068683889628129	0.2475392265886203	0.7038292096790296	0.6670470397691033	0.1473197558470291
K19784	chrR, NQR; chromate reductase, NAD(P)H dehydrogenase (quinone)	1576.962628048202	1472.3245958941725	1567.0157473526772	2353.8370301828613	1996.4118175831863	1334.590632539457	1498.1525914236863	2818.6649115661075	1336.688769807411	895.6431716910836	263.27013810518827	1915.965957844508	1059.4184396399198	987.9304746036336	92.1905742411558
K19787	CARNMT1; carnosine N-methyltransferase [EC:2.1.1.22]	0.0	0.0	0.0	0.0	0.0	0.0	0.0	0.0	0.0	0.0	0.0	0.0	0.0	0.0	4.095886556483733e-06
K19789	radD; DNA repair protein RadD	954.081973814864	351.59266773573285	5969.349502619537	157.8971613047127	193.6809128600524	161.18998960650342	116.5922814803596	1611.807827114235	1339.622959959747	161.81373279176293	32.48411392262307	32.822635334890194	77.52909380503816	74.5422994354154	15.500382525934464
K19791	FET3_5; iron transport multicopper oxidase	0.0	7.910261024391844e-05	0.2771522700113486	0.0	0.7326612058975084	0.0	1.1724327889123611	0.0	0.0	0.0	0.0	0.0	0.0	0.0	0.0
